from_node,to_node,from_x,from_y,to_x,to_y,is_in_tour
0,1,434,320,571,1612,0
0,2,434,320,135,2521,0
0,3,434,320,1047,2342,0
0,4,434,320,1231,1324,0
0,5,434,320,675,751,0
0,6,434,320,1122,987,0
0,7,434,320,242,2916,0
0,8,434,320,1743,2319,0
0,9,434,320,2618,754,0
0,10,434,320,2910,1478,0
0,11,434,320,2108,832,0
0,12,434,320,2,1143,0
0,13,434,320,1115,2279,0
0,14,434,320,1977,415,0
0,15,434,320,2226,1439,0
0,16,434,320,2325,1601,0
0,17,434,320,2489,1612,0
0,18,434,320,488,2077,0
0,19,434,320,1366,798,0
0,20,434,320,190,1364,0
0,21,434,320,2898,1873,0
0,22,434,320,2802,484,0
0,23,434,320,1769,1361,0
0,24,434,320,1719,2907,0
0,25,434,320,203,816,0
0,26,434,320,1401,1966,0
0,27,434,320,565,2022,0
0,28,434,320,2418,1484,0
0,29,434,320,2744,2458,0
0,30,434,320,2840,2909,0
0,31,434,320,2633,2565,0
0,32,434,320,2705,1885,0
0,33,434,320,2153,2262,0
0,34,434,320,387,708,0
0,35,434,320,2510,1697,0
0,36,434,320,648,2898,0
0,37,434,320,652,1817,0
0,38,434,320,1578,698,0
0,39,434,320,2296,2101,0
0,40,434,320,1931,2689,0
0,41,434,320,526,1595,0
0,42,434,320,2293,1825,0
0,43,434,320,533,1404,0
0,44,434,320,2655,608,0
0,45,434,320,1891,927,0
0,46,434,320,362,551,0
0,47,434,320,517,432,0
0,48,434,320,554,2611,0
0,49,434,320,2495,1015,0
0,50,434,320,582,952,0
0,51,434,320,2325,1655,0
0,52,434,320,627,564,0
0,53,434,320,118,1718,0
0,54,434,320,1703,700,0
0,55,434,320,1698,1595,0
0,56,434,320,2867,2916,0
0,57,434,320,2436,1514,0
0,58,434,320,2012,2768,0
0,59,434,320,2307,1019,0
0,60,434,320,59,2441,0
0,61,434,320,1399,1108,0
0,62,434,320,2643,1912,0
0,63,434,320,2219,2119,0
0,64,434,320,2401,2202,0
0,65,434,320,387,1838,0
0,66,434,320,1601,1532,0
0,67,434,320,2837,72,0
0,68,434,320,1391,2951,0
0,69,434,320,595,1317,0
0,70,434,320,2920,540,0
0,71,434,320,2816,2465,0
0,72,434,320,2231,1907,0
0,73,434,320,1470,2429,0
0,74,434,320,2847,1382,0
0,75,434,320,1398,2370,0
0,76,434,320,1762,2756,0
0,77,434,320,95,1819,0
0,78,434,320,2814,2784,0
0,79,434,320,2728,847,0
0,80,434,320,1380,2542,0
0,81,434,320,1722,2778,0
0,82,434,320,2181,2634,0
0,83,434,320,2405,2720,0
0,84,434,320,2862,2797,0
0,85,434,320,598,2000,0
0,86,434,320,2675,1916,0
0,87,434,320,2094,513,0
0,88,434,320,89,2129,0
0,89,434,320,1347,973,0
0,90,434,320,1412,647,0
0,91,434,320,2716,1699,0
0,92,434,320,2679,301,0
0,93,434,320,2086,1982,0
0,94,434,320,750,2399,0
0,95,434,320,503,2249,0
0,96,434,320,1529,2820,0
0,97,434,320,116,1176,0
0,98,434,320,692,2813,0
0,99,434,320,231,639,0
0,100,434,320,2740,2598,0
0,101,434,320,224,2208,0
0,102,434,320,1683,724,0
0,103,434,320,1276,2330,0
0,104,434,320,107,933,0
0,105,434,320,1480,2153,0
0,106,434,320,891,1933,0
0,107,434,320,2849,2170,0
0,108,434,320,1226,2205,0
0,109,434,320,1117,460,0
0,110,434,320,1597,111,0
0,111,434,320,2174,2704,0
0,112,434,320,811,90,0
0,113,434,320,260,692,0
0,114,434,320,1967,1969,0
0,115,434,320,1133,2946,0
0,116,434,320,786,2901,0
0,117,434,320,312,1389,0
0,118,434,320,2476,340,0
0,119,434,320,2362,2436,0
0,120,434,320,1679,1396,0
0,121,434,320,2646,1977,0
0,122,434,320,1769,2613,0
0,123,434,320,636,2906,0
0,124,434,320,2503,2888,0
0,125,434,320,727,2051,0
0,126,434,320,339,2092,0
0,127,434,320,2559,1995,0
0,128,434,320,1491,2896,0
0,129,434,320,2256,1576,0
0,130,434,320,335,2848,0
0,131,434,320,1279,994,0
0,132,434,320,191,2042,0
0,133,434,320,2815,2594,0
0,134,434,320,1341,659,0
0,135,434,320,202,1952,0
0,136,434,320,2049,235,0
0,137,434,320,949,365,0
0,138,434,320,442,484,0
0,139,434,320,1496,989,0
0,140,434,320,1432,2260,0
0,141,434,320,378,1386,0
0,142,434,320,251,778,0
0,143,434,320,483,113,0
0,144,434,320,2426,100,0
0,145,434,320,2388,1563,0
0,146,434,320,2427,2993,0
0,147,434,320,1415,940,0
0,148,434,320,40,1221,0
0,149,434,320,415,137,0
0,150,434,320,256,2140,0
0,151,434,320,90,1522,0
0,152,434,320,1589,989,0
0,153,434,320,341,205,1
0,154,434,320,883,1339,0
0,155,434,320,280,1464,0
0,156,434,320,1201,2822,0
0,157,434,320,2942,1389,0
0,158,434,320,1138,2750,0
0,159,434,320,2639,1778,0
0,160,434,320,662,429,0
0,161,434,320,652,7,0
0,162,434,320,2034,2057,0
0,163,434,320,2854,2051,0
0,164,434,320,1441,1791,0
0,165,434,320,2428,256,0
0,166,434,320,112,2528,0
0,167,434,320,2873,2538,0
0,168,434,320,2900,823,0
0,169,434,320,263,2591,0
0,170,434,320,486,2698,0
0,171,434,320,568,150,0
0,172,434,320,1194,2604,0
0,173,434,320,1563,2193,0
0,174,434,320,882,2764,0
0,175,434,320,1800,2849,0
0,176,434,320,58,2694,0
0,177,434,320,2845,282,0
0,178,434,320,2776,2400,0
0,179,434,320,2493,1574,0
0,180,434,320,1075,1910,0
0,181,434,320,449,428,0
0,182,434,320,2039,1945,0
0,183,434,320,2887,271,0
0,184,434,320,1400,2901,0
0,185,434,320,2908,1118,0
0,186,434,320,1650,1604,0
0,187,434,320,2331,1718,0
0,188,434,320,1439,133,0
0,189,434,320,42,79,0
0,190,434,320,1558,1707,0
0,191,434,320,177,1143,0
0,192,434,320,2585,1501,0
0,193,434,320,888,374,0
0,194,434,320,263,2834,0
0,195,434,320,1595,2302,0
1,0,571,1612,434,320,0
1,2,571,1612,135,2521,0
1,3,571,1612,1047,2342,0
1,4,571,1612,1231,1324,0
1,5,571,1612,675,751,0
1,6,571,1612,1122,987,0
1,7,571,1612,242,2916,0
1,8,571,1612,1743,2319,0
1,9,571,1612,2618,754,0
1,10,571,1612,2910,1478,0
1,11,571,1612,2108,832,0
1,12,571,1612,2,1143,0
1,13,571,1612,1115,2279,0
1,14,571,1612,1977,415,0
1,15,571,1612,2226,1439,0
1,16,571,1612,2325,1601,0
1,17,571,1612,2489,1612,0
1,18,571,1612,488,2077,0
1,19,571,1612,1366,798,0
1,20,571,1612,190,1364,0
1,21,571,1612,2898,1873,0
1,22,571,1612,2802,484,0
1,23,571,1612,1769,1361,0
1,24,571,1612,1719,2907,0
1,25,571,1612,203,816,0
1,26,571,1612,1401,1966,0
1,27,571,1612,565,2022,0
1,28,571,1612,2418,1484,0
1,29,571,1612,2744,2458,0
1,30,571,1612,2840,2909,0
1,31,571,1612,2633,2565,0
1,32,571,1612,2705,1885,0
1,33,571,1612,2153,2262,0
1,34,571,1612,387,708,0
1,35,571,1612,2510,1697,0
1,36,571,1612,648,2898,0
1,37,571,1612,652,1817,1
1,38,571,1612,1578,698,0
1,39,571,1612,2296,2101,0
1,40,571,1612,1931,2689,0
1,41,571,1612,526,1595,0
1,42,571,1612,2293,1825,0
1,43,571,1612,533,1404,0
1,44,571,1612,2655,608,0
1,45,571,1612,1891,927,0
1,46,571,1612,362,551,0
1,47,571,1612,517,432,0
1,48,571,1612,554,2611,0
1,49,571,1612,2495,1015,0
1,50,571,1612,582,952,0
1,51,571,1612,2325,1655,0
1,52,571,1612,627,564,0
1,53,571,1612,118,1718,0
1,54,571,1612,1703,700,0
1,55,571,1612,1698,1595,0
1,56,571,1612,2867,2916,0
1,57,571,1612,2436,1514,0
1,58,571,1612,2012,2768,0
1,59,571,1612,2307,1019,0
1,60,571,1612,59,2441,0
1,61,571,1612,1399,1108,0
1,62,571,1612,2643,1912,0
1,63,571,1612,2219,2119,0
1,64,571,1612,2401,2202,0
1,65,571,1612,387,1838,0
1,66,571,1612,1601,1532,0
1,67,571,1612,2837,72,0
1,68,571,1612,1391,2951,0
1,69,571,1612,595,1317,0
1,70,571,1612,2920,540,0
1,71,571,1612,2816,2465,0
1,72,571,1612,2231,1907,0
1,73,571,1612,1470,2429,0
1,74,571,1612,2847,1382,0
1,75,571,1612,1398,2370,0
1,76,571,1612,1762,2756,0
1,77,571,1612,95,1819,0
1,78,571,1612,2814,2784,0
1,79,571,1612,2728,847,0
1,80,571,1612,1380,2542,0
1,81,571,1612,1722,2778,0
1,82,571,1612,2181,2634,0
1,83,571,1612,2405,2720,0
1,84,571,1612,2862,2797,0
1,85,571,1612,598,2000,0
1,86,571,1612,2675,1916,0
1,87,571,1612,2094,513,0
1,88,571,1612,89,2129,0
1,89,571,1612,1347,973,0
1,90,571,1612,1412,647,0
1,91,571,1612,2716,1699,0
1,92,571,1612,2679,301,0
1,93,571,1612,2086,1982,0
1,94,571,1612,750,2399,0
1,95,571,1612,503,2249,0
1,96,571,1612,1529,2820,0
1,97,571,1612,116,1176,0
1,98,571,1612,692,2813,0
1,99,571,1612,231,639,0
1,100,571,1612,2740,2598,0
1,101,571,1612,224,2208,0
1,102,571,1612,1683,724,0
1,103,571,1612,1276,2330,0
1,104,571,1612,107,933,0
1,105,571,1612,1480,2153,0
1,106,571,1612,891,1933,0
1,107,571,1612,2849,2170,0
1,108,571,1612,1226,2205,0
1,109,571,1612,1117,460,0
1,110,571,1612,1597,111,0
1,111,571,1612,2174,2704,0
1,112,571,1612,811,90,0
1,113,571,1612,260,692,0
1,114,571,1612,1967,1969,0
1,115,571,1612,1133,2946,0
1,116,571,1612,786,2901,0
1,117,571,1612,312,1389,0
1,118,571,1612,2476,340,0
1,119,571,1612,2362,2436,0
1,120,571,1612,1679,1396,0
1,121,571,1612,2646,1977,0
1,122,571,1612,1769,2613,0
1,123,571,1612,636,2906,0
1,124,571,1612,2503,2888,0
1,125,571,1612,727,2051,0
1,126,571,1612,339,2092,0
1,127,571,1612,2559,1995,0
1,128,571,1612,1491,2896,0
1,129,571,1612,2256,1576,0
1,130,571,1612,335,2848,0
1,131,571,1612,1279,994,0
1,132,571,1612,191,2042,0
1,133,571,1612,2815,2594,0
1,134,571,1612,1341,659,0
1,135,571,1612,202,1952,0
1,136,571,1612,2049,235,0
1,137,571,1612,949,365,0
1,138,571,1612,442,484,0
1,139,571,1612,1496,989,0
1,140,571,1612,1432,2260,0
1,141,571,1612,378,1386,0
1,142,571,1612,251,778,0
1,143,571,1612,483,113,0
1,144,571,1612,2426,100,0
1,145,571,1612,2388,1563,0
1,146,571,1612,2427,2993,0
1,147,571,1612,1415,940,0
1,148,571,1612,40,1221,0
1,149,571,1612,415,137,0
1,150,571,1612,256,2140,0
1,151,571,1612,90,1522,0
1,152,571,1612,1589,989,0
1,153,571,1612,341,205,0
1,154,571,1612,883,1339,0
1,155,571,1612,280,1464,0
1,156,571,1612,1201,2822,0
1,157,571,1612,2942,1389,0
1,158,571,1612,1138,2750,0
1,159,571,1612,2639,1778,0
1,160,571,1612,662,429,0
1,161,571,1612,652,7,0
1,162,571,1612,2034,2057,0
1,163,571,1612,2854,2051,0
1,164,571,1612,1441,1791,0
1,165,571,1612,2428,256,0
1,166,571,1612,112,2528,0
1,167,571,1612,2873,2538,0
1,168,571,1612,2900,823,0
1,169,571,1612,263,2591,0
1,170,571,1612,486,2698,0
1,171,571,1612,568,150,0
1,172,571,1612,1194,2604,0
1,173,571,1612,1563,2193,0
1,174,571,1612,882,2764,0
1,175,571,1612,1800,2849,0
1,176,571,1612,58,2694,0
1,177,571,1612,2845,282,0
1,178,571,1612,2776,2400,0
1,179,571,1612,2493,1574,0
1,180,571,1612,1075,1910,0
1,181,571,1612,449,428,0
1,182,571,1612,2039,1945,0
1,183,571,1612,2887,271,0
1,184,571,1612,1400,2901,0
1,185,571,1612,2908,1118,0
1,186,571,1612,1650,1604,0
1,187,571,1612,2331,1718,0
1,188,571,1612,1439,133,0
1,189,571,1612,42,79,0
1,190,571,1612,1558,1707,0
1,191,571,1612,177,1143,0
1,192,571,1612,2585,1501,0
1,193,571,1612,888,374,0
1,194,571,1612,263,2834,0
1,195,571,1612,1595,2302,0
2,0,135,2521,434,320,0
2,1,135,2521,571,1612,0
2,3,135,2521,1047,2342,0
2,4,135,2521,1231,1324,0
2,5,135,2521,675,751,0
2,6,135,2521,1122,987,0
2,7,135,2521,242,2916,0
2,8,135,2521,1743,2319,0
2,9,135,2521,2618,754,0
2,10,135,2521,2910,1478,0
2,11,135,2521,2108,832,0
2,12,135,2521,2,1143,0
2,13,135,2521,1115,2279,0
2,14,135,2521,1977,415,0
2,15,135,2521,2226,1439,0
2,16,135,2521,2325,1601,0
2,17,135,2521,2489,1612,0
2,18,135,2521,488,2077,0
2,19,135,2521,1366,798,0
2,20,135,2521,190,1364,0
2,21,135,2521,2898,1873,0
2,22,135,2521,2802,484,0
2,23,135,2521,1769,1361,0
2,24,135,2521,1719,2907,0
2,25,135,2521,203,816,0
2,26,135,2521,1401,1966,0
2,27,135,2521,565,2022,0
2,28,135,2521,2418,1484,0
2,29,135,2521,2744,2458,0
2,30,135,2521,2840,2909,0
2,31,135,2521,2633,2565,0
2,32,135,2521,2705,1885,0
2,33,135,2521,2153,2262,0
2,34,135,2521,387,708,0
2,35,135,2521,2510,1697,0
2,36,135,2521,648,2898,0
2,37,135,2521,652,1817,0
2,38,135,2521,1578,698,0
2,39,135,2521,2296,2101,0
2,40,135,2521,1931,2689,0
2,41,135,2521,526,1595,0
2,42,135,2521,2293,1825,0
2,43,135,2521,533,1404,0
2,44,135,2521,2655,608,0
2,45,135,2521,1891,927,0
2,46,135,2521,362,551,0
2,47,135,2521,517,432,0
2,48,135,2521,554,2611,0
2,49,135,2521,2495,1015,0
2,50,135,2521,582,952,0
2,51,135,2521,2325,1655,0
2,52,135,2521,627,564,0
2,53,135,2521,118,1718,0
2,54,135,2521,1703,700,0
2,55,135,2521,1698,1595,0
2,56,135,2521,2867,2916,0
2,57,135,2521,2436,1514,0
2,58,135,2521,2012,2768,0
2,59,135,2521,2307,1019,0
2,60,135,2521,59,2441,0
2,61,135,2521,1399,1108,0
2,62,135,2521,2643,1912,0
2,63,135,2521,2219,2119,0
2,64,135,2521,2401,2202,0
2,65,135,2521,387,1838,0
2,66,135,2521,1601,1532,0
2,67,135,2521,2837,72,0
2,68,135,2521,1391,2951,0
2,69,135,2521,595,1317,0
2,70,135,2521,2920,540,0
2,71,135,2521,2816,2465,0
2,72,135,2521,2231,1907,0
2,73,135,2521,1470,2429,0
2,74,135,2521,2847,1382,0
2,75,135,2521,1398,2370,0
2,76,135,2521,1762,2756,0
2,77,135,2521,95,1819,0
2,78,135,2521,2814,2784,0
2,79,135,2521,2728,847,0
2,80,135,2521,1380,2542,0
2,81,135,2521,1722,2778,0
2,82,135,2521,2181,2634,0
2,83,135,2521,2405,2720,0
2,84,135,2521,2862,2797,0
2,85,135,2521,598,2000,0
2,86,135,2521,2675,1916,0
2,87,135,2521,2094,513,0
2,88,135,2521,89,2129,0
2,89,135,2521,1347,973,0
2,90,135,2521,1412,647,0
2,91,135,2521,2716,1699,0
2,92,135,2521,2679,301,0
2,93,135,2521,2086,1982,0
2,94,135,2521,750,2399,0
2,95,135,2521,503,2249,0
2,96,135,2521,1529,2820,0
2,97,135,2521,116,1176,0
2,98,135,2521,692,2813,0
2,99,135,2521,231,639,0
2,100,135,2521,2740,2598,0
2,101,135,2521,224,2208,0
2,102,135,2521,1683,724,0
2,103,135,2521,1276,2330,0
2,104,135,2521,107,933,0
2,105,135,2521,1480,2153,0
2,106,135,2521,891,1933,0
2,107,135,2521,2849,2170,0
2,108,135,2521,1226,2205,0
2,109,135,2521,1117,460,0
2,110,135,2521,1597,111,0
2,111,135,2521,2174,2704,0
2,112,135,2521,811,90,0
2,113,135,2521,260,692,0
2,114,135,2521,1967,1969,0
2,115,135,2521,1133,2946,0
2,116,135,2521,786,2901,0
2,117,135,2521,312,1389,0
2,118,135,2521,2476,340,0
2,119,135,2521,2362,2436,0
2,120,135,2521,1679,1396,0
2,121,135,2521,2646,1977,0
2,122,135,2521,1769,2613,0
2,123,135,2521,636,2906,0
2,124,135,2521,2503,2888,0
2,125,135,2521,727,2051,0
2,126,135,2521,339,2092,0
2,127,135,2521,2559,1995,0
2,128,135,2521,1491,2896,0
2,129,135,2521,2256,1576,0
2,130,135,2521,335,2848,0
2,131,135,2521,1279,994,0
2,132,135,2521,191,2042,0
2,133,135,2521,2815,2594,0
2,134,135,2521,1341,659,0
2,135,135,2521,202,1952,0
2,136,135,2521,2049,235,0
2,137,135,2521,949,365,0
2,138,135,2521,442,484,0
2,139,135,2521,1496,989,0
2,140,135,2521,1432,2260,0
2,141,135,2521,378,1386,0
2,142,135,2521,251,778,0
2,143,135,2521,483,113,0
2,144,135,2521,2426,100,0
2,145,135,2521,2388,1563,0
2,146,135,2521,2427,2993,0
2,147,135,2521,1415,940,0
2,148,135,2521,40,1221,0
2,149,135,2521,415,137,0
2,150,135,2521,256,2140,0
2,151,135,2521,90,1522,0
2,152,135,2521,1589,989,0
2,153,135,2521,341,205,0
2,154,135,2521,883,1339,0
2,155,135,2521,280,1464,0
2,156,135,2521,1201,2822,0
2,157,135,2521,2942,1389,0
2,158,135,2521,1138,2750,0
2,159,135,2521,2639,1778,0
2,160,135,2521,662,429,0
2,161,135,2521,652,7,0
2,162,135,2521,2034,2057,0
2,163,135,2521,2854,2051,0
2,164,135,2521,1441,1791,0
2,165,135,2521,2428,256,0
2,166,135,2521,112,2528,1
2,167,135,2521,2873,2538,0
2,168,135,2521,2900,823,0
2,169,135,2521,263,2591,0
2,170,135,2521,486,2698,0
2,171,135,2521,568,150,0
2,172,135,2521,1194,2604,0
2,173,135,2521,1563,2193,0
2,174,135,2521,882,2764,0
2,175,135,2521,1800,2849,0
2,176,135,2521,58,2694,0
2,177,135,2521,2845,282,0
2,178,135,2521,2776,2400,0
2,179,135,2521,2493,1574,0
2,180,135,2521,1075,1910,0
2,181,135,2521,449,428,0
2,182,135,2521,2039,1945,0
2,183,135,2521,2887,271,0
2,184,135,2521,1400,2901,0
2,185,135,2521,2908,1118,0
2,186,135,2521,1650,1604,0
2,187,135,2521,2331,1718,0
2,188,135,2521,1439,133,0
2,189,135,2521,42,79,0
2,190,135,2521,1558,1707,0
2,191,135,2521,177,1143,0
2,192,135,2521,2585,1501,0
2,193,135,2521,888,374,0
2,194,135,2521,263,2834,0
2,195,135,2521,1595,2302,0
3,0,1047,2342,434,320,0
3,1,1047,2342,571,1612,0
3,2,1047,2342,135,2521,0
3,4,1047,2342,1231,1324,0
3,5,1047,2342,675,751,0
3,6,1047,2342,1122,987,0
3,7,1047,2342,242,2916,0
3,8,1047,2342,1743,2319,0
3,9,1047,2342,2618,754,0
3,10,1047,2342,2910,1478,0
3,11,1047,2342,2108,832,0
3,12,1047,2342,2,1143,0
3,13,1047,2342,1115,2279,0
3,14,1047,2342,1977,415,0
3,15,1047,2342,2226,1439,0
3,16,1047,2342,2325,1601,0
3,17,1047,2342,2489,1612,0
3,18,1047,2342,488,2077,0
3,19,1047,2342,1366,798,0
3,20,1047,2342,190,1364,0
3,21,1047,2342,2898,1873,0
3,22,1047,2342,2802,484,0
3,23,1047,2342,1769,1361,0
3,24,1047,2342,1719,2907,0
3,25,1047,2342,203,816,0
3,26,1047,2342,1401,1966,0
3,27,1047,2342,565,2022,0
3,28,1047,2342,2418,1484,0
3,29,1047,2342,2744,2458,0
3,30,1047,2342,2840,2909,0
3,31,1047,2342,2633,2565,0
3,32,1047,2342,2705,1885,0
3,33,1047,2342,2153,2262,0
3,34,1047,2342,387,708,0
3,35,1047,2342,2510,1697,0
3,36,1047,2342,648,2898,0
3,37,1047,2342,652,1817,0
3,38,1047,2342,1578,698,0
3,39,1047,2342,2296,2101,0
3,40,1047,2342,1931,2689,0
3,41,1047,2342,526,1595,0
3,42,1047,2342,2293,1825,0
3,43,1047,2342,533,1404,0
3,44,1047,2342,2655,608,0
3,45,1047,2342,1891,927,0
3,46,1047,2342,362,551,0
3,47,1047,2342,517,432,0
3,48,1047,2342,554,2611,0
3,49,1047,2342,2495,1015,0
3,50,1047,2342,582,952,0
3,51,1047,2342,2325,1655,0
3,52,1047,2342,627,564,0
3,53,1047,2342,118,1718,0
3,54,1047,2342,1703,700,0
3,55,1047,2342,1698,1595,0
3,56,1047,2342,2867,2916,0
3,57,1047,2342,2436,1514,0
3,58,1047,2342,2012,2768,0
3,59,1047,2342,2307,1019,0
3,60,1047,2342,59,2441,0
3,61,1047,2342,1399,1108,0
3,62,1047,2342,2643,1912,0
3,63,1047,2342,2219,2119,0
3,64,1047,2342,2401,2202,0
3,65,1047,2342,387,1838,0
3,66,1047,2342,1601,1532,0
3,67,1047,2342,2837,72,0
3,68,1047,2342,1391,2951,0
3,69,1047,2342,595,1317,0
3,70,1047,2342,2920,540,0
3,71,1047,2342,2816,2465,0
3,72,1047,2342,2231,1907,0
3,73,1047,2342,1470,2429,0
3,74,1047,2342,2847,1382,0
3,75,1047,2342,1398,2370,0
3,76,1047,2342,1762,2756,0
3,77,1047,2342,95,1819,0
3,78,1047,2342,2814,2784,0
3,79,1047,2342,2728,847,0
3,80,1047,2342,1380,2542,0
3,81,1047,2342,1722,2778,0
3,82,1047,2342,2181,2634,0
3,83,1047,2342,2405,2720,0
3,84,1047,2342,2862,2797,0
3,85,1047,2342,598,2000,0
3,86,1047,2342,2675,1916,0
3,87,1047,2342,2094,513,0
3,88,1047,2342,89,2129,0
3,89,1047,2342,1347,973,0
3,90,1047,2342,1412,647,0
3,91,1047,2342,2716,1699,0
3,92,1047,2342,2679,301,0
3,93,1047,2342,2086,1982,0
3,94,1047,2342,750,2399,1
3,95,1047,2342,503,2249,0
3,96,1047,2342,1529,2820,0
3,97,1047,2342,116,1176,0
3,98,1047,2342,692,2813,0
3,99,1047,2342,231,639,0
3,100,1047,2342,2740,2598,0
3,101,1047,2342,224,2208,0
3,102,1047,2342,1683,724,0
3,103,1047,2342,1276,2330,0
3,104,1047,2342,107,933,0
3,105,1047,2342,1480,2153,0
3,106,1047,2342,891,1933,0
3,107,1047,2342,2849,2170,0
3,108,1047,2342,1226,2205,0
3,109,1047,2342,1117,460,0
3,110,1047,2342,1597,111,0
3,111,1047,2342,2174,2704,0
3,112,1047,2342,811,90,0
3,113,1047,2342,260,692,0
3,114,1047,2342,1967,1969,0
3,115,1047,2342,1133,2946,0
3,116,1047,2342,786,2901,0
3,117,1047,2342,312,1389,0
3,118,1047,2342,2476,340,0
3,119,1047,2342,2362,2436,0
3,120,1047,2342,1679,1396,0
3,121,1047,2342,2646,1977,0
3,122,1047,2342,1769,2613,0
3,123,1047,2342,636,2906,0
3,124,1047,2342,2503,2888,0
3,125,1047,2342,727,2051,0
3,126,1047,2342,339,2092,0
3,127,1047,2342,2559,1995,0
3,128,1047,2342,1491,2896,0
3,129,1047,2342,2256,1576,0
3,130,1047,2342,335,2848,0
3,131,1047,2342,1279,994,0
3,132,1047,2342,191,2042,0
3,133,1047,2342,2815,2594,0
3,134,1047,2342,1341,659,0
3,135,1047,2342,202,1952,0
3,136,1047,2342,2049,235,0
3,137,1047,2342,949,365,0
3,138,1047,2342,442,484,0
3,139,1047,2342,1496,989,0
3,140,1047,2342,1432,2260,0
3,141,1047,2342,378,1386,0
3,142,1047,2342,251,778,0
3,143,1047,2342,483,113,0
3,144,1047,2342,2426,100,0
3,145,1047,2342,2388,1563,0
3,146,1047,2342,2427,2993,0
3,147,1047,2342,1415,940,0
3,148,1047,2342,40,1221,0
3,149,1047,2342,415,137,0
3,150,1047,2342,256,2140,0
3,151,1047,2342,90,1522,0
3,152,1047,2342,1589,989,0
3,153,1047,2342,341,205,0
3,154,1047,2342,883,1339,0
3,155,1047,2342,280,1464,0
3,156,1047,2342,1201,2822,0
3,157,1047,2342,2942,1389,0
3,158,1047,2342,1138,2750,0
3,159,1047,2342,2639,1778,0
3,160,1047,2342,662,429,0
3,161,1047,2342,652,7,0
3,162,1047,2342,2034,2057,0
3,163,1047,2342,2854,2051,0
3,164,1047,2342,1441,1791,0
3,165,1047,2342,2428,256,0
3,166,1047,2342,112,2528,0
3,167,1047,2342,2873,2538,0
3,168,1047,2342,2900,823,0
3,169,1047,2342,263,2591,0
3,170,1047,2342,486,2698,0
3,171,1047,2342,568,150,0
3,172,1047,2342,1194,2604,0
3,173,1047,2342,1563,2193,0
3,174,1047,2342,882,2764,0
3,175,1047,2342,1800,2849,0
3,176,1047,2342,58,2694,0
3,177,1047,2342,2845,282,0
3,178,1047,2342,2776,2400,0
3,179,1047,2342,2493,1574,0
3,180,1047,2342,1075,1910,0
3,181,1047,2342,449,428,0
3,182,1047,2342,2039,1945,0
3,183,1047,2342,2887,271,0
3,184,1047,2342,1400,2901,0
3,185,1047,2342,2908,1118,0
3,186,1047,2342,1650,1604,0
3,187,1047,2342,2331,1718,0
3,188,1047,2342,1439,133,0
3,189,1047,2342,42,79,0
3,190,1047,2342,1558,1707,0
3,191,1047,2342,177,1143,0
3,192,1047,2342,2585,1501,0
3,193,1047,2342,888,374,0
3,194,1047,2342,263,2834,0
3,195,1047,2342,1595,2302,0
4,0,1231,1324,434,320,0
4,1,1231,1324,571,1612,0
4,2,1231,1324,135,2521,0
4,3,1231,1324,1047,2342,0
4,5,1231,1324,675,751,0
4,6,1231,1324,1122,987,0
4,7,1231,1324,242,2916,0
4,8,1231,1324,1743,2319,0
4,9,1231,1324,2618,754,0
4,10,1231,1324,2910,1478,0
4,11,1231,1324,2108,832,0
4,12,1231,1324,2,1143,0
4,13,1231,1324,1115,2279,0
4,14,1231,1324,1977,415,0
4,15,1231,1324,2226,1439,0
4,16,1231,1324,2325,1601,0
4,17,1231,1324,2489,1612,0
4,18,1231,1324,488,2077,0
4,19,1231,1324,1366,798,0
4,20,1231,1324,190,1364,0
4,21,1231,1324,2898,1873,0
4,22,1231,1324,2802,484,0
4,23,1231,1324,1769,1361,0
4,24,1231,1324,1719,2907,0
4,25,1231,1324,203,816,0
4,26,1231,1324,1401,1966,0
4,27,1231,1324,565,2022,0
4,28,1231,1324,2418,1484,0
4,29,1231,1324,2744,2458,0
4,30,1231,1324,2840,2909,0
4,31,1231,1324,2633,2565,0
4,32,1231,1324,2705,1885,0
4,33,1231,1324,2153,2262,0
4,34,1231,1324,387,708,0
4,35,1231,1324,2510,1697,0
4,36,1231,1324,648,2898,0
4,37,1231,1324,652,1817,0
4,38,1231,1324,1578,698,0
4,39,1231,1324,2296,2101,0
4,40,1231,1324,1931,2689,0
4,41,1231,1324,526,1595,0
4,42,1231,1324,2293,1825,0
4,43,1231,1324,533,1404,0
4,44,1231,1324,2655,608,0
4,45,1231,1324,1891,927,0
4,46,1231,1324,362,551,0
4,47,1231,1324,517,432,0
4,48,1231,1324,554,2611,0
4,49,1231,1324,2495,1015,0
4,50,1231,1324,582,952,0
4,51,1231,1324,2325,1655,0
4,52,1231,1324,627,564,0
4,53,1231,1324,118,1718,0
4,54,1231,1324,1703,700,0
4,55,1231,1324,1698,1595,0
4,56,1231,1324,2867,2916,0
4,57,1231,1324,2436,1514,0
4,58,1231,1324,2012,2768,0
4,59,1231,1324,2307,1019,0
4,60,1231,1324,59,2441,0
4,61,1231,1324,1399,1108,0
4,62,1231,1324,2643,1912,0
4,63,1231,1324,2219,2119,0
4,64,1231,1324,2401,2202,0
4,65,1231,1324,387,1838,0
4,66,1231,1324,1601,1532,0
4,67,1231,1324,2837,72,0
4,68,1231,1324,1391,2951,0
4,69,1231,1324,595,1317,0
4,70,1231,1324,2920,540,0
4,71,1231,1324,2816,2465,0
4,72,1231,1324,2231,1907,0
4,73,1231,1324,1470,2429,0
4,74,1231,1324,2847,1382,0
4,75,1231,1324,1398,2370,0
4,76,1231,1324,1762,2756,0
4,77,1231,1324,95,1819,0
4,78,1231,1324,2814,2784,0
4,79,1231,1324,2728,847,0
4,80,1231,1324,1380,2542,0
4,81,1231,1324,1722,2778,0
4,82,1231,1324,2181,2634,0
4,83,1231,1324,2405,2720,0
4,84,1231,1324,2862,2797,0
4,85,1231,1324,598,2000,0
4,86,1231,1324,2675,1916,0
4,87,1231,1324,2094,513,0
4,88,1231,1324,89,2129,0
4,89,1231,1324,1347,973,0
4,90,1231,1324,1412,647,0
4,91,1231,1324,2716,1699,0
4,92,1231,1324,2679,301,0
4,93,1231,1324,2086,1982,0
4,94,1231,1324,750,2399,0
4,95,1231,1324,503,2249,0
4,96,1231,1324,1529,2820,0
4,97,1231,1324,116,1176,0
4,98,1231,1324,692,2813,0
4,99,1231,1324,231,639,0
4,100,1231,1324,2740,2598,0
4,101,1231,1324,224,2208,0
4,102,1231,1324,1683,724,0
4,103,1231,1324,1276,2330,0
4,104,1231,1324,107,933,0
4,105,1231,1324,1480,2153,0
4,106,1231,1324,891,1933,0
4,107,1231,1324,2849,2170,0
4,108,1231,1324,1226,2205,0
4,109,1231,1324,1117,460,0
4,110,1231,1324,1597,111,0
4,111,1231,1324,2174,2704,0
4,112,1231,1324,811,90,0
4,113,1231,1324,260,692,0
4,114,1231,1324,1967,1969,0
4,115,1231,1324,1133,2946,0
4,116,1231,1324,786,2901,0
4,117,1231,1324,312,1389,0
4,118,1231,1324,2476,340,0
4,119,1231,1324,2362,2436,0
4,120,1231,1324,1679,1396,0
4,121,1231,1324,2646,1977,0
4,122,1231,1324,1769,2613,0
4,123,1231,1324,636,2906,0
4,124,1231,1324,2503,2888,0
4,125,1231,1324,727,2051,0
4,126,1231,1324,339,2092,0
4,127,1231,1324,2559,1995,0
4,128,1231,1324,1491,2896,0
4,129,1231,1324,2256,1576,0
4,130,1231,1324,335,2848,0
4,131,1231,1324,1279,994,0
4,132,1231,1324,191,2042,0
4,133,1231,1324,2815,2594,0
4,134,1231,1324,1341,659,0
4,135,1231,1324,202,1952,0
4,136,1231,1324,2049,235,0
4,137,1231,1324,949,365,0
4,138,1231,1324,442,484,0
4,139,1231,1324,1496,989,0
4,140,1231,1324,1432,2260,0
4,141,1231,1324,378,1386,0
4,142,1231,1324,251,778,0
4,143,1231,1324,483,113,0
4,144,1231,1324,2426,100,0
4,145,1231,1324,2388,1563,0
4,146,1231,1324,2427,2993,0
4,147,1231,1324,1415,940,0
4,148,1231,1324,40,1221,0
4,149,1231,1324,415,137,0
4,150,1231,1324,256,2140,0
4,151,1231,1324,90,1522,0
4,152,1231,1324,1589,989,0
4,153,1231,1324,341,205,0
4,154,1231,1324,883,1339,1
4,155,1231,1324,280,1464,0
4,156,1231,1324,1201,2822,0
4,157,1231,1324,2942,1389,0
4,158,1231,1324,1138,2750,0
4,159,1231,1324,2639,1778,0
4,160,1231,1324,662,429,0
4,161,1231,1324,652,7,0
4,162,1231,1324,2034,2057,0
4,163,1231,1324,2854,2051,0
4,164,1231,1324,1441,1791,0
4,165,1231,1324,2428,256,0
4,166,1231,1324,112,2528,0
4,167,1231,1324,2873,2538,0
4,168,1231,1324,2900,823,0
4,169,1231,1324,263,2591,0
4,170,1231,1324,486,2698,0
4,171,1231,1324,568,150,0
4,172,1231,1324,1194,2604,0
4,173,1231,1324,1563,2193,0
4,174,1231,1324,882,2764,0
4,175,1231,1324,1800,2849,0
4,176,1231,1324,58,2694,0
4,177,1231,1324,2845,282,0
4,178,1231,1324,2776,2400,0
4,179,1231,1324,2493,1574,0
4,180,1231,1324,1075,1910,0
4,181,1231,1324,449,428,0
4,182,1231,1324,2039,1945,0
4,183,1231,1324,2887,271,0
4,184,1231,1324,1400,2901,0
4,185,1231,1324,2908,1118,0
4,186,1231,1324,1650,1604,0
4,187,1231,1324,2331,1718,0
4,188,1231,1324,1439,133,0
4,189,1231,1324,42,79,0
4,190,1231,1324,1558,1707,0
4,191,1231,1324,177,1143,0
4,192,1231,1324,2585,1501,0
4,193,1231,1324,888,374,0
4,194,1231,1324,263,2834,0
4,195,1231,1324,1595,2302,0
5,0,675,751,434,320,0
5,1,675,751,571,1612,0
5,2,675,751,135,2521,0
5,3,675,751,1047,2342,0
5,4,675,751,1231,1324,0
5,6,675,751,1122,987,0
5,7,675,751,242,2916,0
5,8,675,751,1743,2319,0
5,9,675,751,2618,754,0
5,10,675,751,2910,1478,0
5,11,675,751,2108,832,0
5,12,675,751,2,1143,0
5,13,675,751,1115,2279,0
5,14,675,751,1977,415,0
5,15,675,751,2226,1439,0
5,16,675,751,2325,1601,0
5,17,675,751,2489,1612,0
5,18,675,751,488,2077,0
5,19,675,751,1366,798,0
5,20,675,751,190,1364,0
5,21,675,751,2898,1873,0
5,22,675,751,2802,484,0
5,23,675,751,1769,1361,0
5,24,675,751,1719,2907,0
5,25,675,751,203,816,0
5,26,675,751,1401,1966,0
5,27,675,751,565,2022,0
5,28,675,751,2418,1484,0
5,29,675,751,2744,2458,0
5,30,675,751,2840,2909,0
5,31,675,751,2633,2565,0
5,32,675,751,2705,1885,0
5,33,675,751,2153,2262,0
5,34,675,751,387,708,0
5,35,675,751,2510,1697,0
5,36,675,751,648,2898,0
5,37,675,751,652,1817,0
5,38,675,751,1578,698,0
5,39,675,751,2296,2101,0
5,40,675,751,1931,2689,0
5,41,675,751,526,1595,0
5,42,675,751,2293,1825,0
5,43,675,751,533,1404,0
5,44,675,751,2655,608,0
5,45,675,751,1891,927,0
5,46,675,751,362,551,0
5,47,675,751,517,432,0
5,48,675,751,554,2611,0
5,49,675,751,2495,1015,0
5,50,675,751,582,952,0
5,51,675,751,2325,1655,0
5,52,675,751,627,564,1
5,53,675,751,118,1718,0
5,54,675,751,1703,700,0
5,55,675,751,1698,1595,0
5,56,675,751,2867,2916,0
5,57,675,751,2436,1514,0
5,58,675,751,2012,2768,0
5,59,675,751,2307,1019,0
5,60,675,751,59,2441,0
5,61,675,751,1399,1108,0
5,62,675,751,2643,1912,0
5,63,675,751,2219,2119,0
5,64,675,751,2401,2202,0
5,65,675,751,387,1838,0
5,66,675,751,1601,1532,0
5,67,675,751,2837,72,0
5,68,675,751,1391,2951,0
5,69,675,751,595,1317,0
5,70,675,751,2920,540,0
5,71,675,751,2816,2465,0
5,72,675,751,2231,1907,0
5,73,675,751,1470,2429,0
5,74,675,751,2847,1382,0
5,75,675,751,1398,2370,0
5,76,675,751,1762,2756,0
5,77,675,751,95,1819,0
5,78,675,751,2814,2784,0
5,79,675,751,2728,847,0
5,80,675,751,1380,2542,0
5,81,675,751,1722,2778,0
5,82,675,751,2181,2634,0
5,83,675,751,2405,2720,0
5,84,675,751,2862,2797,0
5,85,675,751,598,2000,0
5,86,675,751,2675,1916,0
5,87,675,751,2094,513,0
5,88,675,751,89,2129,0
5,89,675,751,1347,973,0
5,90,675,751,1412,647,0
5,91,675,751,2716,1699,0
5,92,675,751,2679,301,0
5,93,675,751,2086,1982,0
5,94,675,751,750,2399,0
5,95,675,751,503,2249,0
5,96,675,751,1529,2820,0
5,97,675,751,116,1176,0
5,98,675,751,692,2813,0
5,99,675,751,231,639,0
5,100,675,751,2740,2598,0
5,101,675,751,224,2208,0
5,102,675,751,1683,724,0
5,103,675,751,1276,2330,0
5,104,675,751,107,933,0
5,105,675,751,1480,2153,0
5,106,675,751,891,1933,0
5,107,675,751,2849,2170,0
5,108,675,751,1226,2205,0
5,109,675,751,1117,460,0
5,110,675,751,1597,111,0
5,111,675,751,2174,2704,0
5,112,675,751,811,90,0
5,113,675,751,260,692,0
5,114,675,751,1967,1969,0
5,115,675,751,1133,2946,0
5,116,675,751,786,2901,0
5,117,675,751,312,1389,0
5,118,675,751,2476,340,0
5,119,675,751,2362,2436,0
5,120,675,751,1679,1396,0
5,121,675,751,2646,1977,0
5,122,675,751,1769,2613,0
5,123,675,751,636,2906,0
5,124,675,751,2503,2888,0
5,125,675,751,727,2051,0
5,126,675,751,339,2092,0
5,127,675,751,2559,1995,0
5,128,675,751,1491,2896,0
5,129,675,751,2256,1576,0
5,130,675,751,335,2848,0
5,131,675,751,1279,994,0
5,132,675,751,191,2042,0
5,133,675,751,2815,2594,0
5,134,675,751,1341,659,0
5,135,675,751,202,1952,0
5,136,675,751,2049,235,0
5,137,675,751,949,365,0
5,138,675,751,442,484,0
5,139,675,751,1496,989,0
5,140,675,751,1432,2260,0
5,141,675,751,378,1386,0
5,142,675,751,251,778,0
5,143,675,751,483,113,0
5,144,675,751,2426,100,0
5,145,675,751,2388,1563,0
5,146,675,751,2427,2993,0
5,147,675,751,1415,940,0
5,148,675,751,40,1221,0
5,149,675,751,415,137,0
5,150,675,751,256,2140,0
5,151,675,751,90,1522,0
5,152,675,751,1589,989,0
5,153,675,751,341,205,0
5,154,675,751,883,1339,0
5,155,675,751,280,1464,0
5,156,675,751,1201,2822,0
5,157,675,751,2942,1389,0
5,158,675,751,1138,2750,0
5,159,675,751,2639,1778,0
5,160,675,751,662,429,0
5,161,675,751,652,7,0
5,162,675,751,2034,2057,0
5,163,675,751,2854,2051,0
5,164,675,751,1441,1791,0
5,165,675,751,2428,256,0
5,166,675,751,112,2528,0
5,167,675,751,2873,2538,0
5,168,675,751,2900,823,0
5,169,675,751,263,2591,0
5,170,675,751,486,2698,0
5,171,675,751,568,150,0
5,172,675,751,1194,2604,0
5,173,675,751,1563,2193,0
5,174,675,751,882,2764,0
5,175,675,751,1800,2849,0
5,176,675,751,58,2694,0
5,177,675,751,2845,282,0
5,178,675,751,2776,2400,0
5,179,675,751,2493,1574,0
5,180,675,751,1075,1910,0
5,181,675,751,449,428,0
5,182,675,751,2039,1945,0
5,183,675,751,2887,271,0
5,184,675,751,1400,2901,0
5,185,675,751,2908,1118,0
5,186,675,751,1650,1604,0
5,187,675,751,2331,1718,0
5,188,675,751,1439,133,0
5,189,675,751,42,79,0
5,190,675,751,1558,1707,0
5,191,675,751,177,1143,0
5,192,675,751,2585,1501,0
5,193,675,751,888,374,0
5,194,675,751,263,2834,0
5,195,675,751,1595,2302,0
6,0,1122,987,434,320,0
6,1,1122,987,571,1612,0
6,2,1122,987,135,2521,0
6,3,1122,987,1047,2342,0
6,4,1122,987,1231,1324,1
6,5,1122,987,675,751,0
6,7,1122,987,242,2916,0
6,8,1122,987,1743,2319,0
6,9,1122,987,2618,754,0
6,10,1122,987,2910,1478,0
6,11,1122,987,2108,832,0
6,12,1122,987,2,1143,0
6,13,1122,987,1115,2279,0
6,14,1122,987,1977,415,0
6,15,1122,987,2226,1439,0
6,16,1122,987,2325,1601,0
6,17,1122,987,2489,1612,0
6,18,1122,987,488,2077,0
6,19,1122,987,1366,798,0
6,20,1122,987,190,1364,0
6,21,1122,987,2898,1873,0
6,22,1122,987,2802,484,0
6,23,1122,987,1769,1361,0
6,24,1122,987,1719,2907,0
6,25,1122,987,203,816,0
6,26,1122,987,1401,1966,0
6,27,1122,987,565,2022,0
6,28,1122,987,2418,1484,0
6,29,1122,987,2744,2458,0
6,30,1122,987,2840,2909,0
6,31,1122,987,2633,2565,0
6,32,1122,987,2705,1885,0
6,33,1122,987,2153,2262,0
6,34,1122,987,387,708,0
6,35,1122,987,2510,1697,0
6,36,1122,987,648,2898,0
6,37,1122,987,652,1817,0
6,38,1122,987,1578,698,0
6,39,1122,987,2296,2101,0
6,40,1122,987,1931,2689,0
6,41,1122,987,526,1595,0
6,42,1122,987,2293,1825,0
6,43,1122,987,533,1404,0
6,44,1122,987,2655,608,0
6,45,1122,987,1891,927,0
6,46,1122,987,362,551,0
6,47,1122,987,517,432,0
6,48,1122,987,554,2611,0
6,49,1122,987,2495,1015,0
6,50,1122,987,582,952,0
6,51,1122,987,2325,1655,0
6,52,1122,987,627,564,0
6,53,1122,987,118,1718,0
6,54,1122,987,1703,700,0
6,55,1122,987,1698,1595,0
6,56,1122,987,2867,2916,0
6,57,1122,987,2436,1514,0
6,58,1122,987,2012,2768,0
6,59,1122,987,2307,1019,0
6,60,1122,987,59,2441,0
6,61,1122,987,1399,1108,0
6,62,1122,987,2643,1912,0
6,63,1122,987,2219,2119,0
6,64,1122,987,2401,2202,0
6,65,1122,987,387,1838,0
6,66,1122,987,1601,1532,0
6,67,1122,987,2837,72,0
6,68,1122,987,1391,2951,0
6,69,1122,987,595,1317,0
6,70,1122,987,2920,540,0
6,71,1122,987,2816,2465,0
6,72,1122,987,2231,1907,0
6,73,1122,987,1470,2429,0
6,74,1122,987,2847,1382,0
6,75,1122,987,1398,2370,0
6,76,1122,987,1762,2756,0
6,77,1122,987,95,1819,0
6,78,1122,987,2814,2784,0
6,79,1122,987,2728,847,0
6,80,1122,987,1380,2542,0
6,81,1122,987,1722,2778,0
6,82,1122,987,2181,2634,0
6,83,1122,987,2405,2720,0
6,84,1122,987,2862,2797,0
6,85,1122,987,598,2000,0
6,86,1122,987,2675,1916,0
6,87,1122,987,2094,513,0
6,88,1122,987,89,2129,0
6,89,1122,987,1347,973,0
6,90,1122,987,1412,647,0
6,91,1122,987,2716,1699,0
6,92,1122,987,2679,301,0
6,93,1122,987,2086,1982,0
6,94,1122,987,750,2399,0
6,95,1122,987,503,2249,0
6,96,1122,987,1529,2820,0
6,97,1122,987,116,1176,0
6,98,1122,987,692,2813,0
6,99,1122,987,231,639,0
6,100,1122,987,2740,2598,0
6,101,1122,987,224,2208,0
6,102,1122,987,1683,724,0
6,103,1122,987,1276,2330,0
6,104,1122,987,107,933,0
6,105,1122,987,1480,2153,0
6,106,1122,987,891,1933,0
6,107,1122,987,2849,2170,0
6,108,1122,987,1226,2205,0
6,109,1122,987,1117,460,0
6,110,1122,987,1597,111,0
6,111,1122,987,2174,2704,0
6,112,1122,987,811,90,0
6,113,1122,987,260,692,0
6,114,1122,987,1967,1969,0
6,115,1122,987,1133,2946,0
6,116,1122,987,786,2901,0
6,117,1122,987,312,1389,0
6,118,1122,987,2476,340,0
6,119,1122,987,2362,2436,0
6,120,1122,987,1679,1396,0
6,121,1122,987,2646,1977,0
6,122,1122,987,1769,2613,0
6,123,1122,987,636,2906,0
6,124,1122,987,2503,2888,0
6,125,1122,987,727,2051,0
6,126,1122,987,339,2092,0
6,127,1122,987,2559,1995,0
6,128,1122,987,1491,2896,0
6,129,1122,987,2256,1576,0
6,130,1122,987,335,2848,0
6,131,1122,987,1279,994,0
6,132,1122,987,191,2042,0
6,133,1122,987,2815,2594,0
6,134,1122,987,1341,659,0
6,135,1122,987,202,1952,0
6,136,1122,987,2049,235,0
6,137,1122,987,949,365,0
6,138,1122,987,442,484,0
6,139,1122,987,1496,989,0
6,140,1122,987,1432,2260,0
6,141,1122,987,378,1386,0
6,142,1122,987,251,778,0
6,143,1122,987,483,113,0
6,144,1122,987,2426,100,0
6,145,1122,987,2388,1563,0
6,146,1122,987,2427,2993,0
6,147,1122,987,1415,940,0
6,148,1122,987,40,1221,0
6,149,1122,987,415,137,0
6,150,1122,987,256,2140,0
6,151,1122,987,90,1522,0
6,152,1122,987,1589,989,0
6,153,1122,987,341,205,0
6,154,1122,987,883,1339,0
6,155,1122,987,280,1464,0
6,156,1122,987,1201,2822,0
6,157,1122,987,2942,1389,0
6,158,1122,987,1138,2750,0
6,159,1122,987,2639,1778,0
6,160,1122,987,662,429,0
6,161,1122,987,652,7,0
6,162,1122,987,2034,2057,0
6,163,1122,987,2854,2051,0
6,164,1122,987,1441,1791,0
6,165,1122,987,2428,256,0
6,166,1122,987,112,2528,0
6,167,1122,987,2873,2538,0
6,168,1122,987,2900,823,0
6,169,1122,987,263,2591,0
6,170,1122,987,486,2698,0
6,171,1122,987,568,150,0
6,172,1122,987,1194,2604,0
6,173,1122,987,1563,2193,0
6,174,1122,987,882,2764,0
6,175,1122,987,1800,2849,0
6,176,1122,987,58,2694,0
6,177,1122,987,2845,282,0
6,178,1122,987,2776,2400,0
6,179,1122,987,2493,1574,0
6,180,1122,987,1075,1910,0
6,181,1122,987,449,428,0
6,182,1122,987,2039,1945,0
6,183,1122,987,2887,271,0
6,184,1122,987,1400,2901,0
6,185,1122,987,2908,1118,0
6,186,1122,987,1650,1604,0
6,187,1122,987,2331,1718,0
6,188,1122,987,1439,133,0
6,189,1122,987,42,79,0
6,190,1122,987,1558,1707,0
6,191,1122,987,177,1143,0
6,192,1122,987,2585,1501,0
6,193,1122,987,888,374,0
6,194,1122,987,263,2834,0
6,195,1122,987,1595,2302,0
7,0,242,2916,434,320,0
7,1,242,2916,571,1612,0
7,2,242,2916,135,2521,0
7,3,242,2916,1047,2342,0
7,4,242,2916,1231,1324,0
7,5,242,2916,675,751,0
7,6,242,2916,1122,987,0
7,8,242,2916,1743,2319,0
7,9,242,2916,2618,754,0
7,10,242,2916,2910,1478,0
7,11,242,2916,2108,832,0
7,12,242,2916,2,1143,0
7,13,242,2916,1115,2279,0
7,14,242,2916,1977,415,0
7,15,242,2916,2226,1439,0
7,16,242,2916,2325,1601,0
7,17,242,2916,2489,1612,0
7,18,242,2916,488,2077,0
7,19,242,2916,1366,798,0
7,20,242,2916,190,1364,0
7,21,242,2916,2898,1873,0
7,22,242,2916,2802,484,0
7,23,242,2916,1769,1361,0
7,24,242,2916,1719,2907,0
7,25,242,2916,203,816,0
7,26,242,2916,1401,1966,0
7,27,242,2916,565,2022,0
7,28,242,2916,2418,1484,0
7,29,242,2916,2744,2458,0
7,30,242,2916,2840,2909,0
7,31,242,2916,2633,2565,0
7,32,242,2916,2705,1885,0
7,33,242,2916,2153,2262,0
7,34,242,2916,387,708,0
7,35,242,2916,2510,1697,0
7,36,242,2916,648,2898,0
7,37,242,2916,652,1817,0
7,38,242,2916,1578,698,0
7,39,242,2916,2296,2101,0
7,40,242,2916,1931,2689,0
7,41,242,2916,526,1595,0
7,42,242,2916,2293,1825,0
7,43,242,2916,533,1404,0
7,44,242,2916,2655,608,0
7,45,242,2916,1891,927,0
7,46,242,2916,362,551,0
7,47,242,2916,517,432,0
7,48,242,2916,554,2611,0
7,49,242,2916,2495,1015,0
7,50,242,2916,582,952,0
7,51,242,2916,2325,1655,0
7,52,242,2916,627,564,0
7,53,242,2916,118,1718,0
7,54,242,2916,1703,700,0
7,55,242,2916,1698,1595,0
7,56,242,2916,2867,2916,0
7,57,242,2916,2436,1514,0
7,58,242,2916,2012,2768,0
7,59,242,2916,2307,1019,0
7,60,242,2916,59,2441,0
7,61,242,2916,1399,1108,0
7,62,242,2916,2643,1912,0
7,63,242,2916,2219,2119,0
7,64,242,2916,2401,2202,0
7,65,242,2916,387,1838,0
7,66,242,2916,1601,1532,0
7,67,242,2916,2837,72,0
7,68,242,2916,1391,2951,0
7,69,242,2916,595,1317,0
7,70,242,2916,2920,540,0
7,71,242,2916,2816,2465,0
7,72,242,2916,2231,1907,0
7,73,242,2916,1470,2429,0
7,74,242,2916,2847,1382,0
7,75,242,2916,1398,2370,0
7,76,242,2916,1762,2756,0
7,77,242,2916,95,1819,0
7,78,242,2916,2814,2784,0
7,79,242,2916,2728,847,0
7,80,242,2916,1380,2542,0
7,81,242,2916,1722,2778,0
7,82,242,2916,2181,2634,0
7,83,242,2916,2405,2720,0
7,84,242,2916,2862,2797,0
7,85,242,2916,598,2000,0
7,86,242,2916,2675,1916,0
7,87,242,2916,2094,513,0
7,88,242,2916,89,2129,0
7,89,242,2916,1347,973,0
7,90,242,2916,1412,647,0
7,91,242,2916,2716,1699,0
7,92,242,2916,2679,301,0
7,93,242,2916,2086,1982,0
7,94,242,2916,750,2399,0
7,95,242,2916,503,2249,0
7,96,242,2916,1529,2820,0
7,97,242,2916,116,1176,0
7,98,242,2916,692,2813,0
7,99,242,2916,231,639,0
7,100,242,2916,2740,2598,0
7,101,242,2916,224,2208,0
7,102,242,2916,1683,724,0
7,103,242,2916,1276,2330,0
7,104,242,2916,107,933,0
7,105,242,2916,1480,2153,0
7,106,242,2916,891,1933,0
7,107,242,2916,2849,2170,0
7,108,242,2916,1226,2205,0
7,109,242,2916,1117,460,0
7,110,242,2916,1597,111,0
7,111,242,2916,2174,2704,0
7,112,242,2916,811,90,0
7,113,242,2916,260,692,0
7,114,242,2916,1967,1969,0
7,115,242,2916,1133,2946,0
7,116,242,2916,786,2901,0
7,117,242,2916,312,1389,0
7,118,242,2916,2476,340,0
7,119,242,2916,2362,2436,0
7,120,242,2916,1679,1396,0
7,121,242,2916,2646,1977,0
7,122,242,2916,1769,2613,0
7,123,242,2916,636,2906,0
7,124,242,2916,2503,2888,0
7,125,242,2916,727,2051,0
7,126,242,2916,339,2092,0
7,127,242,2916,2559,1995,0
7,128,242,2916,1491,2896,0
7,129,242,2916,2256,1576,0
7,130,242,2916,335,2848,0
7,131,242,2916,1279,994,0
7,132,242,2916,191,2042,0
7,133,242,2916,2815,2594,0
7,134,242,2916,1341,659,0
7,135,242,2916,202,1952,0
7,136,242,2916,2049,235,0
7,137,242,2916,949,365,0
7,138,242,2916,442,484,0
7,139,242,2916,1496,989,0
7,140,242,2916,1432,2260,0
7,141,242,2916,378,1386,0
7,142,242,2916,251,778,0
7,143,242,2916,483,113,0
7,144,242,2916,2426,100,0
7,145,242,2916,2388,1563,0
7,146,242,2916,2427,2993,0
7,147,242,2916,1415,940,0
7,148,242,2916,40,1221,0
7,149,242,2916,415,137,0
7,150,242,2916,256,2140,0
7,151,242,2916,90,1522,0
7,152,242,2916,1589,989,0
7,153,242,2916,341,205,0
7,154,242,2916,883,1339,0
7,155,242,2916,280,1464,0
7,156,242,2916,1201,2822,0
7,157,242,2916,2942,1389,0
7,158,242,2916,1138,2750,0
7,159,242,2916,2639,1778,0
7,160,242,2916,662,429,0
7,161,242,2916,652,7,0
7,162,242,2916,2034,2057,0
7,163,242,2916,2854,2051,0
7,164,242,2916,1441,1791,0
7,165,242,2916,2428,256,0
7,166,242,2916,112,2528,0
7,167,242,2916,2873,2538,0
7,168,242,2916,2900,823,0
7,169,242,2916,263,2591,0
7,170,242,2916,486,2698,0
7,171,242,2916,568,150,0
7,172,242,2916,1194,2604,0
7,173,242,2916,1563,2193,0
7,174,242,2916,882,2764,0
7,175,242,2916,1800,2849,0
7,176,242,2916,58,2694,1
7,177,242,2916,2845,282,0
7,178,242,2916,2776,2400,0
7,179,242,2916,2493,1574,0
7,180,242,2916,1075,1910,0
7,181,242,2916,449,428,0
7,182,242,2916,2039,1945,0
7,183,242,2916,2887,271,0
7,184,242,2916,1400,2901,0
7,185,242,2916,2908,1118,0
7,186,242,2916,1650,1604,0
7,187,242,2916,2331,1718,0
7,188,242,2916,1439,133,0
7,189,242,2916,42,79,0
7,190,242,2916,1558,1707,0
7,191,242,2916,177,1143,0
7,192,242,2916,2585,1501,0
7,193,242,2916,888,374,0
7,194,242,2916,263,2834,0
7,195,242,2916,1595,2302,0
8,0,1743,2319,434,320,0
8,1,1743,2319,571,1612,0
8,2,1743,2319,135,2521,0
8,3,1743,2319,1047,2342,0
8,4,1743,2319,1231,1324,0
8,5,1743,2319,675,751,0
8,6,1743,2319,1122,987,0
8,7,1743,2319,242,2916,0
8,9,1743,2319,2618,754,0
8,10,1743,2319,2910,1478,0
8,11,1743,2319,2108,832,0
8,12,1743,2319,2,1143,0
8,13,1743,2319,1115,2279,0
8,14,1743,2319,1977,415,0
8,15,1743,2319,2226,1439,0
8,16,1743,2319,2325,1601,0
8,17,1743,2319,2489,1612,0
8,18,1743,2319,488,2077,0
8,19,1743,2319,1366,798,0
8,20,1743,2319,190,1364,0
8,21,1743,2319,2898,1873,0
8,22,1743,2319,2802,484,0
8,23,1743,2319,1769,1361,0
8,24,1743,2319,1719,2907,0
8,25,1743,2319,203,816,0
8,26,1743,2319,1401,1966,0
8,27,1743,2319,565,2022,0
8,28,1743,2319,2418,1484,0
8,29,1743,2319,2744,2458,0
8,30,1743,2319,2840,2909,0
8,31,1743,2319,2633,2565,0
8,32,1743,2319,2705,1885,0
8,33,1743,2319,2153,2262,0
8,34,1743,2319,387,708,0
8,35,1743,2319,2510,1697,0
8,36,1743,2319,648,2898,0
8,37,1743,2319,652,1817,0
8,38,1743,2319,1578,698,0
8,39,1743,2319,2296,2101,0
8,40,1743,2319,1931,2689,0
8,41,1743,2319,526,1595,0
8,42,1743,2319,2293,1825,0
8,43,1743,2319,533,1404,0
8,44,1743,2319,2655,608,0
8,45,1743,2319,1891,927,0
8,46,1743,2319,362,551,0
8,47,1743,2319,517,432,0
8,48,1743,2319,554,2611,0
8,49,1743,2319,2495,1015,0
8,50,1743,2319,582,952,0
8,51,1743,2319,2325,1655,0
8,52,1743,2319,627,564,0
8,53,1743,2319,118,1718,0
8,54,1743,2319,1703,700,0
8,55,1743,2319,1698,1595,0
8,56,1743,2319,2867,2916,0
8,57,1743,2319,2436,1514,0
8,58,1743,2319,2012,2768,0
8,59,1743,2319,2307,1019,0
8,60,1743,2319,59,2441,0
8,61,1743,2319,1399,1108,0
8,62,1743,2319,2643,1912,0
8,63,1743,2319,2219,2119,0
8,64,1743,2319,2401,2202,0
8,65,1743,2319,387,1838,0
8,66,1743,2319,1601,1532,0
8,67,1743,2319,2837,72,0
8,68,1743,2319,1391,2951,0
8,69,1743,2319,595,1317,0
8,70,1743,2319,2920,540,0
8,71,1743,2319,2816,2465,0
8,72,1743,2319,2231,1907,0
8,73,1743,2319,1470,2429,0
8,74,1743,2319,2847,1382,0
8,75,1743,2319,1398,2370,0
8,76,1743,2319,1762,2756,0
8,77,1743,2319,95,1819,0
8,78,1743,2319,2814,2784,0
8,79,1743,2319,2728,847,0
8,80,1743,2319,1380,2542,0
8,81,1743,2319,1722,2778,0
8,82,1743,2319,2181,2634,0
8,83,1743,2319,2405,2720,0
8,84,1743,2319,2862,2797,0
8,85,1743,2319,598,2000,0
8,86,1743,2319,2675,1916,0
8,87,1743,2319,2094,513,0
8,88,1743,2319,89,2129,0
8,89,1743,2319,1347,973,0
8,90,1743,2319,1412,647,0
8,91,1743,2319,2716,1699,0
8,92,1743,2319,2679,301,0
8,93,1743,2319,2086,1982,0
8,94,1743,2319,750,2399,0
8,95,1743,2319,503,2249,0
8,96,1743,2319,1529,2820,0
8,97,1743,2319,116,1176,0
8,98,1743,2319,692,2813,0
8,99,1743,2319,231,639,0
8,100,1743,2319,2740,2598,0
8,101,1743,2319,224,2208,0
8,102,1743,2319,1683,724,0
8,103,1743,2319,1276,2330,0
8,104,1743,2319,107,933,0
8,105,1743,2319,1480,2153,0
8,106,1743,2319,891,1933,0
8,107,1743,2319,2849,2170,0
8,108,1743,2319,1226,2205,0
8,109,1743,2319,1117,460,0
8,110,1743,2319,1597,111,0
8,111,1743,2319,2174,2704,0
8,112,1743,2319,811,90,0
8,113,1743,2319,260,692,0
8,114,1743,2319,1967,1969,0
8,115,1743,2319,1133,2946,0
8,116,1743,2319,786,2901,0
8,117,1743,2319,312,1389,0
8,118,1743,2319,2476,340,0
8,119,1743,2319,2362,2436,0
8,120,1743,2319,1679,1396,0
8,121,1743,2319,2646,1977,0
8,122,1743,2319,1769,2613,0
8,123,1743,2319,636,2906,0
8,124,1743,2319,2503,2888,0
8,125,1743,2319,727,2051,0
8,126,1743,2319,339,2092,0
8,127,1743,2319,2559,1995,0
8,128,1743,2319,1491,2896,0
8,129,1743,2319,2256,1576,0
8,130,1743,2319,335,2848,0
8,131,1743,2319,1279,994,0
8,132,1743,2319,191,2042,0
8,133,1743,2319,2815,2594,0
8,134,1743,2319,1341,659,0
8,135,1743,2319,202,1952,0
8,136,1743,2319,2049,235,0
8,137,1743,2319,949,365,0
8,138,1743,2319,442,484,0
8,139,1743,2319,1496,989,0
8,140,1743,2319,1432,2260,0
8,141,1743,2319,378,1386,0
8,142,1743,2319,251,778,0
8,143,1743,2319,483,113,0
8,144,1743,2319,2426,100,0
8,145,1743,2319,2388,1563,0
8,146,1743,2319,2427,2993,0
8,147,1743,2319,1415,940,0
8,148,1743,2319,40,1221,0
8,149,1743,2319,415,137,0
8,150,1743,2319,256,2140,0
8,151,1743,2319,90,1522,0
8,152,1743,2319,1589,989,0
8,153,1743,2319,341,205,0
8,154,1743,2319,883,1339,0
8,155,1743,2319,280,1464,0
8,156,1743,2319,1201,2822,0
8,157,1743,2319,2942,1389,0
8,158,1743,2319,1138,2750,0
8,159,1743,2319,2639,1778,0
8,160,1743,2319,662,429,0
8,161,1743,2319,652,7,0
8,162,1743,2319,2034,2057,0
8,163,1743,2319,2854,2051,0
8,164,1743,2319,1441,1791,0
8,165,1743,2319,2428,256,0
8,166,1743,2319,112,2528,0
8,167,1743,2319,2873,2538,0
8,168,1743,2319,2900,823,0
8,169,1743,2319,263,2591,0
8,170,1743,2319,486,2698,0
8,171,1743,2319,568,150,0
8,172,1743,2319,1194,2604,0
8,173,1743,2319,1563,2193,1
8,174,1743,2319,882,2764,0
8,175,1743,2319,1800,2849,0
8,176,1743,2319,58,2694,0
8,177,1743,2319,2845,282,0
8,178,1743,2319,2776,2400,0
8,179,1743,2319,2493,1574,0
8,180,1743,2319,1075,1910,0
8,181,1743,2319,449,428,0
8,182,1743,2319,2039,1945,0
8,183,1743,2319,2887,271,0
8,184,1743,2319,1400,2901,0
8,185,1743,2319,2908,1118,0
8,186,1743,2319,1650,1604,0
8,187,1743,2319,2331,1718,0
8,188,1743,2319,1439,133,0
8,189,1743,2319,42,79,0
8,190,1743,2319,1558,1707,0
8,191,1743,2319,177,1143,0
8,192,1743,2319,2585,1501,0
8,193,1743,2319,888,374,0
8,194,1743,2319,263,2834,0
8,195,1743,2319,1595,2302,0
9,0,2618,754,434,320,0
9,1,2618,754,571,1612,0
9,2,2618,754,135,2521,0
9,3,2618,754,1047,2342,0
9,4,2618,754,1231,1324,0
9,5,2618,754,675,751,0
9,6,2618,754,1122,987,0
9,7,2618,754,242,2916,0
9,8,2618,754,1743,2319,0
9,10,2618,754,2910,1478,0
9,11,2618,754,2108,832,0
9,12,2618,754,2,1143,0
9,13,2618,754,1115,2279,0
9,14,2618,754,1977,415,0
9,15,2618,754,2226,1439,0
9,16,2618,754,2325,1601,0
9,17,2618,754,2489,1612,0
9,18,2618,754,488,2077,0
9,19,2618,754,1366,798,0
9,20,2618,754,190,1364,0
9,21,2618,754,2898,1873,0
9,22,2618,754,2802,484,0
9,23,2618,754,1769,1361,0
9,24,2618,754,1719,2907,0
9,25,2618,754,203,816,0
9,26,2618,754,1401,1966,0
9,27,2618,754,565,2022,0
9,28,2618,754,2418,1484,0
9,29,2618,754,2744,2458,0
9,30,2618,754,2840,2909,0
9,31,2618,754,2633,2565,0
9,32,2618,754,2705,1885,0
9,33,2618,754,2153,2262,0
9,34,2618,754,387,708,0
9,35,2618,754,2510,1697,0
9,36,2618,754,648,2898,0
9,37,2618,754,652,1817,0
9,38,2618,754,1578,698,0
9,39,2618,754,2296,2101,0
9,40,2618,754,1931,2689,0
9,41,2618,754,526,1595,0
9,42,2618,754,2293,1825,0
9,43,2618,754,533,1404,0
9,44,2618,754,2655,608,1
9,45,2618,754,1891,927,0
9,46,2618,754,362,551,0
9,47,2618,754,517,432,0
9,48,2618,754,554,2611,0
9,49,2618,754,2495,1015,0
9,50,2618,754,582,952,0
9,51,2618,754,2325,1655,0
9,52,2618,754,627,564,0
9,53,2618,754,118,1718,0
9,54,2618,754,1703,700,0
9,55,2618,754,1698,1595,0
9,56,2618,754,2867,2916,0
9,57,2618,754,2436,1514,0
9,58,2618,754,2012,2768,0
9,59,2618,754,2307,1019,0
9,60,2618,754,59,2441,0
9,61,2618,754,1399,1108,0
9,62,2618,754,2643,1912,0
9,63,2618,754,2219,2119,0
9,64,2618,754,2401,2202,0
9,65,2618,754,387,1838,0
9,66,2618,754,1601,1532,0
9,67,2618,754,2837,72,0
9,68,2618,754,1391,2951,0
9,69,2618,754,595,1317,0
9,70,2618,754,2920,540,0
9,71,2618,754,2816,2465,0
9,72,2618,754,2231,1907,0
9,73,2618,754,1470,2429,0
9,74,2618,754,2847,1382,0
9,75,2618,754,1398,2370,0
9,76,2618,754,1762,2756,0
9,77,2618,754,95,1819,0
9,78,2618,754,2814,2784,0
9,79,2618,754,2728,847,0
9,80,2618,754,1380,2542,0
9,81,2618,754,1722,2778,0
9,82,2618,754,2181,2634,0
9,83,2618,754,2405,2720,0
9,84,2618,754,2862,2797,0
9,85,2618,754,598,2000,0
9,86,2618,754,2675,1916,0
9,87,2618,754,2094,513,0
9,88,2618,754,89,2129,0
9,89,2618,754,1347,973,0
9,90,2618,754,1412,647,0
9,91,2618,754,2716,1699,0
9,92,2618,754,2679,301,0
9,93,2618,754,2086,1982,0
9,94,2618,754,750,2399,0
9,95,2618,754,503,2249,0
9,96,2618,754,1529,2820,0
9,97,2618,754,116,1176,0
9,98,2618,754,692,2813,0
9,99,2618,754,231,639,0
9,100,2618,754,2740,2598,0
9,101,2618,754,224,2208,0
9,102,2618,754,1683,724,0
9,103,2618,754,1276,2330,0
9,104,2618,754,107,933,0
9,105,2618,754,1480,2153,0
9,106,2618,754,891,1933,0
9,107,2618,754,2849,2170,0
9,108,2618,754,1226,2205,0
9,109,2618,754,1117,460,0
9,110,2618,754,1597,111,0
9,111,2618,754,2174,2704,0
9,112,2618,754,811,90,0
9,113,2618,754,260,692,0
9,114,2618,754,1967,1969,0
9,115,2618,754,1133,2946,0
9,116,2618,754,786,2901,0
9,117,2618,754,312,1389,0
9,118,2618,754,2476,340,0
9,119,2618,754,2362,2436,0
9,120,2618,754,1679,1396,0
9,121,2618,754,2646,1977,0
9,122,2618,754,1769,2613,0
9,123,2618,754,636,2906,0
9,124,2618,754,2503,2888,0
9,125,2618,754,727,2051,0
9,126,2618,754,339,2092,0
9,127,2618,754,2559,1995,0
9,128,2618,754,1491,2896,0
9,129,2618,754,2256,1576,0
9,130,2618,754,335,2848,0
9,131,2618,754,1279,994,0
9,132,2618,754,191,2042,0
9,133,2618,754,2815,2594,0
9,134,2618,754,1341,659,0
9,135,2618,754,202,1952,0
9,136,2618,754,2049,235,0
9,137,2618,754,949,365,0
9,138,2618,754,442,484,0
9,139,2618,754,1496,989,0
9,140,2618,754,1432,2260,0
9,141,2618,754,378,1386,0
9,142,2618,754,251,778,0
9,143,2618,754,483,113,0
9,144,2618,754,2426,100,0
9,145,2618,754,2388,1563,0
9,146,2618,754,2427,2993,0
9,147,2618,754,1415,940,0
9,148,2618,754,40,1221,0
9,149,2618,754,415,137,0
9,150,2618,754,256,2140,0
9,151,2618,754,90,1522,0
9,152,2618,754,1589,989,0
9,153,2618,754,341,205,0
9,154,2618,754,883,1339,0
9,155,2618,754,280,1464,0
9,156,2618,754,1201,2822,0
9,157,2618,754,2942,1389,0
9,158,2618,754,1138,2750,0
9,159,2618,754,2639,1778,0
9,160,2618,754,662,429,0
9,161,2618,754,652,7,0
9,162,2618,754,2034,2057,0
9,163,2618,754,2854,2051,0
9,164,2618,754,1441,1791,0
9,165,2618,754,2428,256,0
9,166,2618,754,112,2528,0
9,167,2618,754,2873,2538,0
9,168,2618,754,2900,823,0
9,169,2618,754,263,2591,0
9,170,2618,754,486,2698,0
9,171,2618,754,568,150,0
9,172,2618,754,1194,2604,0
9,173,2618,754,1563,2193,0
9,174,2618,754,882,2764,0
9,175,2618,754,1800,2849,0
9,176,2618,754,58,2694,0
9,177,2618,754,2845,282,0
9,178,2618,754,2776,2400,0
9,179,2618,754,2493,1574,0
9,180,2618,754,1075,1910,0
9,181,2618,754,449,428,0
9,182,2618,754,2039,1945,0
9,183,2618,754,2887,271,0
9,184,2618,754,1400,2901,0
9,185,2618,754,2908,1118,0
9,186,2618,754,1650,1604,0
9,187,2618,754,2331,1718,0
9,188,2618,754,1439,133,0
9,189,2618,754,42,79,0
9,190,2618,754,1558,1707,0
9,191,2618,754,177,1143,0
9,192,2618,754,2585,1501,0
9,193,2618,754,888,374,0
9,194,2618,754,263,2834,0
9,195,2618,754,1595,2302,0
10,0,2910,1478,434,320,0
10,1,2910,1478,571,1612,0
10,2,2910,1478,135,2521,0
10,3,2910,1478,1047,2342,0
10,4,2910,1478,1231,1324,0
10,5,2910,1478,675,751,0
10,6,2910,1478,1122,987,0
10,7,2910,1478,242,2916,0
10,8,2910,1478,1743,2319,0
10,9,2910,1478,2618,754,0
10,11,2910,1478,2108,832,0
10,12,2910,1478,2,1143,0
10,13,2910,1478,1115,2279,0
10,14,2910,1478,1977,415,0
10,15,2910,1478,2226,1439,0
10,16,2910,1478,2325,1601,0
10,17,2910,1478,2489,1612,0
10,18,2910,1478,488,2077,0
10,19,2910,1478,1366,798,0
10,20,2910,1478,190,1364,0
10,21,2910,1478,2898,1873,0
10,22,2910,1478,2802,484,0
10,23,2910,1478,1769,1361,0
10,24,2910,1478,1719,2907,0
10,25,2910,1478,203,816,0
10,26,2910,1478,1401,1966,0
10,27,2910,1478,565,2022,0
10,28,2910,1478,2418,1484,0
10,29,2910,1478,2744,2458,0
10,30,2910,1478,2840,2909,0
10,31,2910,1478,2633,2565,0
10,32,2910,1478,2705,1885,0
10,33,2910,1478,2153,2262,0
10,34,2910,1478,387,708,0
10,35,2910,1478,2510,1697,0
10,36,2910,1478,648,2898,0
10,37,2910,1478,652,1817,0
10,38,2910,1478,1578,698,0
10,39,2910,1478,2296,2101,0
10,40,2910,1478,1931,2689,0
10,41,2910,1478,526,1595,0
10,42,2910,1478,2293,1825,0
10,43,2910,1478,533,1404,0
10,44,2910,1478,2655,608,0
10,45,2910,1478,1891,927,0
10,46,2910,1478,362,551,0
10,47,2910,1478,517,432,0
10,48,2910,1478,554,2611,0
10,49,2910,1478,2495,1015,0
10,50,2910,1478,582,952,0
10,51,2910,1478,2325,1655,0
10,52,2910,1478,627,564,0
10,53,2910,1478,118,1718,0
10,54,2910,1478,1703,700,0
10,55,2910,1478,1698,1595,0
10,56,2910,1478,2867,2916,0
10,57,2910,1478,2436,1514,0
10,58,2910,1478,2012,2768,0
10,59,2910,1478,2307,1019,0
10,60,2910,1478,59,2441,0
10,61,2910,1478,1399,1108,0
10,62,2910,1478,2643,1912,0
10,63,2910,1478,2219,2119,0
10,64,2910,1478,2401,2202,0
10,65,2910,1478,387,1838,0
10,66,2910,1478,1601,1532,0
10,67,2910,1478,2837,72,0
10,68,2910,1478,1391,2951,0
10,69,2910,1478,595,1317,0
10,70,2910,1478,2920,540,0
10,71,2910,1478,2816,2465,0
10,72,2910,1478,2231,1907,0
10,73,2910,1478,1470,2429,0
10,74,2910,1478,2847,1382,0
10,75,2910,1478,1398,2370,0
10,76,2910,1478,1762,2756,0
10,77,2910,1478,95,1819,0
10,78,2910,1478,2814,2784,0
10,79,2910,1478,2728,847,0
10,80,2910,1478,1380,2542,0
10,81,2910,1478,1722,2778,0
10,82,2910,1478,2181,2634,0
10,83,2910,1478,2405,2720,0
10,84,2910,1478,2862,2797,0
10,85,2910,1478,598,2000,0
10,86,2910,1478,2675,1916,0
10,87,2910,1478,2094,513,0
10,88,2910,1478,89,2129,0
10,89,2910,1478,1347,973,0
10,90,2910,1478,1412,647,0
10,91,2910,1478,2716,1699,1
10,92,2910,1478,2679,301,0
10,93,2910,1478,2086,1982,0
10,94,2910,1478,750,2399,0
10,95,2910,1478,503,2249,0
10,96,2910,1478,1529,2820,0
10,97,2910,1478,116,1176,0
10,98,2910,1478,692,2813,0
10,99,2910,1478,231,639,0
10,100,2910,1478,2740,2598,0
10,101,2910,1478,224,2208,0
10,102,2910,1478,1683,724,0
10,103,2910,1478,1276,2330,0
10,104,2910,1478,107,933,0
10,105,2910,1478,1480,2153,0
10,106,2910,1478,891,1933,0
10,107,2910,1478,2849,2170,0
10,108,2910,1478,1226,2205,0
10,109,2910,1478,1117,460,0
10,110,2910,1478,1597,111,0
10,111,2910,1478,2174,2704,0
10,112,2910,1478,811,90,0
10,113,2910,1478,260,692,0
10,114,2910,1478,1967,1969,0
10,115,2910,1478,1133,2946,0
10,116,2910,1478,786,2901,0
10,117,2910,1478,312,1389,0
10,118,2910,1478,2476,340,0
10,119,2910,1478,2362,2436,0
10,120,2910,1478,1679,1396,0
10,121,2910,1478,2646,1977,0
10,122,2910,1478,1769,2613,0
10,123,2910,1478,636,2906,0
10,124,2910,1478,2503,2888,0
10,125,2910,1478,727,2051,0
10,126,2910,1478,339,2092,0
10,127,2910,1478,2559,1995,0
10,128,2910,1478,1491,2896,0
10,129,2910,1478,2256,1576,0
10,130,2910,1478,335,2848,0
10,131,2910,1478,1279,994,0
10,132,2910,1478,191,2042,0
10,133,2910,1478,2815,2594,0
10,134,2910,1478,1341,659,0
10,135,2910,1478,202,1952,0
10,136,2910,1478,2049,235,0
10,137,2910,1478,949,365,0
10,138,2910,1478,442,484,0
10,139,2910,1478,1496,989,0
10,140,2910,1478,1432,2260,0
10,141,2910,1478,378,1386,0
10,142,2910,1478,251,778,0
10,143,2910,1478,483,113,0
10,144,2910,1478,2426,100,0
10,145,2910,1478,2388,1563,0
10,146,2910,1478,2427,2993,0
10,147,2910,1478,1415,940,0
10,148,2910,1478,40,1221,0
10,149,2910,1478,415,137,0
10,150,2910,1478,256,2140,0
10,151,2910,1478,90,1522,0
10,152,2910,1478,1589,989,0
10,153,2910,1478,341,205,0
10,154,2910,1478,883,1339,0
10,155,2910,1478,280,1464,0
10,156,2910,1478,1201,2822,0
10,157,2910,1478,2942,1389,0
10,158,2910,1478,1138,2750,0
10,159,2910,1478,2639,1778,0
10,160,2910,1478,662,429,0
10,161,2910,1478,652,7,0
10,162,2910,1478,2034,2057,0
10,163,2910,1478,2854,2051,0
10,164,2910,1478,1441,1791,0
10,165,2910,1478,2428,256,0
10,166,2910,1478,112,2528,0
10,167,2910,1478,2873,2538,0
10,168,2910,1478,2900,823,0
10,169,2910,1478,263,2591,0
10,170,2910,1478,486,2698,0
10,171,2910,1478,568,150,0
10,172,2910,1478,1194,2604,0
10,173,2910,1478,1563,2193,0
10,174,2910,1478,882,2764,0
10,175,2910,1478,1800,2849,0
10,176,2910,1478,58,2694,0
10,177,2910,1478,2845,282,0
10,178,2910,1478,2776,2400,0
10,179,2910,1478,2493,1574,0
10,180,2910,1478,1075,1910,0
10,181,2910,1478,449,428,0
10,182,2910,1478,2039,1945,0
10,183,2910,1478,2887,271,0
10,184,2910,1478,1400,2901,0
10,185,2910,1478,2908,1118,0
10,186,2910,1478,1650,1604,0
10,187,2910,1478,2331,1718,0
10,188,2910,1478,1439,133,0
10,189,2910,1478,42,79,0
10,190,2910,1478,1558,1707,0
10,191,2910,1478,177,1143,0
10,192,2910,1478,2585,1501,0
10,193,2910,1478,888,374,0
10,194,2910,1478,263,2834,0
10,195,2910,1478,1595,2302,0
11,0,2108,832,434,320,0
11,1,2108,832,571,1612,0
11,2,2108,832,135,2521,0
11,3,2108,832,1047,2342,0
11,4,2108,832,1231,1324,0
11,5,2108,832,675,751,0
11,6,2108,832,1122,987,0
11,7,2108,832,242,2916,0
11,8,2108,832,1743,2319,0
11,9,2108,832,2618,754,0
11,10,2108,832,2910,1478,0
11,12,2108,832,2,1143,0
11,13,2108,832,1115,2279,0
11,14,2108,832,1977,415,0
11,15,2108,832,2226,1439,0
11,16,2108,832,2325,1601,0
11,17,2108,832,2489,1612,0
11,18,2108,832,488,2077,0
11,19,2108,832,1366,798,0
11,20,2108,832,190,1364,0
11,21,2108,832,2898,1873,0
11,22,2108,832,2802,484,0
11,23,2108,832,1769,1361,0
11,24,2108,832,1719,2907,0
11,25,2108,832,203,816,0
11,26,2108,832,1401,1966,0
11,27,2108,832,565,2022,0
11,28,2108,832,2418,1484,0
11,29,2108,832,2744,2458,0
11,30,2108,832,2840,2909,0
11,31,2108,832,2633,2565,0
11,32,2108,832,2705,1885,0
11,33,2108,832,2153,2262,0
11,34,2108,832,387,708,0
11,35,2108,832,2510,1697,0
11,36,2108,832,648,2898,0
11,37,2108,832,652,1817,0
11,38,2108,832,1578,698,0
11,39,2108,832,2296,2101,0
11,40,2108,832,1931,2689,0
11,41,2108,832,526,1595,0
11,42,2108,832,2293,1825,0
11,43,2108,832,533,1404,0
11,44,2108,832,2655,608,0
11,45,2108,832,1891,927,0
11,46,2108,832,362,551,0
11,47,2108,832,517,432,0
11,48,2108,832,554,2611,0
11,49,2108,832,2495,1015,0
11,50,2108,832,582,952,0
11,51,2108,832,2325,1655,0
11,52,2108,832,627,564,0
11,53,2108,832,118,1718,0
11,54,2108,832,1703,700,0
11,55,2108,832,1698,1595,0
11,56,2108,832,2867,2916,0
11,57,2108,832,2436,1514,0
11,58,2108,832,2012,2768,0
11,59,2108,832,2307,1019,1
11,60,2108,832,59,2441,0
11,61,2108,832,1399,1108,0
11,62,2108,832,2643,1912,0
11,63,2108,832,2219,2119,0
11,64,2108,832,2401,2202,0
11,65,2108,832,387,1838,0
11,66,2108,832,1601,1532,0
11,67,2108,832,2837,72,0
11,68,2108,832,1391,2951,0
11,69,2108,832,595,1317,0
11,70,2108,832,2920,540,0
11,71,2108,832,2816,2465,0
11,72,2108,832,2231,1907,0
11,73,2108,832,1470,2429,0
11,74,2108,832,2847,1382,0
11,75,2108,832,1398,2370,0
11,76,2108,832,1762,2756,0
11,77,2108,832,95,1819,0
11,78,2108,832,2814,2784,0
11,79,2108,832,2728,847,0
11,80,2108,832,1380,2542,0
11,81,2108,832,1722,2778,0
11,82,2108,832,2181,2634,0
11,83,2108,832,2405,2720,0
11,84,2108,832,2862,2797,0
11,85,2108,832,598,2000,0
11,86,2108,832,2675,1916,0
11,87,2108,832,2094,513,0
11,88,2108,832,89,2129,0
11,89,2108,832,1347,973,0
11,90,2108,832,1412,647,0
11,91,2108,832,2716,1699,0
11,92,2108,832,2679,301,0
11,93,2108,832,2086,1982,0
11,94,2108,832,750,2399,0
11,95,2108,832,503,2249,0
11,96,2108,832,1529,2820,0
11,97,2108,832,116,1176,0
11,98,2108,832,692,2813,0
11,99,2108,832,231,639,0
11,100,2108,832,2740,2598,0
11,101,2108,832,224,2208,0
11,102,2108,832,1683,724,0
11,103,2108,832,1276,2330,0
11,104,2108,832,107,933,0
11,105,2108,832,1480,2153,0
11,106,2108,832,891,1933,0
11,107,2108,832,2849,2170,0
11,108,2108,832,1226,2205,0
11,109,2108,832,1117,460,0
11,110,2108,832,1597,111,0
11,111,2108,832,2174,2704,0
11,112,2108,832,811,90,0
11,113,2108,832,260,692,0
11,114,2108,832,1967,1969,0
11,115,2108,832,1133,2946,0
11,116,2108,832,786,2901,0
11,117,2108,832,312,1389,0
11,118,2108,832,2476,340,0
11,119,2108,832,2362,2436,0
11,120,2108,832,1679,1396,0
11,121,2108,832,2646,1977,0
11,122,2108,832,1769,2613,0
11,123,2108,832,636,2906,0
11,124,2108,832,2503,2888,0
11,125,2108,832,727,2051,0
11,126,2108,832,339,2092,0
11,127,2108,832,2559,1995,0
11,128,2108,832,1491,2896,0
11,129,2108,832,2256,1576,0
11,130,2108,832,335,2848,0
11,131,2108,832,1279,994,0
11,132,2108,832,191,2042,0
11,133,2108,832,2815,2594,0
11,134,2108,832,1341,659,0
11,135,2108,832,202,1952,0
11,136,2108,832,2049,235,0
11,137,2108,832,949,365,0
11,138,2108,832,442,484,0
11,139,2108,832,1496,989,0
11,140,2108,832,1432,2260,0
11,141,2108,832,378,1386,0
11,142,2108,832,251,778,0
11,143,2108,832,483,113,0
11,144,2108,832,2426,100,0
11,145,2108,832,2388,1563,0
11,146,2108,832,2427,2993,0
11,147,2108,832,1415,940,0
11,148,2108,832,40,1221,0
11,149,2108,832,415,137,0
11,150,2108,832,256,2140,0
11,151,2108,832,90,1522,0
11,152,2108,832,1589,989,0
11,153,2108,832,341,205,0
11,154,2108,832,883,1339,0
11,155,2108,832,280,1464,0
11,156,2108,832,1201,2822,0
11,157,2108,832,2942,1389,0
11,158,2108,832,1138,2750,0
11,159,2108,832,2639,1778,0
11,160,2108,832,662,429,0
11,161,2108,832,652,7,0
11,162,2108,832,2034,2057,0
11,163,2108,832,2854,2051,0
11,164,2108,832,1441,1791,0
11,165,2108,832,2428,256,0
11,166,2108,832,112,2528,0
11,167,2108,832,2873,2538,0
11,168,2108,832,2900,823,0
11,169,2108,832,263,2591,0
11,170,2108,832,486,2698,0
11,171,2108,832,568,150,0
11,172,2108,832,1194,2604,0
11,173,2108,832,1563,2193,0
11,174,2108,832,882,2764,0
11,175,2108,832,1800,2849,0
11,176,2108,832,58,2694,0
11,177,2108,832,2845,282,0
11,178,2108,832,2776,2400,0
11,179,2108,832,2493,1574,0
11,180,2108,832,1075,1910,0
11,181,2108,832,449,428,0
11,182,2108,832,2039,1945,0
11,183,2108,832,2887,271,0
11,184,2108,832,1400,2901,0
11,185,2108,832,2908,1118,0
11,186,2108,832,1650,1604,0
11,187,2108,832,2331,1718,0
11,188,2108,832,1439,133,0
11,189,2108,832,42,79,0
11,190,2108,832,1558,1707,0
11,191,2108,832,177,1143,0
11,192,2108,832,2585,1501,0
11,193,2108,832,888,374,0
11,194,2108,832,263,2834,0
11,195,2108,832,1595,2302,0
12,0,2,1143,434,320,0
12,1,2,1143,571,1612,0
12,2,2,1143,135,2521,0
12,3,2,1143,1047,2342,0
12,4,2,1143,1231,1324,0
12,5,2,1143,675,751,0
12,6,2,1143,1122,987,0
12,7,2,1143,242,2916,0
12,8,2,1143,1743,2319,0
12,9,2,1143,2618,754,0
12,10,2,1143,2910,1478,0
12,11,2,1143,2108,832,0
12,13,2,1143,1115,2279,0
12,14,2,1143,1977,415,0
12,15,2,1143,2226,1439,0
12,16,2,1143,2325,1601,0
12,17,2,1143,2489,1612,0
12,18,2,1143,488,2077,0
12,19,2,1143,1366,798,0
12,20,2,1143,190,1364,0
12,21,2,1143,2898,1873,0
12,22,2,1143,2802,484,0
12,23,2,1143,1769,1361,0
12,24,2,1143,1719,2907,0
12,25,2,1143,203,816,0
12,26,2,1143,1401,1966,0
12,27,2,1143,565,2022,0
12,28,2,1143,2418,1484,0
12,29,2,1143,2744,2458,0
12,30,2,1143,2840,2909,0
12,31,2,1143,2633,2565,0
12,32,2,1143,2705,1885,0
12,33,2,1143,2153,2262,0
12,34,2,1143,387,708,0
12,35,2,1143,2510,1697,0
12,36,2,1143,648,2898,0
12,37,2,1143,652,1817,0
12,38,2,1143,1578,698,0
12,39,2,1143,2296,2101,0
12,40,2,1143,1931,2689,0
12,41,2,1143,526,1595,0
12,42,2,1143,2293,1825,0
12,43,2,1143,533,1404,0
12,44,2,1143,2655,608,0
12,45,2,1143,1891,927,0
12,46,2,1143,362,551,0
12,47,2,1143,517,432,0
12,48,2,1143,554,2611,0
12,49,2,1143,2495,1015,0
12,50,2,1143,582,952,0
12,51,2,1143,2325,1655,0
12,52,2,1143,627,564,0
12,53,2,1143,118,1718,0
12,54,2,1143,1703,700,0
12,55,2,1143,1698,1595,0
12,56,2,1143,2867,2916,0
12,57,2,1143,2436,1514,0
12,58,2,1143,2012,2768,0
12,59,2,1143,2307,1019,0
12,60,2,1143,59,2441,0
12,61,2,1143,1399,1108,0
12,62,2,1143,2643,1912,0
12,63,2,1143,2219,2119,0
12,64,2,1143,2401,2202,0
12,65,2,1143,387,1838,0
12,66,2,1143,1601,1532,0
12,67,2,1143,2837,72,0
12,68,2,1143,1391,2951,0
12,69,2,1143,595,1317,0
12,70,2,1143,2920,540,0
12,71,2,1143,2816,2465,0
12,72,2,1143,2231,1907,0
12,73,2,1143,1470,2429,0
12,74,2,1143,2847,1382,0
12,75,2,1143,1398,2370,0
12,76,2,1143,1762,2756,0
12,77,2,1143,95,1819,0
12,78,2,1143,2814,2784,0
12,79,2,1143,2728,847,0
12,80,2,1143,1380,2542,0
12,81,2,1143,1722,2778,0
12,82,2,1143,2181,2634,0
12,83,2,1143,2405,2720,0
12,84,2,1143,2862,2797,0
12,85,2,1143,598,2000,0
12,86,2,1143,2675,1916,0
12,87,2,1143,2094,513,0
12,88,2,1143,89,2129,0
12,89,2,1143,1347,973,0
12,90,2,1143,1412,647,0
12,91,2,1143,2716,1699,0
12,92,2,1143,2679,301,0
12,93,2,1143,2086,1982,0
12,94,2,1143,750,2399,0
12,95,2,1143,503,2249,0
12,96,2,1143,1529,2820,0
12,97,2,1143,116,1176,0
12,98,2,1143,692,2813,0
12,99,2,1143,231,639,0
12,100,2,1143,2740,2598,0
12,101,2,1143,224,2208,0
12,102,2,1143,1683,724,0
12,103,2,1143,1276,2330,0
12,104,2,1143,107,933,1
12,105,2,1143,1480,2153,0
12,106,2,1143,891,1933,0
12,107,2,1143,2849,2170,0
12,108,2,1143,1226,2205,0
12,109,2,1143,1117,460,0
12,110,2,1143,1597,111,0
12,111,2,1143,2174,2704,0
12,112,2,1143,811,90,0
12,113,2,1143,260,692,0
12,114,2,1143,1967,1969,0
12,115,2,1143,1133,2946,0
12,116,2,1143,786,2901,0
12,117,2,1143,312,1389,0
12,118,2,1143,2476,340,0
12,119,2,1143,2362,2436,0
12,120,2,1143,1679,1396,0
12,121,2,1143,2646,1977,0
12,122,2,1143,1769,2613,0
12,123,2,1143,636,2906,0
12,124,2,1143,2503,2888,0
12,125,2,1143,727,2051,0
12,126,2,1143,339,2092,0
12,127,2,1143,2559,1995,0
12,128,2,1143,1491,2896,0
12,129,2,1143,2256,1576,0
12,130,2,1143,335,2848,0
12,131,2,1143,1279,994,0
12,132,2,1143,191,2042,0
12,133,2,1143,2815,2594,0
12,134,2,1143,1341,659,0
12,135,2,1143,202,1952,0
12,136,2,1143,2049,235,0
12,137,2,1143,949,365,0
12,138,2,1143,442,484,0
12,139,2,1143,1496,989,0
12,140,2,1143,1432,2260,0
12,141,2,1143,378,1386,0
12,142,2,1143,251,778,0
12,143,2,1143,483,113,0
12,144,2,1143,2426,100,0
12,145,2,1143,2388,1563,0
12,146,2,1143,2427,2993,0
12,147,2,1143,1415,940,0
12,148,2,1143,40,1221,0
12,149,2,1143,415,137,0
12,150,2,1143,256,2140,0
12,151,2,1143,90,1522,0
12,152,2,1143,1589,989,0
12,153,2,1143,341,205,0
12,154,2,1143,883,1339,0
12,155,2,1143,280,1464,0
12,156,2,1143,1201,2822,0
12,157,2,1143,2942,1389,0
12,158,2,1143,1138,2750,0
12,159,2,1143,2639,1778,0
12,160,2,1143,662,429,0
12,161,2,1143,652,7,0
12,162,2,1143,2034,2057,0
12,163,2,1143,2854,2051,0
12,164,2,1143,1441,1791,0
12,165,2,1143,2428,256,0
12,166,2,1143,112,2528,0
12,167,2,1143,2873,2538,0
12,168,2,1143,2900,823,0
12,169,2,1143,263,2591,0
12,170,2,1143,486,2698,0
12,171,2,1143,568,150,0
12,172,2,1143,1194,2604,0
12,173,2,1143,1563,2193,0
12,174,2,1143,882,2764,0
12,175,2,1143,1800,2849,0
12,176,2,1143,58,2694,0
12,177,2,1143,2845,282,0
12,178,2,1143,2776,2400,0
12,179,2,1143,2493,1574,0
12,180,2,1143,1075,1910,0
12,181,2,1143,449,428,0
12,182,2,1143,2039,1945,0
12,183,2,1143,2887,271,0
12,184,2,1143,1400,2901,0
12,185,2,1143,2908,1118,0
12,186,2,1143,1650,1604,0
12,187,2,1143,2331,1718,0
12,188,2,1143,1439,133,0
12,189,2,1143,42,79,0
12,190,2,1143,1558,1707,0
12,191,2,1143,177,1143,0
12,192,2,1143,2585,1501,0
12,193,2,1143,888,374,0
12,194,2,1143,263,2834,0
12,195,2,1143,1595,2302,0
13,0,1115,2279,434,320,0
13,1,1115,2279,571,1612,0
13,2,1115,2279,135,2521,0
13,3,1115,2279,1047,2342,1
13,4,1115,2279,1231,1324,0
13,5,1115,2279,675,751,0
13,6,1115,2279,1122,987,0
13,7,1115,2279,242,2916,0
13,8,1115,2279,1743,2319,0
13,9,1115,2279,2618,754,0
13,10,1115,2279,2910,1478,0
13,11,1115,2279,2108,832,0
13,12,1115,2279,2,1143,0
13,14,1115,2279,1977,415,0
13,15,1115,2279,2226,1439,0
13,16,1115,2279,2325,1601,0
13,17,1115,2279,2489,1612,0
13,18,1115,2279,488,2077,0
13,19,1115,2279,1366,798,0
13,20,1115,2279,190,1364,0
13,21,1115,2279,2898,1873,0
13,22,1115,2279,2802,484,0
13,23,1115,2279,1769,1361,0
13,24,1115,2279,1719,2907,0
13,25,1115,2279,203,816,0
13,26,1115,2279,1401,1966,0
13,27,1115,2279,565,2022,0
13,28,1115,2279,2418,1484,0
13,29,1115,2279,2744,2458,0
13,30,1115,2279,2840,2909,0
13,31,1115,2279,2633,2565,0
13,32,1115,2279,2705,1885,0
13,33,1115,2279,2153,2262,0
13,34,1115,2279,387,708,0
13,35,1115,2279,2510,1697,0
13,36,1115,2279,648,2898,0
13,37,1115,2279,652,1817,0
13,38,1115,2279,1578,698,0
13,39,1115,2279,2296,2101,0
13,40,1115,2279,1931,2689,0
13,41,1115,2279,526,1595,0
13,42,1115,2279,2293,1825,0
13,43,1115,2279,533,1404,0
13,44,1115,2279,2655,608,0
13,45,1115,2279,1891,927,0
13,46,1115,2279,362,551,0
13,47,1115,2279,517,432,0
13,48,1115,2279,554,2611,0
13,49,1115,2279,2495,1015,0
13,50,1115,2279,582,952,0
13,51,1115,2279,2325,1655,0
13,52,1115,2279,627,564,0
13,53,1115,2279,118,1718,0
13,54,1115,2279,1703,700,0
13,55,1115,2279,1698,1595,0
13,56,1115,2279,2867,2916,0
13,57,1115,2279,2436,1514,0
13,58,1115,2279,2012,2768,0
13,59,1115,2279,2307,1019,0
13,60,1115,2279,59,2441,0
13,61,1115,2279,1399,1108,0
13,62,1115,2279,2643,1912,0
13,63,1115,2279,2219,2119,0
13,64,1115,2279,2401,2202,0
13,65,1115,2279,387,1838,0
13,66,1115,2279,1601,1532,0
13,67,1115,2279,2837,72,0
13,68,1115,2279,1391,2951,0
13,69,1115,2279,595,1317,0
13,70,1115,2279,2920,540,0
13,71,1115,2279,2816,2465,0
13,72,1115,2279,2231,1907,0
13,73,1115,2279,1470,2429,0
13,74,1115,2279,2847,1382,0
13,75,1115,2279,1398,2370,0
13,76,1115,2279,1762,2756,0
13,77,1115,2279,95,1819,0
13,78,1115,2279,2814,2784,0
13,79,1115,2279,2728,847,0
13,80,1115,2279,1380,2542,0
13,81,1115,2279,1722,2778,0
13,82,1115,2279,2181,2634,0
13,83,1115,2279,2405,2720,0
13,84,1115,2279,2862,2797,0
13,85,1115,2279,598,2000,0
13,86,1115,2279,2675,1916,0
13,87,1115,2279,2094,513,0
13,88,1115,2279,89,2129,0
13,89,1115,2279,1347,973,0
13,90,1115,2279,1412,647,0
13,91,1115,2279,2716,1699,0
13,92,1115,2279,2679,301,0
13,93,1115,2279,2086,1982,0
13,94,1115,2279,750,2399,0
13,95,1115,2279,503,2249,0
13,96,1115,2279,1529,2820,0
13,97,1115,2279,116,1176,0
13,98,1115,2279,692,2813,0
13,99,1115,2279,231,639,0
13,100,1115,2279,2740,2598,0
13,101,1115,2279,224,2208,0
13,102,1115,2279,1683,724,0
13,103,1115,2279,1276,2330,0
13,104,1115,2279,107,933,0
13,105,1115,2279,1480,2153,0
13,106,1115,2279,891,1933,0
13,107,1115,2279,2849,2170,0
13,108,1115,2279,1226,2205,0
13,109,1115,2279,1117,460,0
13,110,1115,2279,1597,111,0
13,111,1115,2279,2174,2704,0
13,112,1115,2279,811,90,0
13,113,1115,2279,260,692,0
13,114,1115,2279,1967,1969,0
13,115,1115,2279,1133,2946,0
13,116,1115,2279,786,2901,0
13,117,1115,2279,312,1389,0
13,118,1115,2279,2476,340,0
13,119,1115,2279,2362,2436,0
13,120,1115,2279,1679,1396,0
13,121,1115,2279,2646,1977,0
13,122,1115,2279,1769,2613,0
13,123,1115,2279,636,2906,0
13,124,1115,2279,2503,2888,0
13,125,1115,2279,727,2051,0
13,126,1115,2279,339,2092,0
13,127,1115,2279,2559,1995,0
13,128,1115,2279,1491,2896,0
13,129,1115,2279,2256,1576,0
13,130,1115,2279,335,2848,0
13,131,1115,2279,1279,994,0
13,132,1115,2279,191,2042,0
13,133,1115,2279,2815,2594,0
13,134,1115,2279,1341,659,0
13,135,1115,2279,202,1952,0
13,136,1115,2279,2049,235,0
13,137,1115,2279,949,365,0
13,138,1115,2279,442,484,0
13,139,1115,2279,1496,989,0
13,140,1115,2279,1432,2260,0
13,141,1115,2279,378,1386,0
13,142,1115,2279,251,778,0
13,143,1115,2279,483,113,0
13,144,1115,2279,2426,100,0
13,145,1115,2279,2388,1563,0
13,146,1115,2279,2427,2993,0
13,147,1115,2279,1415,940,0
13,148,1115,2279,40,1221,0
13,149,1115,2279,415,137,0
13,150,1115,2279,256,2140,0
13,151,1115,2279,90,1522,0
13,152,1115,2279,1589,989,0
13,153,1115,2279,341,205,0
13,154,1115,2279,883,1339,0
13,155,1115,2279,280,1464,0
13,156,1115,2279,1201,2822,0
13,157,1115,2279,2942,1389,0
13,158,1115,2279,1138,2750,0
13,159,1115,2279,2639,1778,0
13,160,1115,2279,662,429,0
13,161,1115,2279,652,7,0
13,162,1115,2279,2034,2057,0
13,163,1115,2279,2854,2051,0
13,164,1115,2279,1441,1791,0
13,165,1115,2279,2428,256,0
13,166,1115,2279,112,2528,0
13,167,1115,2279,2873,2538,0
13,168,1115,2279,2900,823,0
13,169,1115,2279,263,2591,0
13,170,1115,2279,486,2698,0
13,171,1115,2279,568,150,0
13,172,1115,2279,1194,2604,0
13,173,1115,2279,1563,2193,0
13,174,1115,2279,882,2764,0
13,175,1115,2279,1800,2849,0
13,176,1115,2279,58,2694,0
13,177,1115,2279,2845,282,0
13,178,1115,2279,2776,2400,0
13,179,1115,2279,2493,1574,0
13,180,1115,2279,1075,1910,0
13,181,1115,2279,449,428,0
13,182,1115,2279,2039,1945,0
13,183,1115,2279,2887,271,0
13,184,1115,2279,1400,2901,0
13,185,1115,2279,2908,1118,0
13,186,1115,2279,1650,1604,0
13,187,1115,2279,2331,1718,0
13,188,1115,2279,1439,133,0
13,189,1115,2279,42,79,0
13,190,1115,2279,1558,1707,0
13,191,1115,2279,177,1143,0
13,192,1115,2279,2585,1501,0
13,193,1115,2279,888,374,0
13,194,1115,2279,263,2834,0
13,195,1115,2279,1595,2302,0
14,0,1977,415,434,320,0
14,1,1977,415,571,1612,0
14,2,1977,415,135,2521,0
14,3,1977,415,1047,2342,0
14,4,1977,415,1231,1324,0
14,5,1977,415,675,751,0
14,6,1977,415,1122,987,0
14,7,1977,415,242,2916,0
14,8,1977,415,1743,2319,0
14,9,1977,415,2618,754,0
14,10,1977,415,2910,1478,0
14,11,1977,415,2108,832,0
14,12,1977,415,2,1143,0
14,13,1977,415,1115,2279,0
14,15,1977,415,2226,1439,0
14,16,1977,415,2325,1601,0
14,17,1977,415,2489,1612,0
14,18,1977,415,488,2077,0
14,19,1977,415,1366,798,0
14,20,1977,415,190,1364,0
14,21,1977,415,2898,1873,0
14,22,1977,415,2802,484,0
14,23,1977,415,1769,1361,0
14,24,1977,415,1719,2907,0
14,25,1977,415,203,816,0
14,26,1977,415,1401,1966,0
14,27,1977,415,565,2022,0
14,28,1977,415,2418,1484,0
14,29,1977,415,2744,2458,0
14,30,1977,415,2840,2909,0
14,31,1977,415,2633,2565,0
14,32,1977,415,2705,1885,0
14,33,1977,415,2153,2262,0
14,34,1977,415,387,708,0
14,35,1977,415,2510,1697,0
14,36,1977,415,648,2898,0
14,37,1977,415,652,1817,0
14,38,1977,415,1578,698,0
14,39,1977,415,2296,2101,0
14,40,1977,415,1931,2689,0
14,41,1977,415,526,1595,0
14,42,1977,415,2293,1825,0
14,43,1977,415,533,1404,0
14,44,1977,415,2655,608,0
14,45,1977,415,1891,927,0
14,46,1977,415,362,551,0
14,47,1977,415,517,432,0
14,48,1977,415,554,2611,0
14,49,1977,415,2495,1015,0
14,50,1977,415,582,952,0
14,51,1977,415,2325,1655,0
14,52,1977,415,627,564,0
14,53,1977,415,118,1718,0
14,54,1977,415,1703,700,0
14,55,1977,415,1698,1595,0
14,56,1977,415,2867,2916,0
14,57,1977,415,2436,1514,0
14,58,1977,415,2012,2768,0
14,59,1977,415,2307,1019,0
14,60,1977,415,59,2441,0
14,61,1977,415,1399,1108,0
14,62,1977,415,2643,1912,0
14,63,1977,415,2219,2119,0
14,64,1977,415,2401,2202,0
14,65,1977,415,387,1838,0
14,66,1977,415,1601,1532,0
14,67,1977,415,2837,72,0
14,68,1977,415,1391,2951,0
14,69,1977,415,595,1317,0
14,70,1977,415,2920,540,0
14,71,1977,415,2816,2465,0
14,72,1977,415,2231,1907,0
14,73,1977,415,1470,2429,0
14,74,1977,415,2847,1382,0
14,75,1977,415,1398,2370,0
14,76,1977,415,1762,2756,0
14,77,1977,415,95,1819,0
14,78,1977,415,2814,2784,0
14,79,1977,415,2728,847,0
14,80,1977,415,1380,2542,0
14,81,1977,415,1722,2778,0
14,82,1977,415,2181,2634,0
14,83,1977,415,2405,2720,0
14,84,1977,415,2862,2797,0
14,85,1977,415,598,2000,0
14,86,1977,415,2675,1916,0
14,87,1977,415,2094,513,1
14,88,1977,415,89,2129,0
14,89,1977,415,1347,973,0
14,90,1977,415,1412,647,0
14,91,1977,415,2716,1699,0
14,92,1977,415,2679,301,0
14,93,1977,415,2086,1982,0
14,94,1977,415,750,2399,0
14,95,1977,415,503,2249,0
14,96,1977,415,1529,2820,0
14,97,1977,415,116,1176,0
14,98,1977,415,692,2813,0
14,99,1977,415,231,639,0
14,100,1977,415,2740,2598,0
14,101,1977,415,224,2208,0
14,102,1977,415,1683,724,0
14,103,1977,415,1276,2330,0
14,104,1977,415,107,933,0
14,105,1977,415,1480,2153,0
14,106,1977,415,891,1933,0
14,107,1977,415,2849,2170,0
14,108,1977,415,1226,2205,0
14,109,1977,415,1117,460,0
14,110,1977,415,1597,111,0
14,111,1977,415,2174,2704,0
14,112,1977,415,811,90,0
14,113,1977,415,260,692,0
14,114,1977,415,1967,1969,0
14,115,1977,415,1133,2946,0
14,116,1977,415,786,2901,0
14,117,1977,415,312,1389,0
14,118,1977,415,2476,340,0
14,119,1977,415,2362,2436,0
14,120,1977,415,1679,1396,0
14,121,1977,415,2646,1977,0
14,122,1977,415,1769,2613,0
14,123,1977,415,636,2906,0
14,124,1977,415,2503,2888,0
14,125,1977,415,727,2051,0
14,126,1977,415,339,2092,0
14,127,1977,415,2559,1995,0
14,128,1977,415,1491,2896,0
14,129,1977,415,2256,1576,0
14,130,1977,415,335,2848,0
14,131,1977,415,1279,994,0
14,132,1977,415,191,2042,0
14,133,1977,415,2815,2594,0
14,134,1977,415,1341,659,0
14,135,1977,415,202,1952,0
14,136,1977,415,2049,235,0
14,137,1977,415,949,365,0
14,138,1977,415,442,484,0
14,139,1977,415,1496,989,0
14,140,1977,415,1432,2260,0
14,141,1977,415,378,1386,0
14,142,1977,415,251,778,0
14,143,1977,415,483,113,0
14,144,1977,415,2426,100,0
14,145,1977,415,2388,1563,0
14,146,1977,415,2427,2993,0
14,147,1977,415,1415,940,0
14,148,1977,415,40,1221,0
14,149,1977,415,415,137,0
14,150,1977,415,256,2140,0
14,151,1977,415,90,1522,0
14,152,1977,415,1589,989,0
14,153,1977,415,341,205,0
14,154,1977,415,883,1339,0
14,155,1977,415,280,1464,0
14,156,1977,415,1201,2822,0
14,157,1977,415,2942,1389,0
14,158,1977,415,1138,2750,0
14,159,1977,415,2639,1778,0
14,160,1977,415,662,429,0
14,161,1977,415,652,7,0
14,162,1977,415,2034,2057,0
14,163,1977,415,2854,2051,0
14,164,1977,415,1441,1791,0
14,165,1977,415,2428,256,0
14,166,1977,415,112,2528,0
14,167,1977,415,2873,2538,0
14,168,1977,415,2900,823,0
14,169,1977,415,263,2591,0
14,170,1977,415,486,2698,0
14,171,1977,415,568,150,0
14,172,1977,415,1194,2604,0
14,173,1977,415,1563,2193,0
14,174,1977,415,882,2764,0
14,175,1977,415,1800,2849,0
14,176,1977,415,58,2694,0
14,177,1977,415,2845,282,0
14,178,1977,415,2776,2400,0
14,179,1977,415,2493,1574,0
14,180,1977,415,1075,1910,0
14,181,1977,415,449,428,0
14,182,1977,415,2039,1945,0
14,183,1977,415,2887,271,0
14,184,1977,415,1400,2901,0
14,185,1977,415,2908,1118,0
14,186,1977,415,1650,1604,0
14,187,1977,415,2331,1718,0
14,188,1977,415,1439,133,0
14,189,1977,415,42,79,0
14,190,1977,415,1558,1707,0
14,191,1977,415,177,1143,0
14,192,1977,415,2585,1501,0
14,193,1977,415,888,374,0
14,194,1977,415,263,2834,0
14,195,1977,415,1595,2302,0
15,0,2226,1439,434,320,0
15,1,2226,1439,571,1612,0
15,2,2226,1439,135,2521,0
15,3,2226,1439,1047,2342,0
15,4,2226,1439,1231,1324,0
15,5,2226,1439,675,751,0
15,6,2226,1439,1122,987,0
15,7,2226,1439,242,2916,0
15,8,2226,1439,1743,2319,0
15,9,2226,1439,2618,754,0
15,10,2226,1439,2910,1478,0
15,11,2226,1439,2108,832,0
15,12,2226,1439,2,1143,0
15,13,2226,1439,1115,2279,0
15,14,2226,1439,1977,415,0
15,16,2226,1439,2325,1601,0
15,17,2226,1439,2489,1612,0
15,18,2226,1439,488,2077,0
15,19,2226,1439,1366,798,0
15,20,2226,1439,190,1364,0
15,21,2226,1439,2898,1873,0
15,22,2226,1439,2802,484,0
15,23,2226,1439,1769,1361,0
15,24,2226,1439,1719,2907,0
15,25,2226,1439,203,816,0
15,26,2226,1439,1401,1966,0
15,27,2226,1439,565,2022,0
15,28,2226,1439,2418,1484,0
15,29,2226,1439,2744,2458,0
15,30,2226,1439,2840,2909,0
15,31,2226,1439,2633,2565,0
15,32,2226,1439,2705,1885,0
15,33,2226,1439,2153,2262,0
15,34,2226,1439,387,708,0
15,35,2226,1439,2510,1697,0
15,36,2226,1439,648,2898,0
15,37,2226,1439,652,1817,0
15,38,2226,1439,1578,698,0
15,39,2226,1439,2296,2101,0
15,40,2226,1439,1931,2689,0
15,41,2226,1439,526,1595,0
15,42,2226,1439,2293,1825,0
15,43,2226,1439,533,1404,0
15,44,2226,1439,2655,608,0
15,45,2226,1439,1891,927,0
15,46,2226,1439,362,551,0
15,47,2226,1439,517,432,0
15,48,2226,1439,554,2611,0
15,49,2226,1439,2495,1015,0
15,50,2226,1439,582,952,0
15,51,2226,1439,2325,1655,0
15,52,2226,1439,627,564,0
15,53,2226,1439,118,1718,0
15,54,2226,1439,1703,700,0
15,55,2226,1439,1698,1595,0
15,56,2226,1439,2867,2916,0
15,57,2226,1439,2436,1514,0
15,58,2226,1439,2012,2768,0
15,59,2226,1439,2307,1019,0
15,60,2226,1439,59,2441,0
15,61,2226,1439,1399,1108,0
15,62,2226,1439,2643,1912,0
15,63,2226,1439,2219,2119,0
15,64,2226,1439,2401,2202,0
15,65,2226,1439,387,1838,0
15,66,2226,1439,1601,1532,0
15,67,2226,1439,2837,72,0
15,68,2226,1439,1391,2951,0
15,69,2226,1439,595,1317,0
15,70,2226,1439,2920,540,0
15,71,2226,1439,2816,2465,0
15,72,2226,1439,2231,1907,0
15,73,2226,1439,1470,2429,0
15,74,2226,1439,2847,1382,0
15,75,2226,1439,1398,2370,0
15,76,2226,1439,1762,2756,0
15,77,2226,1439,95,1819,0
15,78,2226,1439,2814,2784,0
15,79,2226,1439,2728,847,0
15,80,2226,1439,1380,2542,0
15,81,2226,1439,1722,2778,0
15,82,2226,1439,2181,2634,0
15,83,2226,1439,2405,2720,0
15,84,2226,1439,2862,2797,0
15,85,2226,1439,598,2000,0
15,86,2226,1439,2675,1916,0
15,87,2226,1439,2094,513,0
15,88,2226,1439,89,2129,0
15,89,2226,1439,1347,973,0
15,90,2226,1439,1412,647,0
15,91,2226,1439,2716,1699,0
15,92,2226,1439,2679,301,0
15,93,2226,1439,2086,1982,0
15,94,2226,1439,750,2399,0
15,95,2226,1439,503,2249,0
15,96,2226,1439,1529,2820,0
15,97,2226,1439,116,1176,0
15,98,2226,1439,692,2813,0
15,99,2226,1439,231,639,0
15,100,2226,1439,2740,2598,0
15,101,2226,1439,224,2208,0
15,102,2226,1439,1683,724,0
15,103,2226,1439,1276,2330,0
15,104,2226,1439,107,933,0
15,105,2226,1439,1480,2153,0
15,106,2226,1439,891,1933,0
15,107,2226,1439,2849,2170,0
15,108,2226,1439,1226,2205,0
15,109,2226,1439,1117,460,0
15,110,2226,1439,1597,111,0
15,111,2226,1439,2174,2704,0
15,112,2226,1439,811,90,0
15,113,2226,1439,260,692,0
15,114,2226,1439,1967,1969,0
15,115,2226,1439,1133,2946,0
15,116,2226,1439,786,2901,0
15,117,2226,1439,312,1389,0
15,118,2226,1439,2476,340,0
15,119,2226,1439,2362,2436,0
15,120,2226,1439,1679,1396,0
15,121,2226,1439,2646,1977,0
15,122,2226,1439,1769,2613,0
15,123,2226,1439,636,2906,0
15,124,2226,1439,2503,2888,0
15,125,2226,1439,727,2051,0
15,126,2226,1439,339,2092,0
15,127,2226,1439,2559,1995,0
15,128,2226,1439,1491,2896,0
15,129,2226,1439,2256,1576,1
15,130,2226,1439,335,2848,0
15,131,2226,1439,1279,994,0
15,132,2226,1439,191,2042,0
15,133,2226,1439,2815,2594,0
15,134,2226,1439,1341,659,0
15,135,2226,1439,202,1952,0
15,136,2226,1439,2049,235,0
15,137,2226,1439,949,365,0
15,138,2226,1439,442,484,0
15,139,2226,1439,1496,989,0
15,140,2226,1439,1432,2260,0
15,141,2226,1439,378,1386,0
15,142,2226,1439,251,778,0
15,143,2226,1439,483,113,0
15,144,2226,1439,2426,100,0
15,145,2226,1439,2388,1563,0
15,146,2226,1439,2427,2993,0
15,147,2226,1439,1415,940,0
15,148,2226,1439,40,1221,0
15,149,2226,1439,415,137,0
15,150,2226,1439,256,2140,0
15,151,2226,1439,90,1522,0
15,152,2226,1439,1589,989,0
15,153,2226,1439,341,205,0
15,154,2226,1439,883,1339,0
15,155,2226,1439,280,1464,0
15,156,2226,1439,1201,2822,0
15,157,2226,1439,2942,1389,0
15,158,2226,1439,1138,2750,0
15,159,2226,1439,2639,1778,0
15,160,2226,1439,662,429,0
15,161,2226,1439,652,7,0
15,162,2226,1439,2034,2057,0
15,163,2226,1439,2854,2051,0
15,164,2226,1439,1441,1791,0
15,165,2226,1439,2428,256,0
15,166,2226,1439,112,2528,0
15,167,2226,1439,2873,2538,0
15,168,2226,1439,2900,823,0
15,169,2226,1439,263,2591,0
15,170,2226,1439,486,2698,0
15,171,2226,1439,568,150,0
15,172,2226,1439,1194,2604,0
15,173,2226,1439,1563,2193,0
15,174,2226,1439,882,2764,0
15,175,2226,1439,1800,2849,0
15,176,2226,1439,58,2694,0
15,177,2226,1439,2845,282,0
15,178,2226,1439,2776,2400,0
15,179,2226,1439,2493,1574,0
15,180,2226,1439,1075,1910,0
15,181,2226,1439,449,428,0
15,182,2226,1439,2039,1945,0
15,183,2226,1439,2887,271,0
15,184,2226,1439,1400,2901,0
15,185,2226,1439,2908,1118,0
15,186,2226,1439,1650,1604,0
15,187,2226,1439,2331,1718,0
15,188,2226,1439,1439,133,0
15,189,2226,1439,42,79,0
15,190,2226,1439,1558,1707,0
15,191,2226,1439,177,1143,0
15,192,2226,1439,2585,1501,0
15,193,2226,1439,888,374,0
15,194,2226,1439,263,2834,0
15,195,2226,1439,1595,2302,0
16,0,2325,1601,434,320,0
16,1,2325,1601,571,1612,0
16,2,2325,1601,135,2521,0
16,3,2325,1601,1047,2342,0
16,4,2325,1601,1231,1324,0
16,5,2325,1601,675,751,0
16,6,2325,1601,1122,987,0
16,7,2325,1601,242,2916,0
16,8,2325,1601,1743,2319,0
16,9,2325,1601,2618,754,0
16,10,2325,1601,2910,1478,0
16,11,2325,1601,2108,832,0
16,12,2325,1601,2,1143,0
16,13,2325,1601,1115,2279,0
16,14,2325,1601,1977,415,0
16,15,2325,1601,2226,1439,0
16,17,2325,1601,2489,1612,0
16,18,2325,1601,488,2077,0
16,19,2325,1601,1366,798,0
16,20,2325,1601,190,1364,0
16,21,2325,1601,2898,1873,0
16,22,2325,1601,2802,484,0
16,23,2325,1601,1769,1361,0
16,24,2325,1601,1719,2907,0
16,25,2325,1601,203,816,0
16,26,2325,1601,1401,1966,0
16,27,2325,1601,565,2022,0
16,28,2325,1601,2418,1484,0
16,29,2325,1601,2744,2458,0
16,30,2325,1601,2840,2909,0
16,31,2325,1601,2633,2565,0
16,32,2325,1601,2705,1885,0
16,33,2325,1601,2153,2262,0
16,34,2325,1601,387,708,0
16,35,2325,1601,2510,1697,0
16,36,2325,1601,648,2898,0
16,37,2325,1601,652,1817,0
16,38,2325,1601,1578,698,0
16,39,2325,1601,2296,2101,0
16,40,2325,1601,1931,2689,0
16,41,2325,1601,526,1595,0
16,42,2325,1601,2293,1825,0
16,43,2325,1601,533,1404,0
16,44,2325,1601,2655,608,0
16,45,2325,1601,1891,927,0
16,46,2325,1601,362,551,0
16,47,2325,1601,517,432,0
16,48,2325,1601,554,2611,0
16,49,2325,1601,2495,1015,0
16,50,2325,1601,582,952,0
16,51,2325,1601,2325,1655,1
16,52,2325,1601,627,564,0
16,53,2325,1601,118,1718,0
16,54,2325,1601,1703,700,0
16,55,2325,1601,1698,1595,0
16,56,2325,1601,2867,2916,0
16,57,2325,1601,2436,1514,0
16,58,2325,1601,2012,2768,0
16,59,2325,1601,2307,1019,0
16,60,2325,1601,59,2441,0
16,61,2325,1601,1399,1108,0
16,62,2325,1601,2643,1912,0
16,63,2325,1601,2219,2119,0
16,64,2325,1601,2401,2202,0
16,65,2325,1601,387,1838,0
16,66,2325,1601,1601,1532,0
16,67,2325,1601,2837,72,0
16,68,2325,1601,1391,2951,0
16,69,2325,1601,595,1317,0
16,70,2325,1601,2920,540,0
16,71,2325,1601,2816,2465,0
16,72,2325,1601,2231,1907,0
16,73,2325,1601,1470,2429,0
16,74,2325,1601,2847,1382,0
16,75,2325,1601,1398,2370,0
16,76,2325,1601,1762,2756,0
16,77,2325,1601,95,1819,0
16,78,2325,1601,2814,2784,0
16,79,2325,1601,2728,847,0
16,80,2325,1601,1380,2542,0
16,81,2325,1601,1722,2778,0
16,82,2325,1601,2181,2634,0
16,83,2325,1601,2405,2720,0
16,84,2325,1601,2862,2797,0
16,85,2325,1601,598,2000,0
16,86,2325,1601,2675,1916,0
16,87,2325,1601,2094,513,0
16,88,2325,1601,89,2129,0
16,89,2325,1601,1347,973,0
16,90,2325,1601,1412,647,0
16,91,2325,1601,2716,1699,0
16,92,2325,1601,2679,301,0
16,93,2325,1601,2086,1982,0
16,94,2325,1601,750,2399,0
16,95,2325,1601,503,2249,0
16,96,2325,1601,1529,2820,0
16,97,2325,1601,116,1176,0
16,98,2325,1601,692,2813,0
16,99,2325,1601,231,639,0
16,100,2325,1601,2740,2598,0
16,101,2325,1601,224,2208,0
16,102,2325,1601,1683,724,0
16,103,2325,1601,1276,2330,0
16,104,2325,1601,107,933,0
16,105,2325,1601,1480,2153,0
16,106,2325,1601,891,1933,0
16,107,2325,1601,2849,2170,0
16,108,2325,1601,1226,2205,0
16,109,2325,1601,1117,460,0
16,110,2325,1601,1597,111,0
16,111,2325,1601,2174,2704,0
16,112,2325,1601,811,90,0
16,113,2325,1601,260,692,0
16,114,2325,1601,1967,1969,0
16,115,2325,1601,1133,2946,0
16,116,2325,1601,786,2901,0
16,117,2325,1601,312,1389,0
16,118,2325,1601,2476,340,0
16,119,2325,1601,2362,2436,0
16,120,2325,1601,1679,1396,0
16,121,2325,1601,2646,1977,0
16,122,2325,1601,1769,2613,0
16,123,2325,1601,636,2906,0
16,124,2325,1601,2503,2888,0
16,125,2325,1601,727,2051,0
16,126,2325,1601,339,2092,0
16,127,2325,1601,2559,1995,0
16,128,2325,1601,1491,2896,0
16,129,2325,1601,2256,1576,0
16,130,2325,1601,335,2848,0
16,131,2325,1601,1279,994,0
16,132,2325,1601,191,2042,0
16,133,2325,1601,2815,2594,0
16,134,2325,1601,1341,659,0
16,135,2325,1601,202,1952,0
16,136,2325,1601,2049,235,0
16,137,2325,1601,949,365,0
16,138,2325,1601,442,484,0
16,139,2325,1601,1496,989,0
16,140,2325,1601,1432,2260,0
16,141,2325,1601,378,1386,0
16,142,2325,1601,251,778,0
16,143,2325,1601,483,113,0
16,144,2325,1601,2426,100,0
16,145,2325,1601,2388,1563,0
16,146,2325,1601,2427,2993,0
16,147,2325,1601,1415,940,0
16,148,2325,1601,40,1221,0
16,149,2325,1601,415,137,0
16,150,2325,1601,256,2140,0
16,151,2325,1601,90,1522,0
16,152,2325,1601,1589,989,0
16,153,2325,1601,341,205,0
16,154,2325,1601,883,1339,0
16,155,2325,1601,280,1464,0
16,156,2325,1601,1201,2822,0
16,157,2325,1601,2942,1389,0
16,158,2325,1601,1138,2750,0
16,159,2325,1601,2639,1778,0
16,160,2325,1601,662,429,0
16,161,2325,1601,652,7,0
16,162,2325,1601,2034,2057,0
16,163,2325,1601,2854,2051,0
16,164,2325,1601,1441,1791,0
16,165,2325,1601,2428,256,0
16,166,2325,1601,112,2528,0
16,167,2325,1601,2873,2538,0
16,168,2325,1601,2900,823,0
16,169,2325,1601,263,2591,0
16,170,2325,1601,486,2698,0
16,171,2325,1601,568,150,0
16,172,2325,1601,1194,2604,0
16,173,2325,1601,1563,2193,0
16,174,2325,1601,882,2764,0
16,175,2325,1601,1800,2849,0
16,176,2325,1601,58,2694,0
16,177,2325,1601,2845,282,0
16,178,2325,1601,2776,2400,0
16,179,2325,1601,2493,1574,0
16,180,2325,1601,1075,1910,0
16,181,2325,1601,449,428,0
16,182,2325,1601,2039,1945,0
16,183,2325,1601,2887,271,0
16,184,2325,1601,1400,2901,0
16,185,2325,1601,2908,1118,0
16,186,2325,1601,1650,1604,0
16,187,2325,1601,2331,1718,0
16,188,2325,1601,1439,133,0
16,189,2325,1601,42,79,0
16,190,2325,1601,1558,1707,0
16,191,2325,1601,177,1143,0
16,192,2325,1601,2585,1501,0
16,193,2325,1601,888,374,0
16,194,2325,1601,263,2834,0
16,195,2325,1601,1595,2302,0
17,0,2489,1612,434,320,0
17,1,2489,1612,571,1612,0
17,2,2489,1612,135,2521,0
17,3,2489,1612,1047,2342,0
17,4,2489,1612,1231,1324,0
17,5,2489,1612,675,751,0
17,6,2489,1612,1122,987,0
17,7,2489,1612,242,2916,0
17,8,2489,1612,1743,2319,0
17,9,2489,1612,2618,754,0
17,10,2489,1612,2910,1478,0
17,11,2489,1612,2108,832,0
17,12,2489,1612,2,1143,0
17,13,2489,1612,1115,2279,0
17,14,2489,1612,1977,415,0
17,15,2489,1612,2226,1439,0
17,16,2489,1612,2325,1601,0
17,18,2489,1612,488,2077,0
17,19,2489,1612,1366,798,0
17,20,2489,1612,190,1364,0
17,21,2489,1612,2898,1873,0
17,22,2489,1612,2802,484,0
17,23,2489,1612,1769,1361,0
17,24,2489,1612,1719,2907,0
17,25,2489,1612,203,816,0
17,26,2489,1612,1401,1966,0
17,27,2489,1612,565,2022,0
17,28,2489,1612,2418,1484,0
17,29,2489,1612,2744,2458,0
17,30,2489,1612,2840,2909,0
17,31,2489,1612,2633,2565,0
17,32,2489,1612,2705,1885,0
17,33,2489,1612,2153,2262,0
17,34,2489,1612,387,708,0
17,35,2489,1612,2510,1697,0
17,36,2489,1612,648,2898,0
17,37,2489,1612,652,1817,0
17,38,2489,1612,1578,698,0
17,39,2489,1612,2296,2101,0
17,40,2489,1612,1931,2689,0
17,41,2489,1612,526,1595,0
17,42,2489,1612,2293,1825,0
17,43,2489,1612,533,1404,0
17,44,2489,1612,2655,608,0
17,45,2489,1612,1891,927,0
17,46,2489,1612,362,551,0
17,47,2489,1612,517,432,0
17,48,2489,1612,554,2611,0
17,49,2489,1612,2495,1015,0
17,50,2489,1612,582,952,0
17,51,2489,1612,2325,1655,0
17,52,2489,1612,627,564,0
17,53,2489,1612,118,1718,0
17,54,2489,1612,1703,700,0
17,55,2489,1612,1698,1595,0
17,56,2489,1612,2867,2916,0
17,57,2489,1612,2436,1514,0
17,58,2489,1612,2012,2768,0
17,59,2489,1612,2307,1019,0
17,60,2489,1612,59,2441,0
17,61,2489,1612,1399,1108,0
17,62,2489,1612,2643,1912,0
17,63,2489,1612,2219,2119,0
17,64,2489,1612,2401,2202,0
17,65,2489,1612,387,1838,0
17,66,2489,1612,1601,1532,0
17,67,2489,1612,2837,72,0
17,68,2489,1612,1391,2951,0
17,69,2489,1612,595,1317,0
17,70,2489,1612,2920,540,0
17,71,2489,1612,2816,2465,0
17,72,2489,1612,2231,1907,0
17,73,2489,1612,1470,2429,0
17,74,2489,1612,2847,1382,0
17,75,2489,1612,1398,2370,0
17,76,2489,1612,1762,2756,0
17,77,2489,1612,95,1819,0
17,78,2489,1612,2814,2784,0
17,79,2489,1612,2728,847,0
17,80,2489,1612,1380,2542,0
17,81,2489,1612,1722,2778,0
17,82,2489,1612,2181,2634,0
17,83,2489,1612,2405,2720,0
17,84,2489,1612,2862,2797,0
17,85,2489,1612,598,2000,0
17,86,2489,1612,2675,1916,0
17,87,2489,1612,2094,513,0
17,88,2489,1612,89,2129,0
17,89,2489,1612,1347,973,0
17,90,2489,1612,1412,647,0
17,91,2489,1612,2716,1699,0
17,92,2489,1612,2679,301,0
17,93,2489,1612,2086,1982,0
17,94,2489,1612,750,2399,0
17,95,2489,1612,503,2249,0
17,96,2489,1612,1529,2820,0
17,97,2489,1612,116,1176,0
17,98,2489,1612,692,2813,0
17,99,2489,1612,231,639,0
17,100,2489,1612,2740,2598,0
17,101,2489,1612,224,2208,0
17,102,2489,1612,1683,724,0
17,103,2489,1612,1276,2330,0
17,104,2489,1612,107,933,0
17,105,2489,1612,1480,2153,0
17,106,2489,1612,891,1933,0
17,107,2489,1612,2849,2170,0
17,108,2489,1612,1226,2205,0
17,109,2489,1612,1117,460,0
17,110,2489,1612,1597,111,0
17,111,2489,1612,2174,2704,0
17,112,2489,1612,811,90,0
17,113,2489,1612,260,692,0
17,114,2489,1612,1967,1969,0
17,115,2489,1612,1133,2946,0
17,116,2489,1612,786,2901,0
17,117,2489,1612,312,1389,0
17,118,2489,1612,2476,340,0
17,119,2489,1612,2362,2436,0
17,120,2489,1612,1679,1396,0
17,121,2489,1612,2646,1977,0
17,122,2489,1612,1769,2613,0
17,123,2489,1612,636,2906,0
17,124,2489,1612,2503,2888,0
17,125,2489,1612,727,2051,0
17,126,2489,1612,339,2092,0
17,127,2489,1612,2559,1995,0
17,128,2489,1612,1491,2896,0
17,129,2489,1612,2256,1576,0
17,130,2489,1612,335,2848,0
17,131,2489,1612,1279,994,0
17,132,2489,1612,191,2042,0
17,133,2489,1612,2815,2594,0
17,134,2489,1612,1341,659,0
17,135,2489,1612,202,1952,0
17,136,2489,1612,2049,235,0
17,137,2489,1612,949,365,0
17,138,2489,1612,442,484,0
17,139,2489,1612,1496,989,0
17,140,2489,1612,1432,2260,0
17,141,2489,1612,378,1386,0
17,142,2489,1612,251,778,0
17,143,2489,1612,483,113,0
17,144,2489,1612,2426,100,0
17,145,2489,1612,2388,1563,0
17,146,2489,1612,2427,2993,0
17,147,2489,1612,1415,940,0
17,148,2489,1612,40,1221,0
17,149,2489,1612,415,137,0
17,150,2489,1612,256,2140,0
17,151,2489,1612,90,1522,0
17,152,2489,1612,1589,989,0
17,153,2489,1612,341,205,0
17,154,2489,1612,883,1339,0
17,155,2489,1612,280,1464,0
17,156,2489,1612,1201,2822,0
17,157,2489,1612,2942,1389,0
17,158,2489,1612,1138,2750,0
17,159,2489,1612,2639,1778,0
17,160,2489,1612,662,429,0
17,161,2489,1612,652,7,0
17,162,2489,1612,2034,2057,0
17,163,2489,1612,2854,2051,0
17,164,2489,1612,1441,1791,0
17,165,2489,1612,2428,256,0
17,166,2489,1612,112,2528,0
17,167,2489,1612,2873,2538,0
17,168,2489,1612,2900,823,0
17,169,2489,1612,263,2591,0
17,170,2489,1612,486,2698,0
17,171,2489,1612,568,150,0
17,172,2489,1612,1194,2604,0
17,173,2489,1612,1563,2193,0
17,174,2489,1612,882,2764,0
17,175,2489,1612,1800,2849,0
17,176,2489,1612,58,2694,0
17,177,2489,1612,2845,282,0
17,178,2489,1612,2776,2400,0
17,179,2489,1612,2493,1574,1
17,180,2489,1612,1075,1910,0
17,181,2489,1612,449,428,0
17,182,2489,1612,2039,1945,0
17,183,2489,1612,2887,271,0
17,184,2489,1612,1400,2901,0
17,185,2489,1612,2908,1118,0
17,186,2489,1612,1650,1604,0
17,187,2489,1612,2331,1718,0
17,188,2489,1612,1439,133,0
17,189,2489,1612,42,79,0
17,190,2489,1612,1558,1707,0
17,191,2489,1612,177,1143,0
17,192,2489,1612,2585,1501,0
17,193,2489,1612,888,374,0
17,194,2489,1612,263,2834,0
17,195,2489,1612,1595,2302,0
18,0,488,2077,434,320,0
18,1,488,2077,571,1612,0
18,2,488,2077,135,2521,0
18,3,488,2077,1047,2342,0
18,4,488,2077,1231,1324,0
18,5,488,2077,675,751,0
18,6,488,2077,1122,987,0
18,7,488,2077,242,2916,0
18,8,488,2077,1743,2319,0
18,9,488,2077,2618,754,0
18,10,488,2077,2910,1478,0
18,11,488,2077,2108,832,0
18,12,488,2077,2,1143,0
18,13,488,2077,1115,2279,0
18,14,488,2077,1977,415,0
18,15,488,2077,2226,1439,0
18,16,488,2077,2325,1601,0
18,17,488,2077,2489,1612,0
18,19,488,2077,1366,798,0
18,20,488,2077,190,1364,0
18,21,488,2077,2898,1873,0
18,22,488,2077,2802,484,0
18,23,488,2077,1769,1361,0
18,24,488,2077,1719,2907,0
18,25,488,2077,203,816,0
18,26,488,2077,1401,1966,0
18,27,488,2077,565,2022,1
18,28,488,2077,2418,1484,0
18,29,488,2077,2744,2458,0
18,30,488,2077,2840,2909,0
18,31,488,2077,2633,2565,0
18,32,488,2077,2705,1885,0
18,33,488,2077,2153,2262,0
18,34,488,2077,387,708,0
18,35,488,2077,2510,1697,0
18,36,488,2077,648,2898,0
18,37,488,2077,652,1817,0
18,38,488,2077,1578,698,0
18,39,488,2077,2296,2101,0
18,40,488,2077,1931,2689,0
18,41,488,2077,526,1595,0
18,42,488,2077,2293,1825,0
18,43,488,2077,533,1404,0
18,44,488,2077,2655,608,0
18,45,488,2077,1891,927,0
18,46,488,2077,362,551,0
18,47,488,2077,517,432,0
18,48,488,2077,554,2611,0
18,49,488,2077,2495,1015,0
18,50,488,2077,582,952,0
18,51,488,2077,2325,1655,0
18,52,488,2077,627,564,0
18,53,488,2077,118,1718,0
18,54,488,2077,1703,700,0
18,55,488,2077,1698,1595,0
18,56,488,2077,2867,2916,0
18,57,488,2077,2436,1514,0
18,58,488,2077,2012,2768,0
18,59,488,2077,2307,1019,0
18,60,488,2077,59,2441,0
18,61,488,2077,1399,1108,0
18,62,488,2077,2643,1912,0
18,63,488,2077,2219,2119,0
18,64,488,2077,2401,2202,0
18,65,488,2077,387,1838,0
18,66,488,2077,1601,1532,0
18,67,488,2077,2837,72,0
18,68,488,2077,1391,2951,0
18,69,488,2077,595,1317,0
18,70,488,2077,2920,540,0
18,71,488,2077,2816,2465,0
18,72,488,2077,2231,1907,0
18,73,488,2077,1470,2429,0
18,74,488,2077,2847,1382,0
18,75,488,2077,1398,2370,0
18,76,488,2077,1762,2756,0
18,77,488,2077,95,1819,0
18,78,488,2077,2814,2784,0
18,79,488,2077,2728,847,0
18,80,488,2077,1380,2542,0
18,81,488,2077,1722,2778,0
18,82,488,2077,2181,2634,0
18,83,488,2077,2405,2720,0
18,84,488,2077,2862,2797,0
18,85,488,2077,598,2000,0
18,86,488,2077,2675,1916,0
18,87,488,2077,2094,513,0
18,88,488,2077,89,2129,0
18,89,488,2077,1347,973,0
18,90,488,2077,1412,647,0
18,91,488,2077,2716,1699,0
18,92,488,2077,2679,301,0
18,93,488,2077,2086,1982,0
18,94,488,2077,750,2399,0
18,95,488,2077,503,2249,0
18,96,488,2077,1529,2820,0
18,97,488,2077,116,1176,0
18,98,488,2077,692,2813,0
18,99,488,2077,231,639,0
18,100,488,2077,2740,2598,0
18,101,488,2077,224,2208,0
18,102,488,2077,1683,724,0
18,103,488,2077,1276,2330,0
18,104,488,2077,107,933,0
18,105,488,2077,1480,2153,0
18,106,488,2077,891,1933,0
18,107,488,2077,2849,2170,0
18,108,488,2077,1226,2205,0
18,109,488,2077,1117,460,0
18,110,488,2077,1597,111,0
18,111,488,2077,2174,2704,0
18,112,488,2077,811,90,0
18,113,488,2077,260,692,0
18,114,488,2077,1967,1969,0
18,115,488,2077,1133,2946,0
18,116,488,2077,786,2901,0
18,117,488,2077,312,1389,0
18,118,488,2077,2476,340,0
18,119,488,2077,2362,2436,0
18,120,488,2077,1679,1396,0
18,121,488,2077,2646,1977,0
18,122,488,2077,1769,2613,0
18,123,488,2077,636,2906,0
18,124,488,2077,2503,2888,0
18,125,488,2077,727,2051,0
18,126,488,2077,339,2092,0
18,127,488,2077,2559,1995,0
18,128,488,2077,1491,2896,0
18,129,488,2077,2256,1576,0
18,130,488,2077,335,2848,0
18,131,488,2077,1279,994,0
18,132,488,2077,191,2042,0
18,133,488,2077,2815,2594,0
18,134,488,2077,1341,659,0
18,135,488,2077,202,1952,0
18,136,488,2077,2049,235,0
18,137,488,2077,949,365,0
18,138,488,2077,442,484,0
18,139,488,2077,1496,989,0
18,140,488,2077,1432,2260,0
18,141,488,2077,378,1386,0
18,142,488,2077,251,778,0
18,143,488,2077,483,113,0
18,144,488,2077,2426,100,0
18,145,488,2077,2388,1563,0
18,146,488,2077,2427,2993,0
18,147,488,2077,1415,940,0
18,148,488,2077,40,1221,0
18,149,488,2077,415,137,0
18,150,488,2077,256,2140,0
18,151,488,2077,90,1522,0
18,152,488,2077,1589,989,0
18,153,488,2077,341,205,0
18,154,488,2077,883,1339,0
18,155,488,2077,280,1464,0
18,156,488,2077,1201,2822,0
18,157,488,2077,2942,1389,0
18,158,488,2077,1138,2750,0
18,159,488,2077,2639,1778,0
18,160,488,2077,662,429,0
18,161,488,2077,652,7,0
18,162,488,2077,2034,2057,0
18,163,488,2077,2854,2051,0
18,164,488,2077,1441,1791,0
18,165,488,2077,2428,256,0
18,166,488,2077,112,2528,0
18,167,488,2077,2873,2538,0
18,168,488,2077,2900,823,0
18,169,488,2077,263,2591,0
18,170,488,2077,486,2698,0
18,171,488,2077,568,150,0
18,172,488,2077,1194,2604,0
18,173,488,2077,1563,2193,0
18,174,488,2077,882,2764,0
18,175,488,2077,1800,2849,0
18,176,488,2077,58,2694,0
18,177,488,2077,2845,282,0
18,178,488,2077,2776,2400,0
18,179,488,2077,2493,1574,0
18,180,488,2077,1075,1910,0
18,181,488,2077,449,428,0
18,182,488,2077,2039,1945,0
18,183,488,2077,2887,271,0
18,184,488,2077,1400,2901,0
18,185,488,2077,2908,1118,0
18,186,488,2077,1650,1604,0
18,187,488,2077,2331,1718,0
18,188,488,2077,1439,133,0
18,189,488,2077,42,79,0
18,190,488,2077,1558,1707,0
18,191,488,2077,177,1143,0
18,192,488,2077,2585,1501,0
18,193,488,2077,888,374,0
18,194,488,2077,263,2834,0
18,195,488,2077,1595,2302,0
19,0,1366,798,434,320,0
19,1,1366,798,571,1612,0
19,2,1366,798,135,2521,0
19,3,1366,798,1047,2342,0
19,4,1366,798,1231,1324,0
19,5,1366,798,675,751,0
19,6,1366,798,1122,987,0
19,7,1366,798,242,2916,0
19,8,1366,798,1743,2319,0
19,9,1366,798,2618,754,0
19,10,1366,798,2910,1478,0
19,11,1366,798,2108,832,0
19,12,1366,798,2,1143,0
19,13,1366,798,1115,2279,0
19,14,1366,798,1977,415,0
19,15,1366,798,2226,1439,0
19,16,1366,798,2325,1601,0
19,17,1366,798,2489,1612,0
19,18,1366,798,488,2077,0
19,20,1366,798,190,1364,0
19,21,1366,798,2898,1873,0
19,22,1366,798,2802,484,0
19,23,1366,798,1769,1361,0
19,24,1366,798,1719,2907,0
19,25,1366,798,203,816,0
19,26,1366,798,1401,1966,0
19,27,1366,798,565,2022,0
19,28,1366,798,2418,1484,0
19,29,1366,798,2744,2458,0
19,30,1366,798,2840,2909,0
19,31,1366,798,2633,2565,0
19,32,1366,798,2705,1885,0
19,33,1366,798,2153,2262,0
19,34,1366,798,387,708,0
19,35,1366,798,2510,1697,0
19,36,1366,798,648,2898,0
19,37,1366,798,652,1817,0
19,38,1366,798,1578,698,0
19,39,1366,798,2296,2101,0
19,40,1366,798,1931,2689,0
19,41,1366,798,526,1595,0
19,42,1366,798,2293,1825,0
19,43,1366,798,533,1404,0
19,44,1366,798,2655,608,0
19,45,1366,798,1891,927,0
19,46,1366,798,362,551,0
19,47,1366,798,517,432,0
19,48,1366,798,554,2611,0
19,49,1366,798,2495,1015,0
19,50,1366,798,582,952,0
19,51,1366,798,2325,1655,0
19,52,1366,798,627,564,0
19,53,1366,798,118,1718,0
19,54,1366,798,1703,700,0
19,55,1366,798,1698,1595,0
19,56,1366,798,2867,2916,0
19,57,1366,798,2436,1514,0
19,58,1366,798,2012,2768,0
19,59,1366,798,2307,1019,0
19,60,1366,798,59,2441,0
19,61,1366,798,1399,1108,0
19,62,1366,798,2643,1912,0
19,63,1366,798,2219,2119,0
19,64,1366,798,2401,2202,0
19,65,1366,798,387,1838,0
19,66,1366,798,1601,1532,0
19,67,1366,798,2837,72,0
19,68,1366,798,1391,2951,0
19,69,1366,798,595,1317,0
19,70,1366,798,2920,540,0
19,71,1366,798,2816,2465,0
19,72,1366,798,2231,1907,0
19,73,1366,798,1470,2429,0
19,74,1366,798,2847,1382,0
19,75,1366,798,1398,2370,0
19,76,1366,798,1762,2756,0
19,77,1366,798,95,1819,0
19,78,1366,798,2814,2784,0
19,79,1366,798,2728,847,0
19,80,1366,798,1380,2542,0
19,81,1366,798,1722,2778,0
19,82,1366,798,2181,2634,0
19,83,1366,798,2405,2720,0
19,84,1366,798,2862,2797,0
19,85,1366,798,598,2000,0
19,86,1366,798,2675,1916,0
19,87,1366,798,2094,513,0
19,88,1366,798,89,2129,0
19,89,1366,798,1347,973,0
19,90,1366,798,1412,647,0
19,91,1366,798,2716,1699,0
19,92,1366,798,2679,301,0
19,93,1366,798,2086,1982,0
19,94,1366,798,750,2399,0
19,95,1366,798,503,2249,0
19,96,1366,798,1529,2820,0
19,97,1366,798,116,1176,0
19,98,1366,798,692,2813,0
19,99,1366,798,231,639,0
19,100,1366,798,2740,2598,0
19,101,1366,798,224,2208,0
19,102,1366,798,1683,724,0
19,103,1366,798,1276,2330,0
19,104,1366,798,107,933,0
19,105,1366,798,1480,2153,0
19,106,1366,798,891,1933,0
19,107,1366,798,2849,2170,0
19,108,1366,798,1226,2205,0
19,109,1366,798,1117,460,0
19,110,1366,798,1597,111,0
19,111,1366,798,2174,2704,0
19,112,1366,798,811,90,0
19,113,1366,798,260,692,0
19,114,1366,798,1967,1969,0
19,115,1366,798,1133,2946,0
19,116,1366,798,786,2901,0
19,117,1366,798,312,1389,0
19,118,1366,798,2476,340,0
19,119,1366,798,2362,2436,0
19,120,1366,798,1679,1396,0
19,121,1366,798,2646,1977,0
19,122,1366,798,1769,2613,0
19,123,1366,798,636,2906,0
19,124,1366,798,2503,2888,0
19,125,1366,798,727,2051,0
19,126,1366,798,339,2092,0
19,127,1366,798,2559,1995,0
19,128,1366,798,1491,2896,0
19,129,1366,798,2256,1576,0
19,130,1366,798,335,2848,0
19,131,1366,798,1279,994,0
19,132,1366,798,191,2042,0
19,133,1366,798,2815,2594,0
19,134,1366,798,1341,659,0
19,135,1366,798,202,1952,0
19,136,1366,798,2049,235,0
19,137,1366,798,949,365,0
19,138,1366,798,442,484,0
19,139,1366,798,1496,989,0
19,140,1366,798,1432,2260,0
19,141,1366,798,378,1386,0
19,142,1366,798,251,778,0
19,143,1366,798,483,113,0
19,144,1366,798,2426,100,0
19,145,1366,798,2388,1563,0
19,146,1366,798,2427,2993,0
19,147,1366,798,1415,940,1
19,148,1366,798,40,1221,0
19,149,1366,798,415,137,0
19,150,1366,798,256,2140,0
19,151,1366,798,90,1522,0
19,152,1366,798,1589,989,0
19,153,1366,798,341,205,0
19,154,1366,798,883,1339,0
19,155,1366,798,280,1464,0
19,156,1366,798,1201,2822,0
19,157,1366,798,2942,1389,0
19,158,1366,798,1138,2750,0
19,159,1366,798,2639,1778,0
19,160,1366,798,662,429,0
19,161,1366,798,652,7,0
19,162,1366,798,2034,2057,0
19,163,1366,798,2854,2051,0
19,164,1366,798,1441,1791,0
19,165,1366,798,2428,256,0
19,166,1366,798,112,2528,0
19,167,1366,798,2873,2538,0
19,168,1366,798,2900,823,0
19,169,1366,798,263,2591,0
19,170,1366,798,486,2698,0
19,171,1366,798,568,150,0
19,172,1366,798,1194,2604,0
19,173,1366,798,1563,2193,0
19,174,1366,798,882,2764,0
19,175,1366,798,1800,2849,0
19,176,1366,798,58,2694,0
19,177,1366,798,2845,282,0
19,178,1366,798,2776,2400,0
19,179,1366,798,2493,1574,0
19,180,1366,798,1075,1910,0
19,181,1366,798,449,428,0
19,182,1366,798,2039,1945,0
19,183,1366,798,2887,271,0
19,184,1366,798,1400,2901,0
19,185,1366,798,2908,1118,0
19,186,1366,798,1650,1604,0
19,187,1366,798,2331,1718,0
19,188,1366,798,1439,133,0
19,189,1366,798,42,79,0
19,190,1366,798,1558,1707,0
19,191,1366,798,177,1143,0
19,192,1366,798,2585,1501,0
19,193,1366,798,888,374,0
19,194,1366,798,263,2834,0
19,195,1366,798,1595,2302,0
20,0,190,1364,434,320,0
20,1,190,1364,571,1612,0
20,2,190,1364,135,2521,0
20,3,190,1364,1047,2342,0
20,4,190,1364,1231,1324,0
20,5,190,1364,675,751,0
20,6,190,1364,1122,987,0
20,7,190,1364,242,2916,0
20,8,190,1364,1743,2319,0
20,9,190,1364,2618,754,0
20,10,190,1364,2910,1478,0
20,11,190,1364,2108,832,0
20,12,190,1364,2,1143,0
20,13,190,1364,1115,2279,0
20,14,190,1364,1977,415,0
20,15,190,1364,2226,1439,0
20,16,190,1364,2325,1601,0
20,17,190,1364,2489,1612,0
20,18,190,1364,488,2077,0
20,19,190,1364,1366,798,0
20,21,190,1364,2898,1873,0
20,22,190,1364,2802,484,0
20,23,190,1364,1769,1361,0
20,24,190,1364,1719,2907,0
20,25,190,1364,203,816,0
20,26,190,1364,1401,1966,0
20,27,190,1364,565,2022,0
20,28,190,1364,2418,1484,0
20,29,190,1364,2744,2458,0
20,30,190,1364,2840,2909,0
20,31,190,1364,2633,2565,0
20,32,190,1364,2705,1885,0
20,33,190,1364,2153,2262,0
20,34,190,1364,387,708,0
20,35,190,1364,2510,1697,0
20,36,190,1364,648,2898,0
20,37,190,1364,652,1817,0
20,38,190,1364,1578,698,0
20,39,190,1364,2296,2101,0
20,40,190,1364,1931,2689,0
20,41,190,1364,526,1595,0
20,42,190,1364,2293,1825,0
20,43,190,1364,533,1404,0
20,44,190,1364,2655,608,0
20,45,190,1364,1891,927,0
20,46,190,1364,362,551,0
20,47,190,1364,517,432,0
20,48,190,1364,554,2611,0
20,49,190,1364,2495,1015,0
20,50,190,1364,582,952,0
20,51,190,1364,2325,1655,0
20,52,190,1364,627,564,0
20,53,190,1364,118,1718,0
20,54,190,1364,1703,700,0
20,55,190,1364,1698,1595,0
20,56,190,1364,2867,2916,0
20,57,190,1364,2436,1514,0
20,58,190,1364,2012,2768,0
20,59,190,1364,2307,1019,0
20,60,190,1364,59,2441,0
20,61,190,1364,1399,1108,0
20,62,190,1364,2643,1912,0
20,63,190,1364,2219,2119,0
20,64,190,1364,2401,2202,0
20,65,190,1364,387,1838,0
20,66,190,1364,1601,1532,0
20,67,190,1364,2837,72,0
20,68,190,1364,1391,2951,0
20,69,190,1364,595,1317,0
20,70,190,1364,2920,540,0
20,71,190,1364,2816,2465,0
20,72,190,1364,2231,1907,0
20,73,190,1364,1470,2429,0
20,74,190,1364,2847,1382,0
20,75,190,1364,1398,2370,0
20,76,190,1364,1762,2756,0
20,77,190,1364,95,1819,0
20,78,190,1364,2814,2784,0
20,79,190,1364,2728,847,0
20,80,190,1364,1380,2542,0
20,81,190,1364,1722,2778,0
20,82,190,1364,2181,2634,0
20,83,190,1364,2405,2720,0
20,84,190,1364,2862,2797,0
20,85,190,1364,598,2000,0
20,86,190,1364,2675,1916,0
20,87,190,1364,2094,513,0
20,88,190,1364,89,2129,0
20,89,190,1364,1347,973,0
20,90,190,1364,1412,647,0
20,91,190,1364,2716,1699,0
20,92,190,1364,2679,301,0
20,93,190,1364,2086,1982,0
20,94,190,1364,750,2399,0
20,95,190,1364,503,2249,0
20,96,190,1364,1529,2820,0
20,97,190,1364,116,1176,0
20,98,190,1364,692,2813,0
20,99,190,1364,231,639,0
20,100,190,1364,2740,2598,0
20,101,190,1364,224,2208,0
20,102,190,1364,1683,724,0
20,103,190,1364,1276,2330,0
20,104,190,1364,107,933,0
20,105,190,1364,1480,2153,0
20,106,190,1364,891,1933,0
20,107,190,1364,2849,2170,0
20,108,190,1364,1226,2205,0
20,109,190,1364,1117,460,0
20,110,190,1364,1597,111,0
20,111,190,1364,2174,2704,0
20,112,190,1364,811,90,0
20,113,190,1364,260,692,0
20,114,190,1364,1967,1969,0
20,115,190,1364,1133,2946,0
20,116,190,1364,786,2901,0
20,117,190,1364,312,1389,0
20,118,190,1364,2476,340,0
20,119,190,1364,2362,2436,0
20,120,190,1364,1679,1396,0
20,121,190,1364,2646,1977,0
20,122,190,1364,1769,2613,0
20,123,190,1364,636,2906,0
20,124,190,1364,2503,2888,0
20,125,190,1364,727,2051,0
20,126,190,1364,339,2092,0
20,127,190,1364,2559,1995,0
20,128,190,1364,1491,2896,0
20,129,190,1364,2256,1576,0
20,130,190,1364,335,2848,0
20,131,190,1364,1279,994,0
20,132,190,1364,191,2042,0
20,133,190,1364,2815,2594,0
20,134,190,1364,1341,659,0
20,135,190,1364,202,1952,0
20,136,190,1364,2049,235,0
20,137,190,1364,949,365,0
20,138,190,1364,442,484,0
20,139,190,1364,1496,989,0
20,140,190,1364,1432,2260,0
20,141,190,1364,378,1386,0
20,142,190,1364,251,778,0
20,143,190,1364,483,113,0
20,144,190,1364,2426,100,0
20,145,190,1364,2388,1563,0
20,146,190,1364,2427,2993,0
20,147,190,1364,1415,940,0
20,148,190,1364,40,1221,0
20,149,190,1364,415,137,0
20,150,190,1364,256,2140,0
20,151,190,1364,90,1522,0
20,152,190,1364,1589,989,0
20,153,190,1364,341,205,0
20,154,190,1364,883,1339,0
20,155,190,1364,280,1464,0
20,156,190,1364,1201,2822,0
20,157,190,1364,2942,1389,0
20,158,190,1364,1138,2750,0
20,159,190,1364,2639,1778,0
20,160,190,1364,662,429,0
20,161,190,1364,652,7,0
20,162,190,1364,2034,2057,0
20,163,190,1364,2854,2051,0
20,164,190,1364,1441,1791,0
20,165,190,1364,2428,256,0
20,166,190,1364,112,2528,0
20,167,190,1364,2873,2538,0
20,168,190,1364,2900,823,0
20,169,190,1364,263,2591,0
20,170,190,1364,486,2698,0
20,171,190,1364,568,150,0
20,172,190,1364,1194,2604,0
20,173,190,1364,1563,2193,0
20,174,190,1364,882,2764,0
20,175,190,1364,1800,2849,0
20,176,190,1364,58,2694,0
20,177,190,1364,2845,282,0
20,178,190,1364,2776,2400,0
20,179,190,1364,2493,1574,0
20,180,190,1364,1075,1910,0
20,181,190,1364,449,428,0
20,182,190,1364,2039,1945,0
20,183,190,1364,2887,271,0
20,184,190,1364,1400,2901,0
20,185,190,1364,2908,1118,0
20,186,190,1364,1650,1604,0
20,187,190,1364,2331,1718,0
20,188,190,1364,1439,133,0
20,189,190,1364,42,79,0
20,190,190,1364,1558,1707,0
20,191,190,1364,177,1143,1
20,192,190,1364,2585,1501,0
20,193,190,1364,888,374,0
20,194,190,1364,263,2834,0
20,195,190,1364,1595,2302,0
21,0,2898,1873,434,320,0
21,1,2898,1873,571,1612,0
21,2,2898,1873,135,2521,0
21,3,2898,1873,1047,2342,0
21,4,2898,1873,1231,1324,0
21,5,2898,1873,675,751,0
21,6,2898,1873,1122,987,0
21,7,2898,1873,242,2916,0
21,8,2898,1873,1743,2319,0
21,9,2898,1873,2618,754,0
21,10,2898,1873,2910,1478,0
21,11,2898,1873,2108,832,0
21,12,2898,1873,2,1143,0
21,13,2898,1873,1115,2279,0
21,14,2898,1873,1977,415,0
21,15,2898,1873,2226,1439,0
21,16,2898,1873,2325,1601,0
21,17,2898,1873,2489,1612,0
21,18,2898,1873,488,2077,0
21,19,2898,1873,1366,798,0
21,20,2898,1873,190,1364,0
21,22,2898,1873,2802,484,0
21,23,2898,1873,1769,1361,0
21,24,2898,1873,1719,2907,0
21,25,2898,1873,203,816,0
21,26,2898,1873,1401,1966,0
21,27,2898,1873,565,2022,0
21,28,2898,1873,2418,1484,0
21,29,2898,1873,2744,2458,0
21,30,2898,1873,2840,2909,0
21,31,2898,1873,2633,2565,0
21,32,2898,1873,2705,1885,0
21,33,2898,1873,2153,2262,0
21,34,2898,1873,387,708,0
21,35,2898,1873,2510,1697,0
21,36,2898,1873,648,2898,0
21,37,2898,1873,652,1817,0
21,38,2898,1873,1578,698,0
21,39,2898,1873,2296,2101,0
21,40,2898,1873,1931,2689,0
21,41,2898,1873,526,1595,0
21,42,2898,1873,2293,1825,0
21,43,2898,1873,533,1404,0
21,44,2898,1873,2655,608,0
21,45,2898,1873,1891,927,0
21,46,2898,1873,362,551,0
21,47,2898,1873,517,432,0
21,48,2898,1873,554,2611,0
21,49,2898,1873,2495,1015,0
21,50,2898,1873,582,952,0
21,51,2898,1873,2325,1655,0
21,52,2898,1873,627,564,0
21,53,2898,1873,118,1718,0
21,54,2898,1873,1703,700,0
21,55,2898,1873,1698,1595,0
21,56,2898,1873,2867,2916,0
21,57,2898,1873,2436,1514,0
21,58,2898,1873,2012,2768,0
21,59,2898,1873,2307,1019,0
21,60,2898,1873,59,2441,0
21,61,2898,1873,1399,1108,0
21,62,2898,1873,2643,1912,0
21,63,2898,1873,2219,2119,0
21,64,2898,1873,2401,2202,0
21,65,2898,1873,387,1838,0
21,66,2898,1873,1601,1532,0
21,67,2898,1873,2837,72,0
21,68,2898,1873,1391,2951,0
21,69,2898,1873,595,1317,0
21,70,2898,1873,2920,540,0
21,71,2898,1873,2816,2465,0
21,72,2898,1873,2231,1907,0
21,73,2898,1873,1470,2429,0
21,74,2898,1873,2847,1382,0
21,75,2898,1873,1398,2370,0
21,76,2898,1873,1762,2756,0
21,77,2898,1873,95,1819,0
21,78,2898,1873,2814,2784,0
21,79,2898,1873,2728,847,0
21,80,2898,1873,1380,2542,0
21,81,2898,1873,1722,2778,0
21,82,2898,1873,2181,2634,0
21,83,2898,1873,2405,2720,0
21,84,2898,1873,2862,2797,0
21,85,2898,1873,598,2000,0
21,86,2898,1873,2675,1916,0
21,87,2898,1873,2094,513,0
21,88,2898,1873,89,2129,0
21,89,2898,1873,1347,973,0
21,90,2898,1873,1412,647,0
21,91,2898,1873,2716,1699,0
21,92,2898,1873,2679,301,0
21,93,2898,1873,2086,1982,0
21,94,2898,1873,750,2399,0
21,95,2898,1873,503,2249,0
21,96,2898,1873,1529,2820,0
21,97,2898,1873,116,1176,0
21,98,2898,1873,692,2813,0
21,99,2898,1873,231,639,0
21,100,2898,1873,2740,2598,0
21,101,2898,1873,224,2208,0
21,102,2898,1873,1683,724,0
21,103,2898,1873,1276,2330,0
21,104,2898,1873,107,933,0
21,105,2898,1873,1480,2153,0
21,106,2898,1873,891,1933,0
21,107,2898,1873,2849,2170,0
21,108,2898,1873,1226,2205,0
21,109,2898,1873,1117,460,0
21,110,2898,1873,1597,111,0
21,111,2898,1873,2174,2704,0
21,112,2898,1873,811,90,0
21,113,2898,1873,260,692,0
21,114,2898,1873,1967,1969,0
21,115,2898,1873,1133,2946,0
21,116,2898,1873,786,2901,0
21,117,2898,1873,312,1389,0
21,118,2898,1873,2476,340,0
21,119,2898,1873,2362,2436,0
21,120,2898,1873,1679,1396,0
21,121,2898,1873,2646,1977,0
21,122,2898,1873,1769,2613,0
21,123,2898,1873,636,2906,0
21,124,2898,1873,2503,2888,0
21,125,2898,1873,727,2051,0
21,126,2898,1873,339,2092,0
21,127,2898,1873,2559,1995,0
21,128,2898,1873,1491,2896,0
21,129,2898,1873,2256,1576,0
21,130,2898,1873,335,2848,0
21,131,2898,1873,1279,994,0
21,132,2898,1873,191,2042,0
21,133,2898,1873,2815,2594,0
21,134,2898,1873,1341,659,0
21,135,2898,1873,202,1952,0
21,136,2898,1873,2049,235,0
21,137,2898,1873,949,365,0
21,138,2898,1873,442,484,0
21,139,2898,1873,1496,989,0
21,140,2898,1873,1432,2260,0
21,141,2898,1873,378,1386,0
21,142,2898,1873,251,778,0
21,143,2898,1873,483,113,0
21,144,2898,1873,2426,100,0
21,145,2898,1873,2388,1563,0
21,146,2898,1873,2427,2993,0
21,147,2898,1873,1415,940,0
21,148,2898,1873,40,1221,0
21,149,2898,1873,415,137,0
21,150,2898,1873,256,2140,0
21,151,2898,1873,90,1522,0
21,152,2898,1873,1589,989,0
21,153,2898,1873,341,205,0
21,154,2898,1873,883,1339,0
21,155,2898,1873,280,1464,0
21,156,2898,1873,1201,2822,0
21,157,2898,1873,2942,1389,0
21,158,2898,1873,1138,2750,0
21,159,2898,1873,2639,1778,0
21,160,2898,1873,662,429,0
21,161,2898,1873,652,7,0
21,162,2898,1873,2034,2057,0
21,163,2898,1873,2854,2051,1
21,164,2898,1873,1441,1791,0
21,165,2898,1873,2428,256,0
21,166,2898,1873,112,2528,0
21,167,2898,1873,2873,2538,0
21,168,2898,1873,2900,823,0
21,169,2898,1873,263,2591,0
21,170,2898,1873,486,2698,0
21,171,2898,1873,568,150,0
21,172,2898,1873,1194,2604,0
21,173,2898,1873,1563,2193,0
21,174,2898,1873,882,2764,0
21,175,2898,1873,1800,2849,0
21,176,2898,1873,58,2694,0
21,177,2898,1873,2845,282,0
21,178,2898,1873,2776,2400,0
21,179,2898,1873,2493,1574,0
21,180,2898,1873,1075,1910,0
21,181,2898,1873,449,428,0
21,182,2898,1873,2039,1945,0
21,183,2898,1873,2887,271,0
21,184,2898,1873,1400,2901,0
21,185,2898,1873,2908,1118,0
21,186,2898,1873,1650,1604,0
21,187,2898,1873,2331,1718,0
21,188,2898,1873,1439,133,0
21,189,2898,1873,42,79,0
21,190,2898,1873,1558,1707,0
21,191,2898,1873,177,1143,0
21,192,2898,1873,2585,1501,0
21,193,2898,1873,888,374,0
21,194,2898,1873,263,2834,0
21,195,2898,1873,1595,2302,0
22,0,2802,484,434,320,0
22,1,2802,484,571,1612,0
22,2,2802,484,135,2521,0
22,3,2802,484,1047,2342,0
22,4,2802,484,1231,1324,0
22,5,2802,484,675,751,0
22,6,2802,484,1122,987,0
22,7,2802,484,242,2916,0
22,8,2802,484,1743,2319,0
22,9,2802,484,2618,754,0
22,10,2802,484,2910,1478,0
22,11,2802,484,2108,832,0
22,12,2802,484,2,1143,0
22,13,2802,484,1115,2279,0
22,14,2802,484,1977,415,0
22,15,2802,484,2226,1439,0
22,16,2802,484,2325,1601,0
22,17,2802,484,2489,1612,0
22,18,2802,484,488,2077,0
22,19,2802,484,1366,798,0
22,20,2802,484,190,1364,0
22,21,2802,484,2898,1873,0
22,23,2802,484,1769,1361,0
22,24,2802,484,1719,2907,0
22,25,2802,484,203,816,0
22,26,2802,484,1401,1966,0
22,27,2802,484,565,2022,0
22,28,2802,484,2418,1484,0
22,29,2802,484,2744,2458,0
22,30,2802,484,2840,2909,0
22,31,2802,484,2633,2565,0
22,32,2802,484,2705,1885,0
22,33,2802,484,2153,2262,0
22,34,2802,484,387,708,0
22,35,2802,484,2510,1697,0
22,36,2802,484,648,2898,0
22,37,2802,484,652,1817,0
22,38,2802,484,1578,698,0
22,39,2802,484,2296,2101,0
22,40,2802,484,1931,2689,0
22,41,2802,484,526,1595,0
22,42,2802,484,2293,1825,0
22,43,2802,484,533,1404,0
22,44,2802,484,2655,608,0
22,45,2802,484,1891,927,0
22,46,2802,484,362,551,0
22,47,2802,484,517,432,0
22,48,2802,484,554,2611,0
22,49,2802,484,2495,1015,0
22,50,2802,484,582,952,0
22,51,2802,484,2325,1655,0
22,52,2802,484,627,564,0
22,53,2802,484,118,1718,0
22,54,2802,484,1703,700,0
22,55,2802,484,1698,1595,0
22,56,2802,484,2867,2916,0
22,57,2802,484,2436,1514,0
22,58,2802,484,2012,2768,0
22,59,2802,484,2307,1019,0
22,60,2802,484,59,2441,0
22,61,2802,484,1399,1108,0
22,62,2802,484,2643,1912,0
22,63,2802,484,2219,2119,0
22,64,2802,484,2401,2202,0
22,65,2802,484,387,1838,0
22,66,2802,484,1601,1532,0
22,67,2802,484,2837,72,0
22,68,2802,484,1391,2951,0
22,69,2802,484,595,1317,0
22,70,2802,484,2920,540,1
22,71,2802,484,2816,2465,0
22,72,2802,484,2231,1907,0
22,73,2802,484,1470,2429,0
22,74,2802,484,2847,1382,0
22,75,2802,484,1398,2370,0
22,76,2802,484,1762,2756,0
22,77,2802,484,95,1819,0
22,78,2802,484,2814,2784,0
22,79,2802,484,2728,847,0
22,80,2802,484,1380,2542,0
22,81,2802,484,1722,2778,0
22,82,2802,484,2181,2634,0
22,83,2802,484,2405,2720,0
22,84,2802,484,2862,2797,0
22,85,2802,484,598,2000,0
22,86,2802,484,2675,1916,0
22,87,2802,484,2094,513,0
22,88,2802,484,89,2129,0
22,89,2802,484,1347,973,0
22,90,2802,484,1412,647,0
22,91,2802,484,2716,1699,0
22,92,2802,484,2679,301,0
22,93,2802,484,2086,1982,0
22,94,2802,484,750,2399,0
22,95,2802,484,503,2249,0
22,96,2802,484,1529,2820,0
22,97,2802,484,116,1176,0
22,98,2802,484,692,2813,0
22,99,2802,484,231,639,0
22,100,2802,484,2740,2598,0
22,101,2802,484,224,2208,0
22,102,2802,484,1683,724,0
22,103,2802,484,1276,2330,0
22,104,2802,484,107,933,0
22,105,2802,484,1480,2153,0
22,106,2802,484,891,1933,0
22,107,2802,484,2849,2170,0
22,108,2802,484,1226,2205,0
22,109,2802,484,1117,460,0
22,110,2802,484,1597,111,0
22,111,2802,484,2174,2704,0
22,112,2802,484,811,90,0
22,113,2802,484,260,692,0
22,114,2802,484,1967,1969,0
22,115,2802,484,1133,2946,0
22,116,2802,484,786,2901,0
22,117,2802,484,312,1389,0
22,118,2802,484,2476,340,0
22,119,2802,484,2362,2436,0
22,120,2802,484,1679,1396,0
22,121,2802,484,2646,1977,0
22,122,2802,484,1769,2613,0
22,123,2802,484,636,2906,0
22,124,2802,484,2503,2888,0
22,125,2802,484,727,2051,0
22,126,2802,484,339,2092,0
22,127,2802,484,2559,1995,0
22,128,2802,484,1491,2896,0
22,129,2802,484,2256,1576,0
22,130,2802,484,335,2848,0
22,131,2802,484,1279,994,0
22,132,2802,484,191,2042,0
22,133,2802,484,2815,2594,0
22,134,2802,484,1341,659,0
22,135,2802,484,202,1952,0
22,136,2802,484,2049,235,0
22,137,2802,484,949,365,0
22,138,2802,484,442,484,0
22,139,2802,484,1496,989,0
22,140,2802,484,1432,2260,0
22,141,2802,484,378,1386,0
22,142,2802,484,251,778,0
22,143,2802,484,483,113,0
22,144,2802,484,2426,100,0
22,145,2802,484,2388,1563,0
22,146,2802,484,2427,2993,0
22,147,2802,484,1415,940,0
22,148,2802,484,40,1221,0
22,149,2802,484,415,137,0
22,150,2802,484,256,2140,0
22,151,2802,484,90,1522,0
22,152,2802,484,1589,989,0
22,153,2802,484,341,205,0
22,154,2802,484,883,1339,0
22,155,2802,484,280,1464,0
22,156,2802,484,1201,2822,0
22,157,2802,484,2942,1389,0
22,158,2802,484,1138,2750,0
22,159,2802,484,2639,1778,0
22,160,2802,484,662,429,0
22,161,2802,484,652,7,0
22,162,2802,484,2034,2057,0
22,163,2802,484,2854,2051,0
22,164,2802,484,1441,1791,0
22,165,2802,484,2428,256,0
22,166,2802,484,112,2528,0
22,167,2802,484,2873,2538,0
22,168,2802,484,2900,823,0
22,169,2802,484,263,2591,0
22,170,2802,484,486,2698,0
22,171,2802,484,568,150,0
22,172,2802,484,1194,2604,0
22,173,2802,484,1563,2193,0
22,174,2802,484,882,2764,0
22,175,2802,484,1800,2849,0
22,176,2802,484,58,2694,0
22,177,2802,484,2845,282,0
22,178,2802,484,2776,2400,0
22,179,2802,484,2493,1574,0
22,180,2802,484,1075,1910,0
22,181,2802,484,449,428,0
22,182,2802,484,2039,1945,0
22,183,2802,484,2887,271,0
22,184,2802,484,1400,2901,0
22,185,2802,484,2908,1118,0
22,186,2802,484,1650,1604,0
22,187,2802,484,2331,1718,0
22,188,2802,484,1439,133,0
22,189,2802,484,42,79,0
22,190,2802,484,1558,1707,0
22,191,2802,484,177,1143,0
22,192,2802,484,2585,1501,0
22,193,2802,484,888,374,0
22,194,2802,484,263,2834,0
22,195,2802,484,1595,2302,0
23,0,1769,1361,434,320,0
23,1,1769,1361,571,1612,0
23,2,1769,1361,135,2521,0
23,3,1769,1361,1047,2342,0
23,4,1769,1361,1231,1324,0
23,5,1769,1361,675,751,0
23,6,1769,1361,1122,987,0
23,7,1769,1361,242,2916,0
23,8,1769,1361,1743,2319,0
23,9,1769,1361,2618,754,0
23,10,1769,1361,2910,1478,0
23,11,1769,1361,2108,832,0
23,12,1769,1361,2,1143,0
23,13,1769,1361,1115,2279,0
23,14,1769,1361,1977,415,0
23,15,1769,1361,2226,1439,0
23,16,1769,1361,2325,1601,0
23,17,1769,1361,2489,1612,0
23,18,1769,1361,488,2077,0
23,19,1769,1361,1366,798,0
23,20,1769,1361,190,1364,0
23,21,1769,1361,2898,1873,0
23,22,1769,1361,2802,484,0
23,24,1769,1361,1719,2907,0
23,25,1769,1361,203,816,0
23,26,1769,1361,1401,1966,0
23,27,1769,1361,565,2022,0
23,28,1769,1361,2418,1484,0
23,29,1769,1361,2744,2458,0
23,30,1769,1361,2840,2909,0
23,31,1769,1361,2633,2565,0
23,32,1769,1361,2705,1885,0
23,33,1769,1361,2153,2262,0
23,34,1769,1361,387,708,0
23,35,1769,1361,2510,1697,0
23,36,1769,1361,648,2898,0
23,37,1769,1361,652,1817,0
23,38,1769,1361,1578,698,0
23,39,1769,1361,2296,2101,0
23,40,1769,1361,1931,2689,0
23,41,1769,1361,526,1595,0
23,42,1769,1361,2293,1825,0
23,43,1769,1361,533,1404,0
23,44,1769,1361,2655,608,0
23,45,1769,1361,1891,927,1
23,46,1769,1361,362,551,0
23,47,1769,1361,517,432,0
23,48,1769,1361,554,2611,0
23,49,1769,1361,2495,1015,0
23,50,1769,1361,582,952,0
23,51,1769,1361,2325,1655,0
23,52,1769,1361,627,564,0
23,53,1769,1361,118,1718,0
23,54,1769,1361,1703,700,0
23,55,1769,1361,1698,1595,0
23,56,1769,1361,2867,2916,0
23,57,1769,1361,2436,1514,0
23,58,1769,1361,2012,2768,0
23,59,1769,1361,2307,1019,0
23,60,1769,1361,59,2441,0
23,61,1769,1361,1399,1108,0
23,62,1769,1361,2643,1912,0
23,63,1769,1361,2219,2119,0
23,64,1769,1361,2401,2202,0
23,65,1769,1361,387,1838,0
23,66,1769,1361,1601,1532,0
23,67,1769,1361,2837,72,0
23,68,1769,1361,1391,2951,0
23,69,1769,1361,595,1317,0
23,70,1769,1361,2920,540,0
23,71,1769,1361,2816,2465,0
23,72,1769,1361,2231,1907,0
23,73,1769,1361,1470,2429,0
23,74,1769,1361,2847,1382,0
23,75,1769,1361,1398,2370,0
23,76,1769,1361,1762,2756,0
23,77,1769,1361,95,1819,0
23,78,1769,1361,2814,2784,0
23,79,1769,1361,2728,847,0
23,80,1769,1361,1380,2542,0
23,81,1769,1361,1722,2778,0
23,82,1769,1361,2181,2634,0
23,83,1769,1361,2405,2720,0
23,84,1769,1361,2862,2797,0
23,85,1769,1361,598,2000,0
23,86,1769,1361,2675,1916,0
23,87,1769,1361,2094,513,0
23,88,1769,1361,89,2129,0
23,89,1769,1361,1347,973,0
23,90,1769,1361,1412,647,0
23,91,1769,1361,2716,1699,0
23,92,1769,1361,2679,301,0
23,93,1769,1361,2086,1982,0
23,94,1769,1361,750,2399,0
23,95,1769,1361,503,2249,0
23,96,1769,1361,1529,2820,0
23,97,1769,1361,116,1176,0
23,98,1769,1361,692,2813,0
23,99,1769,1361,231,639,0
23,100,1769,1361,2740,2598,0
23,101,1769,1361,224,2208,0
23,102,1769,1361,1683,724,0
23,103,1769,1361,1276,2330,0
23,104,1769,1361,107,933,0
23,105,1769,1361,1480,2153,0
23,106,1769,1361,891,1933,0
23,107,1769,1361,2849,2170,0
23,108,1769,1361,1226,2205,0
23,109,1769,1361,1117,460,0
23,110,1769,1361,1597,111,0
23,111,1769,1361,2174,2704,0
23,112,1769,1361,811,90,0
23,113,1769,1361,260,692,0
23,114,1769,1361,1967,1969,0
23,115,1769,1361,1133,2946,0
23,116,1769,1361,786,2901,0
23,117,1769,1361,312,1389,0
23,118,1769,1361,2476,340,0
23,119,1769,1361,2362,2436,0
23,120,1769,1361,1679,1396,0
23,121,1769,1361,2646,1977,0
23,122,1769,1361,1769,2613,0
23,123,1769,1361,636,2906,0
23,124,1769,1361,2503,2888,0
23,125,1769,1361,727,2051,0
23,126,1769,1361,339,2092,0
23,127,1769,1361,2559,1995,0
23,128,1769,1361,1491,2896,0
23,129,1769,1361,2256,1576,0
23,130,1769,1361,335,2848,0
23,131,1769,1361,1279,994,0
23,132,1769,1361,191,2042,0
23,133,1769,1361,2815,2594,0
23,134,1769,1361,1341,659,0
23,135,1769,1361,202,1952,0
23,136,1769,1361,2049,235,0
23,137,1769,1361,949,365,0
23,138,1769,1361,442,484,0
23,139,1769,1361,1496,989,0
23,140,1769,1361,1432,2260,0
23,141,1769,1361,378,1386,0
23,142,1769,1361,251,778,0
23,143,1769,1361,483,113,0
23,144,1769,1361,2426,100,0
23,145,1769,1361,2388,1563,0
23,146,1769,1361,2427,2993,0
23,147,1769,1361,1415,940,0
23,148,1769,1361,40,1221,0
23,149,1769,1361,415,137,0
23,150,1769,1361,256,2140,0
23,151,1769,1361,90,1522,0
23,152,1769,1361,1589,989,0
23,153,1769,1361,341,205,0
23,154,1769,1361,883,1339,0
23,155,1769,1361,280,1464,0
23,156,1769,1361,1201,2822,0
23,157,1769,1361,2942,1389,0
23,158,1769,1361,1138,2750,0
23,159,1769,1361,2639,1778,0
23,160,1769,1361,662,429,0
23,161,1769,1361,652,7,0
23,162,1769,1361,2034,2057,0
23,163,1769,1361,2854,2051,0
23,164,1769,1361,1441,1791,0
23,165,1769,1361,2428,256,0
23,166,1769,1361,112,2528,0
23,167,1769,1361,2873,2538,0
23,168,1769,1361,2900,823,0
23,169,1769,1361,263,2591,0
23,170,1769,1361,486,2698,0
23,171,1769,1361,568,150,0
23,172,1769,1361,1194,2604,0
23,173,1769,1361,1563,2193,0
23,174,1769,1361,882,2764,0
23,175,1769,1361,1800,2849,0
23,176,1769,1361,58,2694,0
23,177,1769,1361,2845,282,0
23,178,1769,1361,2776,2400,0
23,179,1769,1361,2493,1574,0
23,180,1769,1361,1075,1910,0
23,181,1769,1361,449,428,0
23,182,1769,1361,2039,1945,0
23,183,1769,1361,2887,271,0
23,184,1769,1361,1400,2901,0
23,185,1769,1361,2908,1118,0
23,186,1769,1361,1650,1604,0
23,187,1769,1361,2331,1718,0
23,188,1769,1361,1439,133,0
23,189,1769,1361,42,79,0
23,190,1769,1361,1558,1707,0
23,191,1769,1361,177,1143,0
23,192,1769,1361,2585,1501,0
23,193,1769,1361,888,374,0
23,194,1769,1361,263,2834,0
23,195,1769,1361,1595,2302,0
24,0,1719,2907,434,320,0
24,1,1719,2907,571,1612,0
24,2,1719,2907,135,2521,0
24,3,1719,2907,1047,2342,0
24,4,1719,2907,1231,1324,0
24,5,1719,2907,675,751,0
24,6,1719,2907,1122,987,0
24,7,1719,2907,242,2916,0
24,8,1719,2907,1743,2319,0
24,9,1719,2907,2618,754,0
24,10,1719,2907,2910,1478,0
24,11,1719,2907,2108,832,0
24,12,1719,2907,2,1143,0
24,13,1719,2907,1115,2279,0
24,14,1719,2907,1977,415,0
24,15,1719,2907,2226,1439,0
24,16,1719,2907,2325,1601,0
24,17,1719,2907,2489,1612,0
24,18,1719,2907,488,2077,0
24,19,1719,2907,1366,798,0
24,20,1719,2907,190,1364,0
24,21,1719,2907,2898,1873,0
24,22,1719,2907,2802,484,0
24,23,1719,2907,1769,1361,0
24,25,1719,2907,203,816,0
24,26,1719,2907,1401,1966,0
24,27,1719,2907,565,2022,0
24,28,1719,2907,2418,1484,0
24,29,1719,2907,2744,2458,0
24,30,1719,2907,2840,2909,0
24,31,1719,2907,2633,2565,0
24,32,1719,2907,2705,1885,0
24,33,1719,2907,2153,2262,0
24,34,1719,2907,387,708,0
24,35,1719,2907,2510,1697,0
24,36,1719,2907,648,2898,0
24,37,1719,2907,652,1817,0
24,38,1719,2907,1578,698,0
24,39,1719,2907,2296,2101,0
24,40,1719,2907,1931,2689,0
24,41,1719,2907,526,1595,0
24,42,1719,2907,2293,1825,0
24,43,1719,2907,533,1404,0
24,44,1719,2907,2655,608,0
24,45,1719,2907,1891,927,0
24,46,1719,2907,362,551,0
24,47,1719,2907,517,432,0
24,48,1719,2907,554,2611,0
24,49,1719,2907,2495,1015,0
24,50,1719,2907,582,952,0
24,51,1719,2907,2325,1655,0
24,52,1719,2907,627,564,0
24,53,1719,2907,118,1718,0
24,54,1719,2907,1703,700,0
24,55,1719,2907,1698,1595,0
24,56,1719,2907,2867,2916,0
24,57,1719,2907,2436,1514,0
24,58,1719,2907,2012,2768,0
24,59,1719,2907,2307,1019,0
24,60,1719,2907,59,2441,0
24,61,1719,2907,1399,1108,0
24,62,1719,2907,2643,1912,0
24,63,1719,2907,2219,2119,0
24,64,1719,2907,2401,2202,0
24,65,1719,2907,387,1838,0
24,66,1719,2907,1601,1532,0
24,67,1719,2907,2837,72,0
24,68,1719,2907,1391,2951,0
24,69,1719,2907,595,1317,0
24,70,1719,2907,2920,540,0
24,71,1719,2907,2816,2465,0
24,72,1719,2907,2231,1907,0
24,73,1719,2907,1470,2429,0
24,74,1719,2907,2847,1382,0
24,75,1719,2907,1398,2370,0
24,76,1719,2907,1762,2756,0
24,77,1719,2907,95,1819,0
24,78,1719,2907,2814,2784,0
24,79,1719,2907,2728,847,0
24,80,1719,2907,1380,2542,0
24,81,1719,2907,1722,2778,0
24,82,1719,2907,2181,2634,0
24,83,1719,2907,2405,2720,0
24,84,1719,2907,2862,2797,0
24,85,1719,2907,598,2000,0
24,86,1719,2907,2675,1916,0
24,87,1719,2907,2094,513,0
24,88,1719,2907,89,2129,0
24,89,1719,2907,1347,973,0
24,90,1719,2907,1412,647,0
24,91,1719,2907,2716,1699,0
24,92,1719,2907,2679,301,0
24,93,1719,2907,2086,1982,0
24,94,1719,2907,750,2399,0
24,95,1719,2907,503,2249,0
24,96,1719,2907,1529,2820,1
24,97,1719,2907,116,1176,0
24,98,1719,2907,692,2813,0
24,99,1719,2907,231,639,0
24,100,1719,2907,2740,2598,0
24,101,1719,2907,224,2208,0
24,102,1719,2907,1683,724,0
24,103,1719,2907,1276,2330,0
24,104,1719,2907,107,933,0
24,105,1719,2907,1480,2153,0
24,106,1719,2907,891,1933,0
24,107,1719,2907,2849,2170,0
24,108,1719,2907,1226,2205,0
24,109,1719,2907,1117,460,0
24,110,1719,2907,1597,111,0
24,111,1719,2907,2174,2704,0
24,112,1719,2907,811,90,0
24,113,1719,2907,260,692,0
24,114,1719,2907,1967,1969,0
24,115,1719,2907,1133,2946,0
24,116,1719,2907,786,2901,0
24,117,1719,2907,312,1389,0
24,118,1719,2907,2476,340,0
24,119,1719,2907,2362,2436,0
24,120,1719,2907,1679,1396,0
24,121,1719,2907,2646,1977,0
24,122,1719,2907,1769,2613,0
24,123,1719,2907,636,2906,0
24,124,1719,2907,2503,2888,0
24,125,1719,2907,727,2051,0
24,126,1719,2907,339,2092,0
24,127,1719,2907,2559,1995,0
24,128,1719,2907,1491,2896,0
24,129,1719,2907,2256,1576,0
24,130,1719,2907,335,2848,0
24,131,1719,2907,1279,994,0
24,132,1719,2907,191,2042,0
24,133,1719,2907,2815,2594,0
24,134,1719,2907,1341,659,0
24,135,1719,2907,202,1952,0
24,136,1719,2907,2049,235,0
24,137,1719,2907,949,365,0
24,138,1719,2907,442,484,0
24,139,1719,2907,1496,989,0
24,140,1719,2907,1432,2260,0
24,141,1719,2907,378,1386,0
24,142,1719,2907,251,778,0
24,143,1719,2907,483,113,0
24,144,1719,2907,2426,100,0
24,145,1719,2907,2388,1563,0
24,146,1719,2907,2427,2993,0
24,147,1719,2907,1415,940,0
24,148,1719,2907,40,1221,0
24,149,1719,2907,415,137,0
24,150,1719,2907,256,2140,0
24,151,1719,2907,90,1522,0
24,152,1719,2907,1589,989,0
24,153,1719,2907,341,205,0
24,154,1719,2907,883,1339,0
24,155,1719,2907,280,1464,0
24,156,1719,2907,1201,2822,0
24,157,1719,2907,2942,1389,0
24,158,1719,2907,1138,2750,0
24,159,1719,2907,2639,1778,0
24,160,1719,2907,662,429,0
24,161,1719,2907,652,7,0
24,162,1719,2907,2034,2057,0
24,163,1719,2907,2854,2051,0
24,164,1719,2907,1441,1791,0
24,165,1719,2907,2428,256,0
24,166,1719,2907,112,2528,0
24,167,1719,2907,2873,2538,0
24,168,1719,2907,2900,823,0
24,169,1719,2907,263,2591,0
24,170,1719,2907,486,2698,0
24,171,1719,2907,568,150,0
24,172,1719,2907,1194,2604,0
24,173,1719,2907,1563,2193,0
24,174,1719,2907,882,2764,0
24,175,1719,2907,1800,2849,0
24,176,1719,2907,58,2694,0
24,177,1719,2907,2845,282,0
24,178,1719,2907,2776,2400,0
24,179,1719,2907,2493,1574,0
24,180,1719,2907,1075,1910,0
24,181,1719,2907,449,428,0
24,182,1719,2907,2039,1945,0
24,183,1719,2907,2887,271,0
24,184,1719,2907,1400,2901,0
24,185,1719,2907,2908,1118,0
24,186,1719,2907,1650,1604,0
24,187,1719,2907,2331,1718,0
24,188,1719,2907,1439,133,0
24,189,1719,2907,42,79,0
24,190,1719,2907,1558,1707,0
24,191,1719,2907,177,1143,0
24,192,1719,2907,2585,1501,0
24,193,1719,2907,888,374,0
24,194,1719,2907,263,2834,0
24,195,1719,2907,1595,2302,0
25,0,203,816,434,320,0
25,1,203,816,571,1612,0
25,2,203,816,135,2521,0
25,3,203,816,1047,2342,0
25,4,203,816,1231,1324,0
25,5,203,816,675,751,0
25,6,203,816,1122,987,0
25,7,203,816,242,2916,0
25,8,203,816,1743,2319,0
25,9,203,816,2618,754,0
25,10,203,816,2910,1478,0
25,11,203,816,2108,832,0
25,12,203,816,2,1143,0
25,13,203,816,1115,2279,0
25,14,203,816,1977,415,0
25,15,203,816,2226,1439,0
25,16,203,816,2325,1601,0
25,17,203,816,2489,1612,0
25,18,203,816,488,2077,0
25,19,203,816,1366,798,0
25,20,203,816,190,1364,0
25,21,203,816,2898,1873,0
25,22,203,816,2802,484,0
25,23,203,816,1769,1361,0
25,24,203,816,1719,2907,0
25,26,203,816,1401,1966,0
25,27,203,816,565,2022,0
25,28,203,816,2418,1484,0
25,29,203,816,2744,2458,0
25,30,203,816,2840,2909,0
25,31,203,816,2633,2565,0
25,32,203,816,2705,1885,0
25,33,203,816,2153,2262,0
25,34,203,816,387,708,0
25,35,203,816,2510,1697,0
25,36,203,816,648,2898,0
25,37,203,816,652,1817,0
25,38,203,816,1578,698,0
25,39,203,816,2296,2101,0
25,40,203,816,1931,2689,0
25,41,203,816,526,1595,0
25,42,203,816,2293,1825,0
25,43,203,816,533,1404,0
25,44,203,816,2655,608,0
25,45,203,816,1891,927,0
25,46,203,816,362,551,0
25,47,203,816,517,432,0
25,48,203,816,554,2611,0
25,49,203,816,2495,1015,0
25,50,203,816,582,952,0
25,51,203,816,2325,1655,0
25,52,203,816,627,564,0
25,53,203,816,118,1718,0
25,54,203,816,1703,700,0
25,55,203,816,1698,1595,0
25,56,203,816,2867,2916,0
25,57,203,816,2436,1514,0
25,58,203,816,2012,2768,0
25,59,203,816,2307,1019,0
25,60,203,816,59,2441,0
25,61,203,816,1399,1108,0
25,62,203,816,2643,1912,0
25,63,203,816,2219,2119,0
25,64,203,816,2401,2202,0
25,65,203,816,387,1838,0
25,66,203,816,1601,1532,0
25,67,203,816,2837,72,0
25,68,203,816,1391,2951,0
25,69,203,816,595,1317,0
25,70,203,816,2920,540,0
25,71,203,816,2816,2465,0
25,72,203,816,2231,1907,0
25,73,203,816,1470,2429,0
25,74,203,816,2847,1382,0
25,75,203,816,1398,2370,0
25,76,203,816,1762,2756,0
25,77,203,816,95,1819,0
25,78,203,816,2814,2784,0
25,79,203,816,2728,847,0
25,80,203,816,1380,2542,0
25,81,203,816,1722,2778,0
25,82,203,816,2181,2634,0
25,83,203,816,2405,2720,0
25,84,203,816,2862,2797,0
25,85,203,816,598,2000,0
25,86,203,816,2675,1916,0
25,87,203,816,2094,513,0
25,88,203,816,89,2129,0
25,89,203,816,1347,973,0
25,90,203,816,1412,647,0
25,91,203,816,2716,1699,0
25,92,203,816,2679,301,0
25,93,203,816,2086,1982,0
25,94,203,816,750,2399,0
25,95,203,816,503,2249,0
25,96,203,816,1529,2820,0
25,97,203,816,116,1176,0
25,98,203,816,692,2813,0
25,99,203,816,231,639,0
25,100,203,816,2740,2598,0
25,101,203,816,224,2208,0
25,102,203,816,1683,724,0
25,103,203,816,1276,2330,0
25,104,203,816,107,933,0
25,105,203,816,1480,2153,0
25,106,203,816,891,1933,0
25,107,203,816,2849,2170,0
25,108,203,816,1226,2205,0
25,109,203,816,1117,460,0
25,110,203,816,1597,111,0
25,111,203,816,2174,2704,0
25,112,203,816,811,90,0
25,113,203,816,260,692,0
25,114,203,816,1967,1969,0
25,115,203,816,1133,2946,0
25,116,203,816,786,2901,0
25,117,203,816,312,1389,0
25,118,203,816,2476,340,0
25,119,203,816,2362,2436,0
25,120,203,816,1679,1396,0
25,121,203,816,2646,1977,0
25,122,203,816,1769,2613,0
25,123,203,816,636,2906,0
25,124,203,816,2503,2888,0
25,125,203,816,727,2051,0
25,126,203,816,339,2092,0
25,127,203,816,2559,1995,0
25,128,203,816,1491,2896,0
25,129,203,816,2256,1576,0
25,130,203,816,335,2848,0
25,131,203,816,1279,994,0
25,132,203,816,191,2042,0
25,133,203,816,2815,2594,0
25,134,203,816,1341,659,0
25,135,203,816,202,1952,0
25,136,203,816,2049,235,0
25,137,203,816,949,365,0
25,138,203,816,442,484,0
25,139,203,816,1496,989,0
25,140,203,816,1432,2260,0
25,141,203,816,378,1386,0
25,142,203,816,251,778,1
25,143,203,816,483,113,0
25,144,203,816,2426,100,0
25,145,203,816,2388,1563,0
25,146,203,816,2427,2993,0
25,147,203,816,1415,940,0
25,148,203,816,40,1221,0
25,149,203,816,415,137,0
25,150,203,816,256,2140,0
25,151,203,816,90,1522,0
25,152,203,816,1589,989,0
25,153,203,816,341,205,0
25,154,203,816,883,1339,0
25,155,203,816,280,1464,0
25,156,203,816,1201,2822,0
25,157,203,816,2942,1389,0
25,158,203,816,1138,2750,0
25,159,203,816,2639,1778,0
25,160,203,816,662,429,0
25,161,203,816,652,7,0
25,162,203,816,2034,2057,0
25,163,203,816,2854,2051,0
25,164,203,816,1441,1791,0
25,165,203,816,2428,256,0
25,166,203,816,112,2528,0
25,167,203,816,2873,2538,0
25,168,203,816,2900,823,0
25,169,203,816,263,2591,0
25,170,203,816,486,2698,0
25,171,203,816,568,150,0
25,172,203,816,1194,2604,0
25,173,203,816,1563,2193,0
25,174,203,816,882,2764,0
25,175,203,816,1800,2849,0
25,176,203,816,58,2694,0
25,177,203,816,2845,282,0
25,178,203,816,2776,2400,0
25,179,203,816,2493,1574,0
25,180,203,816,1075,1910,0
25,181,203,816,449,428,0
25,182,203,816,2039,1945,0
25,183,203,816,2887,271,0
25,184,203,816,1400,2901,0
25,185,203,816,2908,1118,0
25,186,203,816,1650,1604,0
25,187,203,816,2331,1718,0
25,188,203,816,1439,133,0
25,189,203,816,42,79,0
25,190,203,816,1558,1707,0
25,191,203,816,177,1143,0
25,192,203,816,2585,1501,0
25,193,203,816,888,374,0
25,194,203,816,263,2834,0
25,195,203,816,1595,2302,0
26,0,1401,1966,434,320,0
26,1,1401,1966,571,1612,0
26,2,1401,1966,135,2521,0
26,3,1401,1966,1047,2342,0
26,4,1401,1966,1231,1324,0
26,5,1401,1966,675,751,0
26,6,1401,1966,1122,987,0
26,7,1401,1966,242,2916,0
26,8,1401,1966,1743,2319,0
26,9,1401,1966,2618,754,0
26,10,1401,1966,2910,1478,0
26,11,1401,1966,2108,832,0
26,12,1401,1966,2,1143,0
26,13,1401,1966,1115,2279,0
26,14,1401,1966,1977,415,0
26,15,1401,1966,2226,1439,0
26,16,1401,1966,2325,1601,0
26,17,1401,1966,2489,1612,0
26,18,1401,1966,488,2077,0
26,19,1401,1966,1366,798,0
26,20,1401,1966,190,1364,0
26,21,1401,1966,2898,1873,0
26,22,1401,1966,2802,484,0
26,23,1401,1966,1769,1361,0
26,24,1401,1966,1719,2907,0
26,25,1401,1966,203,816,0
26,27,1401,1966,565,2022,0
26,28,1401,1966,2418,1484,0
26,29,1401,1966,2744,2458,0
26,30,1401,1966,2840,2909,0
26,31,1401,1966,2633,2565,0
26,32,1401,1966,2705,1885,0
26,33,1401,1966,2153,2262,0
26,34,1401,1966,387,708,0
26,35,1401,1966,2510,1697,0
26,36,1401,1966,648,2898,0
26,37,1401,1966,652,1817,0
26,38,1401,1966,1578,698,0
26,39,1401,1966,2296,2101,0
26,40,1401,1966,1931,2689,0
26,41,1401,1966,526,1595,0
26,42,1401,1966,2293,1825,0
26,43,1401,1966,533,1404,0
26,44,1401,1966,2655,608,0
26,45,1401,1966,1891,927,0
26,46,1401,1966,362,551,0
26,47,1401,1966,517,432,0
26,48,1401,1966,554,2611,0
26,49,1401,1966,2495,1015,0
26,50,1401,1966,582,952,0
26,51,1401,1966,2325,1655,0
26,52,1401,1966,627,564,0
26,53,1401,1966,118,1718,0
26,54,1401,1966,1703,700,0
26,55,1401,1966,1698,1595,0
26,56,1401,1966,2867,2916,0
26,57,1401,1966,2436,1514,0
26,58,1401,1966,2012,2768,0
26,59,1401,1966,2307,1019,0
26,60,1401,1966,59,2441,0
26,61,1401,1966,1399,1108,0
26,62,1401,1966,2643,1912,0
26,63,1401,1966,2219,2119,0
26,64,1401,1966,2401,2202,0
26,65,1401,1966,387,1838,0
26,66,1401,1966,1601,1532,0
26,67,1401,1966,2837,72,0
26,68,1401,1966,1391,2951,0
26,69,1401,1966,595,1317,0
26,70,1401,1966,2920,540,0
26,71,1401,1966,2816,2465,0
26,72,1401,1966,2231,1907,0
26,73,1401,1966,1470,2429,0
26,74,1401,1966,2847,1382,0
26,75,1401,1966,1398,2370,0
26,76,1401,1966,1762,2756,0
26,77,1401,1966,95,1819,0
26,78,1401,1966,2814,2784,0
26,79,1401,1966,2728,847,0
26,80,1401,1966,1380,2542,0
26,81,1401,1966,1722,2778,0
26,82,1401,1966,2181,2634,0
26,83,1401,1966,2405,2720,0
26,84,1401,1966,2862,2797,0
26,85,1401,1966,598,2000,0
26,86,1401,1966,2675,1916,0
26,87,1401,1966,2094,513,0
26,88,1401,1966,89,2129,0
26,89,1401,1966,1347,973,0
26,90,1401,1966,1412,647,0
26,91,1401,1966,2716,1699,0
26,92,1401,1966,2679,301,0
26,93,1401,1966,2086,1982,0
26,94,1401,1966,750,2399,0
26,95,1401,1966,503,2249,0
26,96,1401,1966,1529,2820,0
26,97,1401,1966,116,1176,0
26,98,1401,1966,692,2813,0
26,99,1401,1966,231,639,0
26,100,1401,1966,2740,2598,0
26,101,1401,1966,224,2208,0
26,102,1401,1966,1683,724,0
26,103,1401,1966,1276,2330,0
26,104,1401,1966,107,933,0
26,105,1401,1966,1480,2153,0
26,106,1401,1966,891,1933,0
26,107,1401,1966,2849,2170,0
26,108,1401,1966,1226,2205,0
26,109,1401,1966,1117,460,0
26,110,1401,1966,1597,111,0
26,111,1401,1966,2174,2704,0
26,112,1401,1966,811,90,0
26,113,1401,1966,260,692,0
26,114,1401,1966,1967,1969,0
26,115,1401,1966,1133,2946,0
26,116,1401,1966,786,2901,0
26,117,1401,1966,312,1389,0
26,118,1401,1966,2476,340,0
26,119,1401,1966,2362,2436,0
26,120,1401,1966,1679,1396,0
26,121,1401,1966,2646,1977,0
26,122,1401,1966,1769,2613,0
26,123,1401,1966,636,2906,0
26,124,1401,1966,2503,2888,0
26,125,1401,1966,727,2051,0
26,126,1401,1966,339,2092,0
26,127,1401,1966,2559,1995,0
26,128,1401,1966,1491,2896,0
26,129,1401,1966,2256,1576,0
26,130,1401,1966,335,2848,0
26,131,1401,1966,1279,994,0
26,132,1401,1966,191,2042,0
26,133,1401,1966,2815,2594,0
26,134,1401,1966,1341,659,0
26,135,1401,1966,202,1952,0
26,136,1401,1966,2049,235,0
26,137,1401,1966,949,365,0
26,138,1401,1966,442,484,0
26,139,1401,1966,1496,989,0
26,140,1401,1966,1432,2260,0
26,141,1401,1966,378,1386,0
26,142,1401,1966,251,778,0
26,143,1401,1966,483,113,0
26,144,1401,1966,2426,100,0
26,145,1401,1966,2388,1563,0
26,146,1401,1966,2427,2993,0
26,147,1401,1966,1415,940,0
26,148,1401,1966,40,1221,0
26,149,1401,1966,415,137,0
26,150,1401,1966,256,2140,0
26,151,1401,1966,90,1522,0
26,152,1401,1966,1589,989,0
26,153,1401,1966,341,205,0
26,154,1401,1966,883,1339,0
26,155,1401,1966,280,1464,0
26,156,1401,1966,1201,2822,0
26,157,1401,1966,2942,1389,0
26,158,1401,1966,1138,2750,0
26,159,1401,1966,2639,1778,0
26,160,1401,1966,662,429,0
26,161,1401,1966,652,7,0
26,162,1401,1966,2034,2057,0
26,163,1401,1966,2854,2051,0
26,164,1401,1966,1441,1791,1
26,165,1401,1966,2428,256,0
26,166,1401,1966,112,2528,0
26,167,1401,1966,2873,2538,0
26,168,1401,1966,2900,823,0
26,169,1401,1966,263,2591,0
26,170,1401,1966,486,2698,0
26,171,1401,1966,568,150,0
26,172,1401,1966,1194,2604,0
26,173,1401,1966,1563,2193,0
26,174,1401,1966,882,2764,0
26,175,1401,1966,1800,2849,0
26,176,1401,1966,58,2694,0
26,177,1401,1966,2845,282,0
26,178,1401,1966,2776,2400,0
26,179,1401,1966,2493,1574,0
26,180,1401,1966,1075,1910,0
26,181,1401,1966,449,428,0
26,182,1401,1966,2039,1945,0
26,183,1401,1966,2887,271,0
26,184,1401,1966,1400,2901,0
26,185,1401,1966,2908,1118,0
26,186,1401,1966,1650,1604,0
26,187,1401,1966,2331,1718,0
26,188,1401,1966,1439,133,0
26,189,1401,1966,42,79,0
26,190,1401,1966,1558,1707,0
26,191,1401,1966,177,1143,0
26,192,1401,1966,2585,1501,0
26,193,1401,1966,888,374,0
26,194,1401,1966,263,2834,0
26,195,1401,1966,1595,2302,0
27,0,565,2022,434,320,0
27,1,565,2022,571,1612,0
27,2,565,2022,135,2521,0
27,3,565,2022,1047,2342,0
27,4,565,2022,1231,1324,0
27,5,565,2022,675,751,0
27,6,565,2022,1122,987,0
27,7,565,2022,242,2916,0
27,8,565,2022,1743,2319,0
27,9,565,2022,2618,754,0
27,10,565,2022,2910,1478,0
27,11,565,2022,2108,832,0
27,12,565,2022,2,1143,0
27,13,565,2022,1115,2279,0
27,14,565,2022,1977,415,0
27,15,565,2022,2226,1439,0
27,16,565,2022,2325,1601,0
27,17,565,2022,2489,1612,0
27,18,565,2022,488,2077,0
27,19,565,2022,1366,798,0
27,20,565,2022,190,1364,0
27,21,565,2022,2898,1873,0
27,22,565,2022,2802,484,0
27,23,565,2022,1769,1361,0
27,24,565,2022,1719,2907,0
27,25,565,2022,203,816,0
27,26,565,2022,1401,1966,0
27,28,565,2022,2418,1484,0
27,29,565,2022,2744,2458,0
27,30,565,2022,2840,2909,0
27,31,565,2022,2633,2565,0
27,32,565,2022,2705,1885,0
27,33,565,2022,2153,2262,0
27,34,565,2022,387,708,0
27,35,565,2022,2510,1697,0
27,36,565,2022,648,2898,0
27,37,565,2022,652,1817,0
27,38,565,2022,1578,698,0
27,39,565,2022,2296,2101,0
27,40,565,2022,1931,2689,0
27,41,565,2022,526,1595,0
27,42,565,2022,2293,1825,0
27,43,565,2022,533,1404,0
27,44,565,2022,2655,608,0
27,45,565,2022,1891,927,0
27,46,565,2022,362,551,0
27,47,565,2022,517,432,0
27,48,565,2022,554,2611,0
27,49,565,2022,2495,1015,0
27,50,565,2022,582,952,0
27,51,565,2022,2325,1655,0
27,52,565,2022,627,564,0
27,53,565,2022,118,1718,0
27,54,565,2022,1703,700,0
27,55,565,2022,1698,1595,0
27,56,565,2022,2867,2916,0
27,57,565,2022,2436,1514,0
27,58,565,2022,2012,2768,0
27,59,565,2022,2307,1019,0
27,60,565,2022,59,2441,0
27,61,565,2022,1399,1108,0
27,62,565,2022,2643,1912,0
27,63,565,2022,2219,2119,0
27,64,565,2022,2401,2202,0
27,65,565,2022,387,1838,0
27,66,565,2022,1601,1532,0
27,67,565,2022,2837,72,0
27,68,565,2022,1391,2951,0
27,69,565,2022,595,1317,0
27,70,565,2022,2920,540,0
27,71,565,2022,2816,2465,0
27,72,565,2022,2231,1907,0
27,73,565,2022,1470,2429,0
27,74,565,2022,2847,1382,0
27,75,565,2022,1398,2370,0
27,76,565,2022,1762,2756,0
27,77,565,2022,95,1819,0
27,78,565,2022,2814,2784,0
27,79,565,2022,2728,847,0
27,80,565,2022,1380,2542,0
27,81,565,2022,1722,2778,0
27,82,565,2022,2181,2634,0
27,83,565,2022,2405,2720,0
27,84,565,2022,2862,2797,0
27,85,565,2022,598,2000,1
27,86,565,2022,2675,1916,0
27,87,565,2022,2094,513,0
27,88,565,2022,89,2129,0
27,89,565,2022,1347,973,0
27,90,565,2022,1412,647,0
27,91,565,2022,2716,1699,0
27,92,565,2022,2679,301,0
27,93,565,2022,2086,1982,0
27,94,565,2022,750,2399,0
27,95,565,2022,503,2249,0
27,96,565,2022,1529,2820,0
27,97,565,2022,116,1176,0
27,98,565,2022,692,2813,0
27,99,565,2022,231,639,0
27,100,565,2022,2740,2598,0
27,101,565,2022,224,2208,0
27,102,565,2022,1683,724,0
27,103,565,2022,1276,2330,0
27,104,565,2022,107,933,0
27,105,565,2022,1480,2153,0
27,106,565,2022,891,1933,0
27,107,565,2022,2849,2170,0
27,108,565,2022,1226,2205,0
27,109,565,2022,1117,460,0
27,110,565,2022,1597,111,0
27,111,565,2022,2174,2704,0
27,112,565,2022,811,90,0
27,113,565,2022,260,692,0
27,114,565,2022,1967,1969,0
27,115,565,2022,1133,2946,0
27,116,565,2022,786,2901,0
27,117,565,2022,312,1389,0
27,118,565,2022,2476,340,0
27,119,565,2022,2362,2436,0
27,120,565,2022,1679,1396,0
27,121,565,2022,2646,1977,0
27,122,565,2022,1769,2613,0
27,123,565,2022,636,2906,0
27,124,565,2022,2503,2888,0
27,125,565,2022,727,2051,0
27,126,565,2022,339,2092,0
27,127,565,2022,2559,1995,0
27,128,565,2022,1491,2896,0
27,129,565,2022,2256,1576,0
27,130,565,2022,335,2848,0
27,131,565,2022,1279,994,0
27,132,565,2022,191,2042,0
27,133,565,2022,2815,2594,0
27,134,565,2022,1341,659,0
27,135,565,2022,202,1952,0
27,136,565,2022,2049,235,0
27,137,565,2022,949,365,0
27,138,565,2022,442,484,0
27,139,565,2022,1496,989,0
27,140,565,2022,1432,2260,0
27,141,565,2022,378,1386,0
27,142,565,2022,251,778,0
27,143,565,2022,483,113,0
27,144,565,2022,2426,100,0
27,145,565,2022,2388,1563,0
27,146,565,2022,2427,2993,0
27,147,565,2022,1415,940,0
27,148,565,2022,40,1221,0
27,149,565,2022,415,137,0
27,150,565,2022,256,2140,0
27,151,565,2022,90,1522,0
27,152,565,2022,1589,989,0
27,153,565,2022,341,205,0
27,154,565,2022,883,1339,0
27,155,565,2022,280,1464,0
27,156,565,2022,1201,2822,0
27,157,565,2022,2942,1389,0
27,158,565,2022,1138,2750,0
27,159,565,2022,2639,1778,0
27,160,565,2022,662,429,0
27,161,565,2022,652,7,0
27,162,565,2022,2034,2057,0
27,163,565,2022,2854,2051,0
27,164,565,2022,1441,1791,0
27,165,565,2022,2428,256,0
27,166,565,2022,112,2528,0
27,167,565,2022,2873,2538,0
27,168,565,2022,2900,823,0
27,169,565,2022,263,2591,0
27,170,565,2022,486,2698,0
27,171,565,2022,568,150,0
27,172,565,2022,1194,2604,0
27,173,565,2022,1563,2193,0
27,174,565,2022,882,2764,0
27,175,565,2022,1800,2849,0
27,176,565,2022,58,2694,0
27,177,565,2022,2845,282,0
27,178,565,2022,2776,2400,0
27,179,565,2022,2493,1574,0
27,180,565,2022,1075,1910,0
27,181,565,2022,449,428,0
27,182,565,2022,2039,1945,0
27,183,565,2022,2887,271,0
27,184,565,2022,1400,2901,0
27,185,565,2022,2908,1118,0
27,186,565,2022,1650,1604,0
27,187,565,2022,2331,1718,0
27,188,565,2022,1439,133,0
27,189,565,2022,42,79,0
27,190,565,2022,1558,1707,0
27,191,565,2022,177,1143,0
27,192,565,2022,2585,1501,0
27,193,565,2022,888,374,0
27,194,565,2022,263,2834,0
27,195,565,2022,1595,2302,0
28,0,2418,1484,434,320,0
28,1,2418,1484,571,1612,0
28,2,2418,1484,135,2521,0
28,3,2418,1484,1047,2342,0
28,4,2418,1484,1231,1324,0
28,5,2418,1484,675,751,0
28,6,2418,1484,1122,987,0
28,7,2418,1484,242,2916,0
28,8,2418,1484,1743,2319,0
28,9,2418,1484,2618,754,0
28,10,2418,1484,2910,1478,0
28,11,2418,1484,2108,832,0
28,12,2418,1484,2,1143,0
28,13,2418,1484,1115,2279,0
28,14,2418,1484,1977,415,0
28,15,2418,1484,2226,1439,0
28,16,2418,1484,2325,1601,0
28,17,2418,1484,2489,1612,0
28,18,2418,1484,488,2077,0
28,19,2418,1484,1366,798,0
28,20,2418,1484,190,1364,0
28,21,2418,1484,2898,1873,0
28,22,2418,1484,2802,484,0
28,23,2418,1484,1769,1361,0
28,24,2418,1484,1719,2907,0
28,25,2418,1484,203,816,0
28,26,2418,1484,1401,1966,0
28,27,2418,1484,565,2022,0
28,29,2418,1484,2744,2458,0
28,30,2418,1484,2840,2909,0
28,31,2418,1484,2633,2565,0
28,32,2418,1484,2705,1885,0
28,33,2418,1484,2153,2262,0
28,34,2418,1484,387,708,0
28,35,2418,1484,2510,1697,0
28,36,2418,1484,648,2898,0
28,37,2418,1484,652,1817,0
28,38,2418,1484,1578,698,0
28,39,2418,1484,2296,2101,0
28,40,2418,1484,1931,2689,0
28,41,2418,1484,526,1595,0
28,42,2418,1484,2293,1825,0
28,43,2418,1484,533,1404,0
28,44,2418,1484,2655,608,0
28,45,2418,1484,1891,927,0
28,46,2418,1484,362,551,0
28,47,2418,1484,517,432,0
28,48,2418,1484,554,2611,0
28,49,2418,1484,2495,1015,0
28,50,2418,1484,582,952,0
28,51,2418,1484,2325,1655,0
28,52,2418,1484,627,564,0
28,53,2418,1484,118,1718,0
28,54,2418,1484,1703,700,0
28,55,2418,1484,1698,1595,0
28,56,2418,1484,2867,2916,0
28,57,2418,1484,2436,1514,0
28,58,2418,1484,2012,2768,0
28,59,2418,1484,2307,1019,0
28,60,2418,1484,59,2441,0
28,61,2418,1484,1399,1108,0
28,62,2418,1484,2643,1912,0
28,63,2418,1484,2219,2119,0
28,64,2418,1484,2401,2202,0
28,65,2418,1484,387,1838,0
28,66,2418,1484,1601,1532,0
28,67,2418,1484,2837,72,0
28,68,2418,1484,1391,2951,0
28,69,2418,1484,595,1317,0
28,70,2418,1484,2920,540,0
28,71,2418,1484,2816,2465,0
28,72,2418,1484,2231,1907,0
28,73,2418,1484,1470,2429,0
28,74,2418,1484,2847,1382,0
28,75,2418,1484,1398,2370,0
28,76,2418,1484,1762,2756,0
28,77,2418,1484,95,1819,0
28,78,2418,1484,2814,2784,0
28,79,2418,1484,2728,847,0
28,80,2418,1484,1380,2542,0
28,81,2418,1484,1722,2778,0
28,82,2418,1484,2181,2634,0
28,83,2418,1484,2405,2720,0
28,84,2418,1484,2862,2797,0
28,85,2418,1484,598,2000,0
28,86,2418,1484,2675,1916,0
28,87,2418,1484,2094,513,0
28,88,2418,1484,89,2129,0
28,89,2418,1484,1347,973,0
28,90,2418,1484,1412,647,0
28,91,2418,1484,2716,1699,0
28,92,2418,1484,2679,301,0
28,93,2418,1484,2086,1982,0
28,94,2418,1484,750,2399,0
28,95,2418,1484,503,2249,0
28,96,2418,1484,1529,2820,0
28,97,2418,1484,116,1176,0
28,98,2418,1484,692,2813,0
28,99,2418,1484,231,639,0
28,100,2418,1484,2740,2598,0
28,101,2418,1484,224,2208,0
28,102,2418,1484,1683,724,0
28,103,2418,1484,1276,2330,0
28,104,2418,1484,107,933,0
28,105,2418,1484,1480,2153,0
28,106,2418,1484,891,1933,0
28,107,2418,1484,2849,2170,0
28,108,2418,1484,1226,2205,0
28,109,2418,1484,1117,460,0
28,110,2418,1484,1597,111,0
28,111,2418,1484,2174,2704,0
28,112,2418,1484,811,90,0
28,113,2418,1484,260,692,0
28,114,2418,1484,1967,1969,0
28,115,2418,1484,1133,2946,0
28,116,2418,1484,786,2901,0
28,117,2418,1484,312,1389,0
28,118,2418,1484,2476,340,0
28,119,2418,1484,2362,2436,0
28,120,2418,1484,1679,1396,0
28,121,2418,1484,2646,1977,0
28,122,2418,1484,1769,2613,0
28,123,2418,1484,636,2906,0
28,124,2418,1484,2503,2888,0
28,125,2418,1484,727,2051,0
28,126,2418,1484,339,2092,0
28,127,2418,1484,2559,1995,0
28,128,2418,1484,1491,2896,0
28,129,2418,1484,2256,1576,0
28,130,2418,1484,335,2848,0
28,131,2418,1484,1279,994,0
28,132,2418,1484,191,2042,0
28,133,2418,1484,2815,2594,0
28,134,2418,1484,1341,659,0
28,135,2418,1484,202,1952,0
28,136,2418,1484,2049,235,0
28,137,2418,1484,949,365,0
28,138,2418,1484,442,484,0
28,139,2418,1484,1496,989,0
28,140,2418,1484,1432,2260,0
28,141,2418,1484,378,1386,0
28,142,2418,1484,251,778,0
28,143,2418,1484,483,113,0
28,144,2418,1484,2426,100,0
28,145,2418,1484,2388,1563,1
28,146,2418,1484,2427,2993,0
28,147,2418,1484,1415,940,0
28,148,2418,1484,40,1221,0
28,149,2418,1484,415,137,0
28,150,2418,1484,256,2140,0
28,151,2418,1484,90,1522,0
28,152,2418,1484,1589,989,0
28,153,2418,1484,341,205,0
28,154,2418,1484,883,1339,0
28,155,2418,1484,280,1464,0
28,156,2418,1484,1201,2822,0
28,157,2418,1484,2942,1389,0
28,158,2418,1484,1138,2750,0
28,159,2418,1484,2639,1778,0
28,160,2418,1484,662,429,0
28,161,2418,1484,652,7,0
28,162,2418,1484,2034,2057,0
28,163,2418,1484,2854,2051,0
28,164,2418,1484,1441,1791,0
28,165,2418,1484,2428,256,0
28,166,2418,1484,112,2528,0
28,167,2418,1484,2873,2538,0
28,168,2418,1484,2900,823,0
28,169,2418,1484,263,2591,0
28,170,2418,1484,486,2698,0
28,171,2418,1484,568,150,0
28,172,2418,1484,1194,2604,0
28,173,2418,1484,1563,2193,0
28,174,2418,1484,882,2764,0
28,175,2418,1484,1800,2849,0
28,176,2418,1484,58,2694,0
28,177,2418,1484,2845,282,0
28,178,2418,1484,2776,2400,0
28,179,2418,1484,2493,1574,0
28,180,2418,1484,1075,1910,0
28,181,2418,1484,449,428,0
28,182,2418,1484,2039,1945,0
28,183,2418,1484,2887,271,0
28,184,2418,1484,1400,2901,0
28,185,2418,1484,2908,1118,0
28,186,2418,1484,1650,1604,0
28,187,2418,1484,2331,1718,0
28,188,2418,1484,1439,133,0
28,189,2418,1484,42,79,0
28,190,2418,1484,1558,1707,0
28,191,2418,1484,177,1143,0
28,192,2418,1484,2585,1501,0
28,193,2418,1484,888,374,0
28,194,2418,1484,263,2834,0
28,195,2418,1484,1595,2302,0
29,0,2744,2458,434,320,0
29,1,2744,2458,571,1612,0
29,2,2744,2458,135,2521,0
29,3,2744,2458,1047,2342,0
29,4,2744,2458,1231,1324,0
29,5,2744,2458,675,751,0
29,6,2744,2458,1122,987,0
29,7,2744,2458,242,2916,0
29,8,2744,2458,1743,2319,0
29,9,2744,2458,2618,754,0
29,10,2744,2458,2910,1478,0
29,11,2744,2458,2108,832,0
29,12,2744,2458,2,1143,0
29,13,2744,2458,1115,2279,0
29,14,2744,2458,1977,415,0
29,15,2744,2458,2226,1439,0
29,16,2744,2458,2325,1601,0
29,17,2744,2458,2489,1612,0
29,18,2744,2458,488,2077,0
29,19,2744,2458,1366,798,0
29,20,2744,2458,190,1364,0
29,21,2744,2458,2898,1873,0
29,22,2744,2458,2802,484,0
29,23,2744,2458,1769,1361,0
29,24,2744,2458,1719,2907,0
29,25,2744,2458,203,816,0
29,26,2744,2458,1401,1966,0
29,27,2744,2458,565,2022,0
29,28,2744,2458,2418,1484,0
29,30,2744,2458,2840,2909,0
29,31,2744,2458,2633,2565,0
29,32,2744,2458,2705,1885,0
29,33,2744,2458,2153,2262,0
29,34,2744,2458,387,708,0
29,35,2744,2458,2510,1697,0
29,36,2744,2458,648,2898,0
29,37,2744,2458,652,1817,0
29,38,2744,2458,1578,698,0
29,39,2744,2458,2296,2101,0
29,40,2744,2458,1931,2689,0
29,41,2744,2458,526,1595,0
29,42,2744,2458,2293,1825,0
29,43,2744,2458,533,1404,0
29,44,2744,2458,2655,608,0
29,45,2744,2458,1891,927,0
29,46,2744,2458,362,551,0
29,47,2744,2458,517,432,0
29,48,2744,2458,554,2611,0
29,49,2744,2458,2495,1015,0
29,50,2744,2458,582,952,0
29,51,2744,2458,2325,1655,0
29,52,2744,2458,627,564,0
29,53,2744,2458,118,1718,0
29,54,2744,2458,1703,700,0
29,55,2744,2458,1698,1595,0
29,56,2744,2458,2867,2916,0
29,57,2744,2458,2436,1514,0
29,58,2744,2458,2012,2768,0
29,59,2744,2458,2307,1019,0
29,60,2744,2458,59,2441,0
29,61,2744,2458,1399,1108,0
29,62,2744,2458,2643,1912,0
29,63,2744,2458,2219,2119,0
29,64,2744,2458,2401,2202,0
29,65,2744,2458,387,1838,0
29,66,2744,2458,1601,1532,0
29,67,2744,2458,2837,72,0
29,68,2744,2458,1391,2951,0
29,69,2744,2458,595,1317,0
29,70,2744,2458,2920,540,0
29,71,2744,2458,2816,2465,1
29,72,2744,2458,2231,1907,0
29,73,2744,2458,1470,2429,0
29,74,2744,2458,2847,1382,0
29,75,2744,2458,1398,2370,0
29,76,2744,2458,1762,2756,0
29,77,2744,2458,95,1819,0
29,78,2744,2458,2814,2784,0
29,79,2744,2458,2728,847,0
29,80,2744,2458,1380,2542,0
29,81,2744,2458,1722,2778,0
29,82,2744,2458,2181,2634,0
29,83,2744,2458,2405,2720,0
29,84,2744,2458,2862,2797,0
29,85,2744,2458,598,2000,0
29,86,2744,2458,2675,1916,0
29,87,2744,2458,2094,513,0
29,88,2744,2458,89,2129,0
29,89,2744,2458,1347,973,0
29,90,2744,2458,1412,647,0
29,91,2744,2458,2716,1699,0
29,92,2744,2458,2679,301,0
29,93,2744,2458,2086,1982,0
29,94,2744,2458,750,2399,0
29,95,2744,2458,503,2249,0
29,96,2744,2458,1529,2820,0
29,97,2744,2458,116,1176,0
29,98,2744,2458,692,2813,0
29,99,2744,2458,231,639,0
29,100,2744,2458,2740,2598,0
29,101,2744,2458,224,2208,0
29,102,2744,2458,1683,724,0
29,103,2744,2458,1276,2330,0
29,104,2744,2458,107,933,0
29,105,2744,2458,1480,2153,0
29,106,2744,2458,891,1933,0
29,107,2744,2458,2849,2170,0
29,108,2744,2458,1226,2205,0
29,109,2744,2458,1117,460,0
29,110,2744,2458,1597,111,0
29,111,2744,2458,2174,2704,0
29,112,2744,2458,811,90,0
29,113,2744,2458,260,692,0
29,114,2744,2458,1967,1969,0
29,115,2744,2458,1133,2946,0
29,116,2744,2458,786,2901,0
29,117,2744,2458,312,1389,0
29,118,2744,2458,2476,340,0
29,119,2744,2458,2362,2436,0
29,120,2744,2458,1679,1396,0
29,121,2744,2458,2646,1977,0
29,122,2744,2458,1769,2613,0
29,123,2744,2458,636,2906,0
29,124,2744,2458,2503,2888,0
29,125,2744,2458,727,2051,0
29,126,2744,2458,339,2092,0
29,127,2744,2458,2559,1995,0
29,128,2744,2458,1491,2896,0
29,129,2744,2458,2256,1576,0
29,130,2744,2458,335,2848,0
29,131,2744,2458,1279,994,0
29,132,2744,2458,191,2042,0
29,133,2744,2458,2815,2594,0
29,134,2744,2458,1341,659,0
29,135,2744,2458,202,1952,0
29,136,2744,2458,2049,235,0
29,137,2744,2458,949,365,0
29,138,2744,2458,442,484,0
29,139,2744,2458,1496,989,0
29,140,2744,2458,1432,2260,0
29,141,2744,2458,378,1386,0
29,142,2744,2458,251,778,0
29,143,2744,2458,483,113,0
29,144,2744,2458,2426,100,0
29,145,2744,2458,2388,1563,0
29,146,2744,2458,2427,2993,0
29,147,2744,2458,1415,940,0
29,148,2744,2458,40,1221,0
29,149,2744,2458,415,137,0
29,150,2744,2458,256,2140,0
29,151,2744,2458,90,1522,0
29,152,2744,2458,1589,989,0
29,153,2744,2458,341,205,0
29,154,2744,2458,883,1339,0
29,155,2744,2458,280,1464,0
29,156,2744,2458,1201,2822,0
29,157,2744,2458,2942,1389,0
29,158,2744,2458,1138,2750,0
29,159,2744,2458,2639,1778,0
29,160,2744,2458,662,429,0
29,161,2744,2458,652,7,0
29,162,2744,2458,2034,2057,0
29,163,2744,2458,2854,2051,0
29,164,2744,2458,1441,1791,0
29,165,2744,2458,2428,256,0
29,166,2744,2458,112,2528,0
29,167,2744,2458,2873,2538,0
29,168,2744,2458,2900,823,0
29,169,2744,2458,263,2591,0
29,170,2744,2458,486,2698,0
29,171,2744,2458,568,150,0
29,172,2744,2458,1194,2604,0
29,173,2744,2458,1563,2193,0
29,174,2744,2458,882,2764,0
29,175,2744,2458,1800,2849,0
29,176,2744,2458,58,2694,0
29,177,2744,2458,2845,282,0
29,178,2744,2458,2776,2400,0
29,179,2744,2458,2493,1574,0
29,180,2744,2458,1075,1910,0
29,181,2744,2458,449,428,0
29,182,2744,2458,2039,1945,0
29,183,2744,2458,2887,271,0
29,184,2744,2458,1400,2901,0
29,185,2744,2458,2908,1118,0
29,186,2744,2458,1650,1604,0
29,187,2744,2458,2331,1718,0
29,188,2744,2458,1439,133,0
29,189,2744,2458,42,79,0
29,190,2744,2458,1558,1707,0
29,191,2744,2458,177,1143,0
29,192,2744,2458,2585,1501,0
29,193,2744,2458,888,374,0
29,194,2744,2458,263,2834,0
29,195,2744,2458,1595,2302,0
30,0,2840,2909,434,320,0
30,1,2840,2909,571,1612,0
30,2,2840,2909,135,2521,0
30,3,2840,2909,1047,2342,0
30,4,2840,2909,1231,1324,0
30,5,2840,2909,675,751,0
30,6,2840,2909,1122,987,0
30,7,2840,2909,242,2916,0
30,8,2840,2909,1743,2319,0
30,9,2840,2909,2618,754,0
30,10,2840,2909,2910,1478,0
30,11,2840,2909,2108,832,0
30,12,2840,2909,2,1143,0
30,13,2840,2909,1115,2279,0
30,14,2840,2909,1977,415,0
30,15,2840,2909,2226,1439,0
30,16,2840,2909,2325,1601,0
30,17,2840,2909,2489,1612,0
30,18,2840,2909,488,2077,0
30,19,2840,2909,1366,798,0
30,20,2840,2909,190,1364,0
30,21,2840,2909,2898,1873,0
30,22,2840,2909,2802,484,0
30,23,2840,2909,1769,1361,0
30,24,2840,2909,1719,2907,0
30,25,2840,2909,203,816,0
30,26,2840,2909,1401,1966,0
30,27,2840,2909,565,2022,0
30,28,2840,2909,2418,1484,0
30,29,2840,2909,2744,2458,0
30,31,2840,2909,2633,2565,0
30,32,2840,2909,2705,1885,0
30,33,2840,2909,2153,2262,0
30,34,2840,2909,387,708,0
30,35,2840,2909,2510,1697,0
30,36,2840,2909,648,2898,0
30,37,2840,2909,652,1817,0
30,38,2840,2909,1578,698,0
30,39,2840,2909,2296,2101,0
30,40,2840,2909,1931,2689,0
30,41,2840,2909,526,1595,0
30,42,2840,2909,2293,1825,0
30,43,2840,2909,533,1404,0
30,44,2840,2909,2655,608,0
30,45,2840,2909,1891,927,0
30,46,2840,2909,362,551,0
30,47,2840,2909,517,432,0
30,48,2840,2909,554,2611,0
30,49,2840,2909,2495,1015,0
30,50,2840,2909,582,952,0
30,51,2840,2909,2325,1655,0
30,52,2840,2909,627,564,0
30,53,2840,2909,118,1718,0
30,54,2840,2909,1703,700,0
30,55,2840,2909,1698,1595,0
30,56,2840,2909,2867,2916,0
30,57,2840,2909,2436,1514,0
30,58,2840,2909,2012,2768,0
30,59,2840,2909,2307,1019,0
30,60,2840,2909,59,2441,0
30,61,2840,2909,1399,1108,0
30,62,2840,2909,2643,1912,0
30,63,2840,2909,2219,2119,0
30,64,2840,2909,2401,2202,0
30,65,2840,2909,387,1838,0
30,66,2840,2909,1601,1532,0
30,67,2840,2909,2837,72,0
30,68,2840,2909,1391,2951,0
30,69,2840,2909,595,1317,0
30,70,2840,2909,2920,540,0
30,71,2840,2909,2816,2465,0
30,72,2840,2909,2231,1907,0
30,73,2840,2909,1470,2429,0
30,74,2840,2909,2847,1382,0
30,75,2840,2909,1398,2370,0
30,76,2840,2909,1762,2756,0
30,77,2840,2909,95,1819,0
30,78,2840,2909,2814,2784,0
30,79,2840,2909,2728,847,0
30,80,2840,2909,1380,2542,0
30,81,2840,2909,1722,2778,0
30,82,2840,2909,2181,2634,0
30,83,2840,2909,2405,2720,0
30,84,2840,2909,2862,2797,0
30,85,2840,2909,598,2000,0
30,86,2840,2909,2675,1916,0
30,87,2840,2909,2094,513,0
30,88,2840,2909,89,2129,0
30,89,2840,2909,1347,973,0
30,90,2840,2909,1412,647,0
30,91,2840,2909,2716,1699,0
30,92,2840,2909,2679,301,0
30,93,2840,2909,2086,1982,0
30,94,2840,2909,750,2399,0
30,95,2840,2909,503,2249,0
30,96,2840,2909,1529,2820,0
30,97,2840,2909,116,1176,0
30,98,2840,2909,692,2813,0
30,99,2840,2909,231,639,0
30,100,2840,2909,2740,2598,0
30,101,2840,2909,224,2208,0
30,102,2840,2909,1683,724,0
30,103,2840,2909,1276,2330,0
30,104,2840,2909,107,933,0
30,105,2840,2909,1480,2153,0
30,106,2840,2909,891,1933,0
30,107,2840,2909,2849,2170,0
30,108,2840,2909,1226,2205,0
30,109,2840,2909,1117,460,0
30,110,2840,2909,1597,111,0
30,111,2840,2909,2174,2704,0
30,112,2840,2909,811,90,0
30,113,2840,2909,260,692,0
30,114,2840,2909,1967,1969,0
30,115,2840,2909,1133,2946,0
30,116,2840,2909,786,2901,0
30,117,2840,2909,312,1389,0
30,118,2840,2909,2476,340,0
30,119,2840,2909,2362,2436,0
30,120,2840,2909,1679,1396,0
30,121,2840,2909,2646,1977,0
30,122,2840,2909,1769,2613,0
30,123,2840,2909,636,2906,0
30,124,2840,2909,2503,2888,1
30,125,2840,2909,727,2051,0
30,126,2840,2909,339,2092,0
30,127,2840,2909,2559,1995,0
30,128,2840,2909,1491,2896,0
30,129,2840,2909,2256,1576,0
30,130,2840,2909,335,2848,0
30,131,2840,2909,1279,994,0
30,132,2840,2909,191,2042,0
30,133,2840,2909,2815,2594,0
30,134,2840,2909,1341,659,0
30,135,2840,2909,202,1952,0
30,136,2840,2909,2049,235,0
30,137,2840,2909,949,365,0
30,138,2840,2909,442,484,0
30,139,2840,2909,1496,989,0
30,140,2840,2909,1432,2260,0
30,141,2840,2909,378,1386,0
30,142,2840,2909,251,778,0
30,143,2840,2909,483,113,0
30,144,2840,2909,2426,100,0
30,145,2840,2909,2388,1563,0
30,146,2840,2909,2427,2993,0
30,147,2840,2909,1415,940,0
30,148,2840,2909,40,1221,0
30,149,2840,2909,415,137,0
30,150,2840,2909,256,2140,0
30,151,2840,2909,90,1522,0
30,152,2840,2909,1589,989,0
30,153,2840,2909,341,205,0
30,154,2840,2909,883,1339,0
30,155,2840,2909,280,1464,0
30,156,2840,2909,1201,2822,0
30,157,2840,2909,2942,1389,0
30,158,2840,2909,1138,2750,0
30,159,2840,2909,2639,1778,0
30,160,2840,2909,662,429,0
30,161,2840,2909,652,7,0
30,162,2840,2909,2034,2057,0
30,163,2840,2909,2854,2051,0
30,164,2840,2909,1441,1791,0
30,165,2840,2909,2428,256,0
30,166,2840,2909,112,2528,0
30,167,2840,2909,2873,2538,0
30,168,2840,2909,2900,823,0
30,169,2840,2909,263,2591,0
30,170,2840,2909,486,2698,0
30,171,2840,2909,568,150,0
30,172,2840,2909,1194,2604,0
30,173,2840,2909,1563,2193,0
30,174,2840,2909,882,2764,0
30,175,2840,2909,1800,2849,0
30,176,2840,2909,58,2694,0
30,177,2840,2909,2845,282,0
30,178,2840,2909,2776,2400,0
30,179,2840,2909,2493,1574,0
30,180,2840,2909,1075,1910,0
30,181,2840,2909,449,428,0
30,182,2840,2909,2039,1945,0
30,183,2840,2909,2887,271,0
30,184,2840,2909,1400,2901,0
30,185,2840,2909,2908,1118,0
30,186,2840,2909,1650,1604,0
30,187,2840,2909,2331,1718,0
30,188,2840,2909,1439,133,0
30,189,2840,2909,42,79,0
30,190,2840,2909,1558,1707,0
30,191,2840,2909,177,1143,0
30,192,2840,2909,2585,1501,0
30,193,2840,2909,888,374,0
30,194,2840,2909,263,2834,0
30,195,2840,2909,1595,2302,0
31,0,2633,2565,434,320,0
31,1,2633,2565,571,1612,0
31,2,2633,2565,135,2521,0
31,3,2633,2565,1047,2342,0
31,4,2633,2565,1231,1324,0
31,5,2633,2565,675,751,0
31,6,2633,2565,1122,987,0
31,7,2633,2565,242,2916,0
31,8,2633,2565,1743,2319,0
31,9,2633,2565,2618,754,0
31,10,2633,2565,2910,1478,0
31,11,2633,2565,2108,832,0
31,12,2633,2565,2,1143,0
31,13,2633,2565,1115,2279,0
31,14,2633,2565,1977,415,0
31,15,2633,2565,2226,1439,0
31,16,2633,2565,2325,1601,0
31,17,2633,2565,2489,1612,0
31,18,2633,2565,488,2077,0
31,19,2633,2565,1366,798,0
31,20,2633,2565,190,1364,0
31,21,2633,2565,2898,1873,0
31,22,2633,2565,2802,484,0
31,23,2633,2565,1769,1361,0
31,24,2633,2565,1719,2907,0
31,25,2633,2565,203,816,0
31,26,2633,2565,1401,1966,0
31,27,2633,2565,565,2022,0
31,28,2633,2565,2418,1484,0
31,29,2633,2565,2744,2458,0
31,30,2633,2565,2840,2909,0
31,32,2633,2565,2705,1885,0
31,33,2633,2565,2153,2262,0
31,34,2633,2565,387,708,0
31,35,2633,2565,2510,1697,0
31,36,2633,2565,648,2898,0
31,37,2633,2565,652,1817,0
31,38,2633,2565,1578,698,0
31,39,2633,2565,2296,2101,0
31,40,2633,2565,1931,2689,0
31,41,2633,2565,526,1595,0
31,42,2633,2565,2293,1825,0
31,43,2633,2565,533,1404,0
31,44,2633,2565,2655,608,0
31,45,2633,2565,1891,927,0
31,46,2633,2565,362,551,0
31,47,2633,2565,517,432,0
31,48,2633,2565,554,2611,0
31,49,2633,2565,2495,1015,0
31,50,2633,2565,582,952,0
31,51,2633,2565,2325,1655,0
31,52,2633,2565,627,564,0
31,53,2633,2565,118,1718,0
31,54,2633,2565,1703,700,0
31,55,2633,2565,1698,1595,0
31,56,2633,2565,2867,2916,0
31,57,2633,2565,2436,1514,0
31,58,2633,2565,2012,2768,0
31,59,2633,2565,2307,1019,0
31,60,2633,2565,59,2441,0
31,61,2633,2565,1399,1108,0
31,62,2633,2565,2643,1912,0
31,63,2633,2565,2219,2119,0
31,64,2633,2565,2401,2202,0
31,65,2633,2565,387,1838,0
31,66,2633,2565,1601,1532,0
31,67,2633,2565,2837,72,0
31,68,2633,2565,1391,2951,0
31,69,2633,2565,595,1317,0
31,70,2633,2565,2920,540,0
31,71,2633,2565,2816,2465,0
31,72,2633,2565,2231,1907,0
31,73,2633,2565,1470,2429,0
31,74,2633,2565,2847,1382,0
31,75,2633,2565,1398,2370,0
31,76,2633,2565,1762,2756,0
31,77,2633,2565,95,1819,0
31,78,2633,2565,2814,2784,1
31,79,2633,2565,2728,847,0
31,80,2633,2565,1380,2542,0
31,81,2633,2565,1722,2778,0
31,82,2633,2565,2181,2634,0
31,83,2633,2565,2405,2720,0
31,84,2633,2565,2862,2797,0
31,85,2633,2565,598,2000,0
31,86,2633,2565,2675,1916,0
31,87,2633,2565,2094,513,0
31,88,2633,2565,89,2129,0
31,89,2633,2565,1347,973,0
31,90,2633,2565,1412,647,0
31,91,2633,2565,2716,1699,0
31,92,2633,2565,2679,301,0
31,93,2633,2565,2086,1982,0
31,94,2633,2565,750,2399,0
31,95,2633,2565,503,2249,0
31,96,2633,2565,1529,2820,0
31,97,2633,2565,116,1176,0
31,98,2633,2565,692,2813,0
31,99,2633,2565,231,639,0
31,100,2633,2565,2740,2598,0
31,101,2633,2565,224,2208,0
31,102,2633,2565,1683,724,0
31,103,2633,2565,1276,2330,0
31,104,2633,2565,107,933,0
31,105,2633,2565,1480,2153,0
31,106,2633,2565,891,1933,0
31,107,2633,2565,2849,2170,0
31,108,2633,2565,1226,2205,0
31,109,2633,2565,1117,460,0
31,110,2633,2565,1597,111,0
31,111,2633,2565,2174,2704,0
31,112,2633,2565,811,90,0
31,113,2633,2565,260,692,0
31,114,2633,2565,1967,1969,0
31,115,2633,2565,1133,2946,0
31,116,2633,2565,786,2901,0
31,117,2633,2565,312,1389,0
31,118,2633,2565,2476,340,0
31,119,2633,2565,2362,2436,0
31,120,2633,2565,1679,1396,0
31,121,2633,2565,2646,1977,0
31,122,2633,2565,1769,2613,0
31,123,2633,2565,636,2906,0
31,124,2633,2565,2503,2888,0
31,125,2633,2565,727,2051,0
31,126,2633,2565,339,2092,0
31,127,2633,2565,2559,1995,0
31,128,2633,2565,1491,2896,0
31,129,2633,2565,2256,1576,0
31,130,2633,2565,335,2848,0
31,131,2633,2565,1279,994,0
31,132,2633,2565,191,2042,0
31,133,2633,2565,2815,2594,0
31,134,2633,2565,1341,659,0
31,135,2633,2565,202,1952,0
31,136,2633,2565,2049,235,0
31,137,2633,2565,949,365,0
31,138,2633,2565,442,484,0
31,139,2633,2565,1496,989,0
31,140,2633,2565,1432,2260,0
31,141,2633,2565,378,1386,0
31,142,2633,2565,251,778,0
31,143,2633,2565,483,113,0
31,144,2633,2565,2426,100,0
31,145,2633,2565,2388,1563,0
31,146,2633,2565,2427,2993,0
31,147,2633,2565,1415,940,0
31,148,2633,2565,40,1221,0
31,149,2633,2565,415,137,0
31,150,2633,2565,256,2140,0
31,151,2633,2565,90,1522,0
31,152,2633,2565,1589,989,0
31,153,2633,2565,341,205,0
31,154,2633,2565,883,1339,0
31,155,2633,2565,280,1464,0
31,156,2633,2565,1201,2822,0
31,157,2633,2565,2942,1389,0
31,158,2633,2565,1138,2750,0
31,159,2633,2565,2639,1778,0
31,160,2633,2565,662,429,0
31,161,2633,2565,652,7,0
31,162,2633,2565,2034,2057,0
31,163,2633,2565,2854,2051,0
31,164,2633,2565,1441,1791,0
31,165,2633,2565,2428,256,0
31,166,2633,2565,112,2528,0
31,167,2633,2565,2873,2538,0
31,168,2633,2565,2900,823,0
31,169,2633,2565,263,2591,0
31,170,2633,2565,486,2698,0
31,171,2633,2565,568,150,0
31,172,2633,2565,1194,2604,0
31,173,2633,2565,1563,2193,0
31,174,2633,2565,882,2764,0
31,175,2633,2565,1800,2849,0
31,176,2633,2565,58,2694,0
31,177,2633,2565,2845,282,0
31,178,2633,2565,2776,2400,0
31,179,2633,2565,2493,1574,0
31,180,2633,2565,1075,1910,0
31,181,2633,2565,449,428,0
31,182,2633,2565,2039,1945,0
31,183,2633,2565,2887,271,0
31,184,2633,2565,1400,2901,0
31,185,2633,2565,2908,1118,0
31,186,2633,2565,1650,1604,0
31,187,2633,2565,2331,1718,0
31,188,2633,2565,1439,133,0
31,189,2633,2565,42,79,0
31,190,2633,2565,1558,1707,0
31,191,2633,2565,177,1143,0
31,192,2633,2565,2585,1501,0
31,193,2633,2565,888,374,0
31,194,2633,2565,263,2834,0
31,195,2633,2565,1595,2302,0
32,0,2705,1885,434,320,0
32,1,2705,1885,571,1612,0
32,2,2705,1885,135,2521,0
32,3,2705,1885,1047,2342,0
32,4,2705,1885,1231,1324,0
32,5,2705,1885,675,751,0
32,6,2705,1885,1122,987,0
32,7,2705,1885,242,2916,0
32,8,2705,1885,1743,2319,0
32,9,2705,1885,2618,754,0
32,10,2705,1885,2910,1478,0
32,11,2705,1885,2108,832,0
32,12,2705,1885,2,1143,0
32,13,2705,1885,1115,2279,0
32,14,2705,1885,1977,415,0
32,15,2705,1885,2226,1439,0
32,16,2705,1885,2325,1601,0
32,17,2705,1885,2489,1612,0
32,18,2705,1885,488,2077,0
32,19,2705,1885,1366,798,0
32,20,2705,1885,190,1364,0
32,21,2705,1885,2898,1873,1
32,22,2705,1885,2802,484,0
32,23,2705,1885,1769,1361,0
32,24,2705,1885,1719,2907,0
32,25,2705,1885,203,816,0
32,26,2705,1885,1401,1966,0
32,27,2705,1885,565,2022,0
32,28,2705,1885,2418,1484,0
32,29,2705,1885,2744,2458,0
32,30,2705,1885,2840,2909,0
32,31,2705,1885,2633,2565,0
32,33,2705,1885,2153,2262,0
32,34,2705,1885,387,708,0
32,35,2705,1885,2510,1697,0
32,36,2705,1885,648,2898,0
32,37,2705,1885,652,1817,0
32,38,2705,1885,1578,698,0
32,39,2705,1885,2296,2101,0
32,40,2705,1885,1931,2689,0
32,41,2705,1885,526,1595,0
32,42,2705,1885,2293,1825,0
32,43,2705,1885,533,1404,0
32,44,2705,1885,2655,608,0
32,45,2705,1885,1891,927,0
32,46,2705,1885,362,551,0
32,47,2705,1885,517,432,0
32,48,2705,1885,554,2611,0
32,49,2705,1885,2495,1015,0
32,50,2705,1885,582,952,0
32,51,2705,1885,2325,1655,0
32,52,2705,1885,627,564,0
32,53,2705,1885,118,1718,0
32,54,2705,1885,1703,700,0
32,55,2705,1885,1698,1595,0
32,56,2705,1885,2867,2916,0
32,57,2705,1885,2436,1514,0
32,58,2705,1885,2012,2768,0
32,59,2705,1885,2307,1019,0
32,60,2705,1885,59,2441,0
32,61,2705,1885,1399,1108,0
32,62,2705,1885,2643,1912,0
32,63,2705,1885,2219,2119,0
32,64,2705,1885,2401,2202,0
32,65,2705,1885,387,1838,0
32,66,2705,1885,1601,1532,0
32,67,2705,1885,2837,72,0
32,68,2705,1885,1391,2951,0
32,69,2705,1885,595,1317,0
32,70,2705,1885,2920,540,0
32,71,2705,1885,2816,2465,0
32,72,2705,1885,2231,1907,0
32,73,2705,1885,1470,2429,0
32,74,2705,1885,2847,1382,0
32,75,2705,1885,1398,2370,0
32,76,2705,1885,1762,2756,0
32,77,2705,1885,95,1819,0
32,78,2705,1885,2814,2784,0
32,79,2705,1885,2728,847,0
32,80,2705,1885,1380,2542,0
32,81,2705,1885,1722,2778,0
32,82,2705,1885,2181,2634,0
32,83,2705,1885,2405,2720,0
32,84,2705,1885,2862,2797,0
32,85,2705,1885,598,2000,0
32,86,2705,1885,2675,1916,0
32,87,2705,1885,2094,513,0
32,88,2705,1885,89,2129,0
32,89,2705,1885,1347,973,0
32,90,2705,1885,1412,647,0
32,91,2705,1885,2716,1699,0
32,92,2705,1885,2679,301,0
32,93,2705,1885,2086,1982,0
32,94,2705,1885,750,2399,0
32,95,2705,1885,503,2249,0
32,96,2705,1885,1529,2820,0
32,97,2705,1885,116,1176,0
32,98,2705,1885,692,2813,0
32,99,2705,1885,231,639,0
32,100,2705,1885,2740,2598,0
32,101,2705,1885,224,2208,0
32,102,2705,1885,1683,724,0
32,103,2705,1885,1276,2330,0
32,104,2705,1885,107,933,0
32,105,2705,1885,1480,2153,0
32,106,2705,1885,891,1933,0
32,107,2705,1885,2849,2170,0
32,108,2705,1885,1226,2205,0
32,109,2705,1885,1117,460,0
32,110,2705,1885,1597,111,0
32,111,2705,1885,2174,2704,0
32,112,2705,1885,811,90,0
32,113,2705,1885,260,692,0
32,114,2705,1885,1967,1969,0
32,115,2705,1885,1133,2946,0
32,116,2705,1885,786,2901,0
32,117,2705,1885,312,1389,0
32,118,2705,1885,2476,340,0
32,119,2705,1885,2362,2436,0
32,120,2705,1885,1679,1396,0
32,121,2705,1885,2646,1977,0
32,122,2705,1885,1769,2613,0
32,123,2705,1885,636,2906,0
32,124,2705,1885,2503,2888,0
32,125,2705,1885,727,2051,0
32,126,2705,1885,339,2092,0
32,127,2705,1885,2559,1995,0
32,128,2705,1885,1491,2896,0
32,129,2705,1885,2256,1576,0
32,130,2705,1885,335,2848,0
32,131,2705,1885,1279,994,0
32,132,2705,1885,191,2042,0
32,133,2705,1885,2815,2594,0
32,134,2705,1885,1341,659,0
32,135,2705,1885,202,1952,0
32,136,2705,1885,2049,235,0
32,137,2705,1885,949,365,0
32,138,2705,1885,442,484,0
32,139,2705,1885,1496,989,0
32,140,2705,1885,1432,2260,0
32,141,2705,1885,378,1386,0
32,142,2705,1885,251,778,0
32,143,2705,1885,483,113,0
32,144,2705,1885,2426,100,0
32,145,2705,1885,2388,1563,0
32,146,2705,1885,2427,2993,0
32,147,2705,1885,1415,940,0
32,148,2705,1885,40,1221,0
32,149,2705,1885,415,137,0
32,150,2705,1885,256,2140,0
32,151,2705,1885,90,1522,0
32,152,2705,1885,1589,989,0
32,153,2705,1885,341,205,0
32,154,2705,1885,883,1339,0
32,155,2705,1885,280,1464,0
32,156,2705,1885,1201,2822,0
32,157,2705,1885,2942,1389,0
32,158,2705,1885,1138,2750,0
32,159,2705,1885,2639,1778,0
32,160,2705,1885,662,429,0
32,161,2705,1885,652,7,0
32,162,2705,1885,2034,2057,0
32,163,2705,1885,2854,2051,0
32,164,2705,1885,1441,1791,0
32,165,2705,1885,2428,256,0
32,166,2705,1885,112,2528,0
32,167,2705,1885,2873,2538,0
32,168,2705,1885,2900,823,0
32,169,2705,1885,263,2591,0
32,170,2705,1885,486,2698,0
32,171,2705,1885,568,150,0
32,172,2705,1885,1194,2604,0
32,173,2705,1885,1563,2193,0
32,174,2705,1885,882,2764,0
32,175,2705,1885,1800,2849,0
32,176,2705,1885,58,2694,0
32,177,2705,1885,2845,282,0
32,178,2705,1885,2776,2400,0
32,179,2705,1885,2493,1574,0
32,180,2705,1885,1075,1910,0
32,181,2705,1885,449,428,0
32,182,2705,1885,2039,1945,0
32,183,2705,1885,2887,271,0
32,184,2705,1885,1400,2901,0
32,185,2705,1885,2908,1118,0
32,186,2705,1885,1650,1604,0
32,187,2705,1885,2331,1718,0
32,188,2705,1885,1439,133,0
32,189,2705,1885,42,79,0
32,190,2705,1885,1558,1707,0
32,191,2705,1885,177,1143,0
32,192,2705,1885,2585,1501,0
32,193,2705,1885,888,374,0
32,194,2705,1885,263,2834,0
32,195,2705,1885,1595,2302,0
33,0,2153,2262,434,320,0
33,1,2153,2262,571,1612,0
33,2,2153,2262,135,2521,0
33,3,2153,2262,1047,2342,0
33,4,2153,2262,1231,1324,0
33,5,2153,2262,675,751,0
33,6,2153,2262,1122,987,0
33,7,2153,2262,242,2916,0
33,8,2153,2262,1743,2319,0
33,9,2153,2262,2618,754,0
33,10,2153,2262,2910,1478,0
33,11,2153,2262,2108,832,0
33,12,2153,2262,2,1143,0
33,13,2153,2262,1115,2279,0
33,14,2153,2262,1977,415,0
33,15,2153,2262,2226,1439,0
33,16,2153,2262,2325,1601,0
33,17,2153,2262,2489,1612,0
33,18,2153,2262,488,2077,0
33,19,2153,2262,1366,798,0
33,20,2153,2262,190,1364,0
33,21,2153,2262,2898,1873,0
33,22,2153,2262,2802,484,0
33,23,2153,2262,1769,1361,0
33,24,2153,2262,1719,2907,0
33,25,2153,2262,203,816,0
33,26,2153,2262,1401,1966,0
33,27,2153,2262,565,2022,0
33,28,2153,2262,2418,1484,0
33,29,2153,2262,2744,2458,0
33,30,2153,2262,2840,2909,0
33,31,2153,2262,2633,2565,0
33,32,2153,2262,2705,1885,0
33,34,2153,2262,387,708,0
33,35,2153,2262,2510,1697,0
33,36,2153,2262,648,2898,0
33,37,2153,2262,652,1817,0
33,38,2153,2262,1578,698,0
33,39,2153,2262,2296,2101,0
33,40,2153,2262,1931,2689,0
33,41,2153,2262,526,1595,0
33,42,2153,2262,2293,1825,0
33,43,2153,2262,533,1404,0
33,44,2153,2262,2655,608,0
33,45,2153,2262,1891,927,0
33,46,2153,2262,362,551,0
33,47,2153,2262,517,432,0
33,48,2153,2262,554,2611,0
33,49,2153,2262,2495,1015,0
33,50,2153,2262,582,952,0
33,51,2153,2262,2325,1655,0
33,52,2153,2262,627,564,0
33,53,2153,2262,118,1718,0
33,54,2153,2262,1703,700,0
33,55,2153,2262,1698,1595,0
33,56,2153,2262,2867,2916,0
33,57,2153,2262,2436,1514,0
33,58,2153,2262,2012,2768,0
33,59,2153,2262,2307,1019,0
33,60,2153,2262,59,2441,0
33,61,2153,2262,1399,1108,0
33,62,2153,2262,2643,1912,0
33,63,2153,2262,2219,2119,1
33,64,2153,2262,2401,2202,0
33,65,2153,2262,387,1838,0
33,66,2153,2262,1601,1532,0
33,67,2153,2262,2837,72,0
33,68,2153,2262,1391,2951,0
33,69,2153,2262,595,1317,0
33,70,2153,2262,2920,540,0
33,71,2153,2262,2816,2465,0
33,72,2153,2262,2231,1907,0
33,73,2153,2262,1470,2429,0
33,74,2153,2262,2847,1382,0
33,75,2153,2262,1398,2370,0
33,76,2153,2262,1762,2756,0
33,77,2153,2262,95,1819,0
33,78,2153,2262,2814,2784,0
33,79,2153,2262,2728,847,0
33,80,2153,2262,1380,2542,0
33,81,2153,2262,1722,2778,0
33,82,2153,2262,2181,2634,0
33,83,2153,2262,2405,2720,0
33,84,2153,2262,2862,2797,0
33,85,2153,2262,598,2000,0
33,86,2153,2262,2675,1916,0
33,87,2153,2262,2094,513,0
33,88,2153,2262,89,2129,0
33,89,2153,2262,1347,973,0
33,90,2153,2262,1412,647,0
33,91,2153,2262,2716,1699,0
33,92,2153,2262,2679,301,0
33,93,2153,2262,2086,1982,0
33,94,2153,2262,750,2399,0
33,95,2153,2262,503,2249,0
33,96,2153,2262,1529,2820,0
33,97,2153,2262,116,1176,0
33,98,2153,2262,692,2813,0
33,99,2153,2262,231,639,0
33,100,2153,2262,2740,2598,0
33,101,2153,2262,224,2208,0
33,102,2153,2262,1683,724,0
33,103,2153,2262,1276,2330,0
33,104,2153,2262,107,933,0
33,105,2153,2262,1480,2153,0
33,106,2153,2262,891,1933,0
33,107,2153,2262,2849,2170,0
33,108,2153,2262,1226,2205,0
33,109,2153,2262,1117,460,0
33,110,2153,2262,1597,111,0
33,111,2153,2262,2174,2704,0
33,112,2153,2262,811,90,0
33,113,2153,2262,260,692,0
33,114,2153,2262,1967,1969,0
33,115,2153,2262,1133,2946,0
33,116,2153,2262,786,2901,0
33,117,2153,2262,312,1389,0
33,118,2153,2262,2476,340,0
33,119,2153,2262,2362,2436,0
33,120,2153,2262,1679,1396,0
33,121,2153,2262,2646,1977,0
33,122,2153,2262,1769,2613,0
33,123,2153,2262,636,2906,0
33,124,2153,2262,2503,2888,0
33,125,2153,2262,727,2051,0
33,126,2153,2262,339,2092,0
33,127,2153,2262,2559,1995,0
33,128,2153,2262,1491,2896,0
33,129,2153,2262,2256,1576,0
33,130,2153,2262,335,2848,0
33,131,2153,2262,1279,994,0
33,132,2153,2262,191,2042,0
33,133,2153,2262,2815,2594,0
33,134,2153,2262,1341,659,0
33,135,2153,2262,202,1952,0
33,136,2153,2262,2049,235,0
33,137,2153,2262,949,365,0
33,138,2153,2262,442,484,0
33,139,2153,2262,1496,989,0
33,140,2153,2262,1432,2260,0
33,141,2153,2262,378,1386,0
33,142,2153,2262,251,778,0
33,143,2153,2262,483,113,0
33,144,2153,2262,2426,100,0
33,145,2153,2262,2388,1563,0
33,146,2153,2262,2427,2993,0
33,147,2153,2262,1415,940,0
33,148,2153,2262,40,1221,0
33,149,2153,2262,415,137,0
33,150,2153,2262,256,2140,0
33,151,2153,2262,90,1522,0
33,152,2153,2262,1589,989,0
33,153,2153,2262,341,205,0
33,154,2153,2262,883,1339,0
33,155,2153,2262,280,1464,0
33,156,2153,2262,1201,2822,0
33,157,2153,2262,2942,1389,0
33,158,2153,2262,1138,2750,0
33,159,2153,2262,2639,1778,0
33,160,2153,2262,662,429,0
33,161,2153,2262,652,7,0
33,162,2153,2262,2034,2057,0
33,163,2153,2262,2854,2051,0
33,164,2153,2262,1441,1791,0
33,165,2153,2262,2428,256,0
33,166,2153,2262,112,2528,0
33,167,2153,2262,2873,2538,0
33,168,2153,2262,2900,823,0
33,169,2153,2262,263,2591,0
33,170,2153,2262,486,2698,0
33,171,2153,2262,568,150,0
33,172,2153,2262,1194,2604,0
33,173,2153,2262,1563,2193,0
33,174,2153,2262,882,2764,0
33,175,2153,2262,1800,2849,0
33,176,2153,2262,58,2694,0
33,177,2153,2262,2845,282,0
33,178,2153,2262,2776,2400,0
33,179,2153,2262,2493,1574,0
33,180,2153,2262,1075,1910,0
33,181,2153,2262,449,428,0
33,182,2153,2262,2039,1945,0
33,183,2153,2262,2887,271,0
33,184,2153,2262,1400,2901,0
33,185,2153,2262,2908,1118,0
33,186,2153,2262,1650,1604,0
33,187,2153,2262,2331,1718,0
33,188,2153,2262,1439,133,0
33,189,2153,2262,42,79,0
33,190,2153,2262,1558,1707,0
33,191,2153,2262,177,1143,0
33,192,2153,2262,2585,1501,0
33,193,2153,2262,888,374,0
33,194,2153,2262,263,2834,0
33,195,2153,2262,1595,2302,0
34,0,387,708,434,320,0
34,1,387,708,571,1612,0
34,2,387,708,135,2521,0
34,3,387,708,1047,2342,0
34,4,387,708,1231,1324,0
34,5,387,708,675,751,0
34,6,387,708,1122,987,0
34,7,387,708,242,2916,0
34,8,387,708,1743,2319,0
34,9,387,708,2618,754,0
34,10,387,708,2910,1478,0
34,11,387,708,2108,832,0
34,12,387,708,2,1143,0
34,13,387,708,1115,2279,0
34,14,387,708,1977,415,0
34,15,387,708,2226,1439,0
34,16,387,708,2325,1601,0
34,17,387,708,2489,1612,0
34,18,387,708,488,2077,0
34,19,387,708,1366,798,0
34,20,387,708,190,1364,0
34,21,387,708,2898,1873,0
34,22,387,708,2802,484,0
34,23,387,708,1769,1361,0
34,24,387,708,1719,2907,0
34,25,387,708,203,816,0
34,26,387,708,1401,1966,0
34,27,387,708,565,2022,0
34,28,387,708,2418,1484,0
34,29,387,708,2744,2458,0
34,30,387,708,2840,2909,0
34,31,387,708,2633,2565,0
34,32,387,708,2705,1885,0
34,33,387,708,2153,2262,0
34,35,387,708,2510,1697,0
34,36,387,708,648,2898,0
34,37,387,708,652,1817,0
34,38,387,708,1578,698,0
34,39,387,708,2296,2101,0
34,40,387,708,1931,2689,0
34,41,387,708,526,1595,0
34,42,387,708,2293,1825,0
34,43,387,708,533,1404,0
34,44,387,708,2655,608,0
34,45,387,708,1891,927,0
34,46,387,708,362,551,0
34,47,387,708,517,432,0
34,48,387,708,554,2611,0
34,49,387,708,2495,1015,0
34,50,387,708,582,952,1
34,51,387,708,2325,1655,0
34,52,387,708,627,564,0
34,53,387,708,118,1718,0
34,54,387,708,1703,700,0
34,55,387,708,1698,1595,0
34,56,387,708,2867,2916,0
34,57,387,708,2436,1514,0
34,58,387,708,2012,2768,0
34,59,387,708,2307,1019,0
34,60,387,708,59,2441,0
34,61,387,708,1399,1108,0
34,62,387,708,2643,1912,0
34,63,387,708,2219,2119,0
34,64,387,708,2401,2202,0
34,65,387,708,387,1838,0
34,66,387,708,1601,1532,0
34,67,387,708,2837,72,0
34,68,387,708,1391,2951,0
34,69,387,708,595,1317,0
34,70,387,708,2920,540,0
34,71,387,708,2816,2465,0
34,72,387,708,2231,1907,0
34,73,387,708,1470,2429,0
34,74,387,708,2847,1382,0
34,75,387,708,1398,2370,0
34,76,387,708,1762,2756,0
34,77,387,708,95,1819,0
34,78,387,708,2814,2784,0
34,79,387,708,2728,847,0
34,80,387,708,1380,2542,0
34,81,387,708,1722,2778,0
34,82,387,708,2181,2634,0
34,83,387,708,2405,2720,0
34,84,387,708,2862,2797,0
34,85,387,708,598,2000,0
34,86,387,708,2675,1916,0
34,87,387,708,2094,513,0
34,88,387,708,89,2129,0
34,89,387,708,1347,973,0
34,90,387,708,1412,647,0
34,91,387,708,2716,1699,0
34,92,387,708,2679,301,0
34,93,387,708,2086,1982,0
34,94,387,708,750,2399,0
34,95,387,708,503,2249,0
34,96,387,708,1529,2820,0
34,97,387,708,116,1176,0
34,98,387,708,692,2813,0
34,99,387,708,231,639,0
34,100,387,708,2740,2598,0
34,101,387,708,224,2208,0
34,102,387,708,1683,724,0
34,103,387,708,1276,2330,0
34,104,387,708,107,933,0
34,105,387,708,1480,2153,0
34,106,387,708,891,1933,0
34,107,387,708,2849,2170,0
34,108,387,708,1226,2205,0
34,109,387,708,1117,460,0
34,110,387,708,1597,111,0
34,111,387,708,2174,2704,0
34,112,387,708,811,90,0
34,113,387,708,260,692,0
34,114,387,708,1967,1969,0
34,115,387,708,1133,2946,0
34,116,387,708,786,2901,0
34,117,387,708,312,1389,0
34,118,387,708,2476,340,0
34,119,387,708,2362,2436,0
34,120,387,708,1679,1396,0
34,121,387,708,2646,1977,0
34,122,387,708,1769,2613,0
34,123,387,708,636,2906,0
34,124,387,708,2503,2888,0
34,125,387,708,727,2051,0
34,126,387,708,339,2092,0
34,127,387,708,2559,1995,0
34,128,387,708,1491,2896,0
34,129,387,708,2256,1576,0
34,130,387,708,335,2848,0
34,131,387,708,1279,994,0
34,132,387,708,191,2042,0
34,133,387,708,2815,2594,0
34,134,387,708,1341,659,0
34,135,387,708,202,1952,0
34,136,387,708,2049,235,0
34,137,387,708,949,365,0
34,138,387,708,442,484,0
34,139,387,708,1496,989,0
34,140,387,708,1432,2260,0
34,141,387,708,378,1386,0
34,142,387,708,251,778,0
34,143,387,708,483,113,0
34,144,387,708,2426,100,0
34,145,387,708,2388,1563,0
34,146,387,708,2427,2993,0
34,147,387,708,1415,940,0
34,148,387,708,40,1221,0
34,149,387,708,415,137,0
34,150,387,708,256,2140,0
34,151,387,708,90,1522,0
34,152,387,708,1589,989,0
34,153,387,708,341,205,0
34,154,387,708,883,1339,0
34,155,387,708,280,1464,0
34,156,387,708,1201,2822,0
34,157,387,708,2942,1389,0
34,158,387,708,1138,2750,0
34,159,387,708,2639,1778,0
34,160,387,708,662,429,0
34,161,387,708,652,7,0
34,162,387,708,2034,2057,0
34,163,387,708,2854,2051,0
34,164,387,708,1441,1791,0
34,165,387,708,2428,256,0
34,166,387,708,112,2528,0
34,167,387,708,2873,2538,0
34,168,387,708,2900,823,0
34,169,387,708,263,2591,0
34,170,387,708,486,2698,0
34,171,387,708,568,150,0
34,172,387,708,1194,2604,0
34,173,387,708,1563,2193,0
34,174,387,708,882,2764,0
34,175,387,708,1800,2849,0
34,176,387,708,58,2694,0
34,177,387,708,2845,282,0
34,178,387,708,2776,2400,0
34,179,387,708,2493,1574,0
34,180,387,708,1075,1910,0
34,181,387,708,449,428,0
34,182,387,708,2039,1945,0
34,183,387,708,2887,271,0
34,184,387,708,1400,2901,0
34,185,387,708,2908,1118,0
34,186,387,708,1650,1604,0
34,187,387,708,2331,1718,0
34,188,387,708,1439,133,0
34,189,387,708,42,79,0
34,190,387,708,1558,1707,0
34,191,387,708,177,1143,0
34,192,387,708,2585,1501,0
34,193,387,708,888,374,0
34,194,387,708,263,2834,0
34,195,387,708,1595,2302,0
35,0,2510,1697,434,320,0
35,1,2510,1697,571,1612,0
35,2,2510,1697,135,2521,0
35,3,2510,1697,1047,2342,0
35,4,2510,1697,1231,1324,0
35,5,2510,1697,675,751,0
35,6,2510,1697,1122,987,0
35,7,2510,1697,242,2916,0
35,8,2510,1697,1743,2319,0
35,9,2510,1697,2618,754,0
35,10,2510,1697,2910,1478,0
35,11,2510,1697,2108,832,0
35,12,2510,1697,2,1143,0
35,13,2510,1697,1115,2279,0
35,14,2510,1697,1977,415,0
35,15,2510,1697,2226,1439,0
35,16,2510,1697,2325,1601,0
35,17,2510,1697,2489,1612,1
35,18,2510,1697,488,2077,0
35,19,2510,1697,1366,798,0
35,20,2510,1697,190,1364,0
35,21,2510,1697,2898,1873,0
35,22,2510,1697,2802,484,0
35,23,2510,1697,1769,1361,0
35,24,2510,1697,1719,2907,0
35,25,2510,1697,203,816,0
35,26,2510,1697,1401,1966,0
35,27,2510,1697,565,2022,0
35,28,2510,1697,2418,1484,0
35,29,2510,1697,2744,2458,0
35,30,2510,1697,2840,2909,0
35,31,2510,1697,2633,2565,0
35,32,2510,1697,2705,1885,0
35,33,2510,1697,2153,2262,0
35,34,2510,1697,387,708,0
35,36,2510,1697,648,2898,0
35,37,2510,1697,652,1817,0
35,38,2510,1697,1578,698,0
35,39,2510,1697,2296,2101,0
35,40,2510,1697,1931,2689,0
35,41,2510,1697,526,1595,0
35,42,2510,1697,2293,1825,0
35,43,2510,1697,533,1404,0
35,44,2510,1697,2655,608,0
35,45,2510,1697,1891,927,0
35,46,2510,1697,362,551,0
35,47,2510,1697,517,432,0
35,48,2510,1697,554,2611,0
35,49,2510,1697,2495,1015,0
35,50,2510,1697,582,952,0
35,51,2510,1697,2325,1655,0
35,52,2510,1697,627,564,0
35,53,2510,1697,118,1718,0
35,54,2510,1697,1703,700,0
35,55,2510,1697,1698,1595,0
35,56,2510,1697,2867,2916,0
35,57,2510,1697,2436,1514,0
35,58,2510,1697,2012,2768,0
35,59,2510,1697,2307,1019,0
35,60,2510,1697,59,2441,0
35,61,2510,1697,1399,1108,0
35,62,2510,1697,2643,1912,0
35,63,2510,1697,2219,2119,0
35,64,2510,1697,2401,2202,0
35,65,2510,1697,387,1838,0
35,66,2510,1697,1601,1532,0
35,67,2510,1697,2837,72,0
35,68,2510,1697,1391,2951,0
35,69,2510,1697,595,1317,0
35,70,2510,1697,2920,540,0
35,71,2510,1697,2816,2465,0
35,72,2510,1697,2231,1907,0
35,73,2510,1697,1470,2429,0
35,74,2510,1697,2847,1382,0
35,75,2510,1697,1398,2370,0
35,76,2510,1697,1762,2756,0
35,77,2510,1697,95,1819,0
35,78,2510,1697,2814,2784,0
35,79,2510,1697,2728,847,0
35,80,2510,1697,1380,2542,0
35,81,2510,1697,1722,2778,0
35,82,2510,1697,2181,2634,0
35,83,2510,1697,2405,2720,0
35,84,2510,1697,2862,2797,0
35,85,2510,1697,598,2000,0
35,86,2510,1697,2675,1916,0
35,87,2510,1697,2094,513,0
35,88,2510,1697,89,2129,0
35,89,2510,1697,1347,973,0
35,90,2510,1697,1412,647,0
35,91,2510,1697,2716,1699,0
35,92,2510,1697,2679,301,0
35,93,2510,1697,2086,1982,0
35,94,2510,1697,750,2399,0
35,95,2510,1697,503,2249,0
35,96,2510,1697,1529,2820,0
35,97,2510,1697,116,1176,0
35,98,2510,1697,692,2813,0
35,99,2510,1697,231,639,0
35,100,2510,1697,2740,2598,0
35,101,2510,1697,224,2208,0
35,102,2510,1697,1683,724,0
35,103,2510,1697,1276,2330,0
35,104,2510,1697,107,933,0
35,105,2510,1697,1480,2153,0
35,106,2510,1697,891,1933,0
35,107,2510,1697,2849,2170,0
35,108,2510,1697,1226,2205,0
35,109,2510,1697,1117,460,0
35,110,2510,1697,1597,111,0
35,111,2510,1697,2174,2704,0
35,112,2510,1697,811,90,0
35,113,2510,1697,260,692,0
35,114,2510,1697,1967,1969,0
35,115,2510,1697,1133,2946,0
35,116,2510,1697,786,2901,0
35,117,2510,1697,312,1389,0
35,118,2510,1697,2476,340,0
35,119,2510,1697,2362,2436,0
35,120,2510,1697,1679,1396,0
35,121,2510,1697,2646,1977,0
35,122,2510,1697,1769,2613,0
35,123,2510,1697,636,2906,0
35,124,2510,1697,2503,2888,0
35,125,2510,1697,727,2051,0
35,126,2510,1697,339,2092,0
35,127,2510,1697,2559,1995,0
35,128,2510,1697,1491,2896,0
35,129,2510,1697,2256,1576,0
35,130,2510,1697,335,2848,0
35,131,2510,1697,1279,994,0
35,132,2510,1697,191,2042,0
35,133,2510,1697,2815,2594,0
35,134,2510,1697,1341,659,0
35,135,2510,1697,202,1952,0
35,136,2510,1697,2049,235,0
35,137,2510,1697,949,365,0
35,138,2510,1697,442,484,0
35,139,2510,1697,1496,989,0
35,140,2510,1697,1432,2260,0
35,141,2510,1697,378,1386,0
35,142,2510,1697,251,778,0
35,143,2510,1697,483,113,0
35,144,2510,1697,2426,100,0
35,145,2510,1697,2388,1563,0
35,146,2510,1697,2427,2993,0
35,147,2510,1697,1415,940,0
35,148,2510,1697,40,1221,0
35,149,2510,1697,415,137,0
35,150,2510,1697,256,2140,0
35,151,2510,1697,90,1522,0
35,152,2510,1697,1589,989,0
35,153,2510,1697,341,205,0
35,154,2510,1697,883,1339,0
35,155,2510,1697,280,1464,0
35,156,2510,1697,1201,2822,0
35,157,2510,1697,2942,1389,0
35,158,2510,1697,1138,2750,0
35,159,2510,1697,2639,1778,0
35,160,2510,1697,662,429,0
35,161,2510,1697,652,7,0
35,162,2510,1697,2034,2057,0
35,163,2510,1697,2854,2051,0
35,164,2510,1697,1441,1791,0
35,165,2510,1697,2428,256,0
35,166,2510,1697,112,2528,0
35,167,2510,1697,2873,2538,0
35,168,2510,1697,2900,823,0
35,169,2510,1697,263,2591,0
35,170,2510,1697,486,2698,0
35,171,2510,1697,568,150,0
35,172,2510,1697,1194,2604,0
35,173,2510,1697,1563,2193,0
35,174,2510,1697,882,2764,0
35,175,2510,1697,1800,2849,0
35,176,2510,1697,58,2694,0
35,177,2510,1697,2845,282,0
35,178,2510,1697,2776,2400,0
35,179,2510,1697,2493,1574,0
35,180,2510,1697,1075,1910,0
35,181,2510,1697,449,428,0
35,182,2510,1697,2039,1945,0
35,183,2510,1697,2887,271,0
35,184,2510,1697,1400,2901,0
35,185,2510,1697,2908,1118,0
35,186,2510,1697,1650,1604,0
35,187,2510,1697,2331,1718,0
35,188,2510,1697,1439,133,0
35,189,2510,1697,42,79,0
35,190,2510,1697,1558,1707,0
35,191,2510,1697,177,1143,0
35,192,2510,1697,2585,1501,0
35,193,2510,1697,888,374,0
35,194,2510,1697,263,2834,0
35,195,2510,1697,1595,2302,0
36,0,648,2898,434,320,0
36,1,648,2898,571,1612,0
36,2,648,2898,135,2521,0
36,3,648,2898,1047,2342,0
36,4,648,2898,1231,1324,0
36,5,648,2898,675,751,0
36,6,648,2898,1122,987,0
36,7,648,2898,242,2916,0
36,8,648,2898,1743,2319,0
36,9,648,2898,2618,754,0
36,10,648,2898,2910,1478,0
36,11,648,2898,2108,832,0
36,12,648,2898,2,1143,0
36,13,648,2898,1115,2279,0
36,14,648,2898,1977,415,0
36,15,648,2898,2226,1439,0
36,16,648,2898,2325,1601,0
36,17,648,2898,2489,1612,0
36,18,648,2898,488,2077,0
36,19,648,2898,1366,798,0
36,20,648,2898,190,1364,0
36,21,648,2898,2898,1873,0
36,22,648,2898,2802,484,0
36,23,648,2898,1769,1361,0
36,24,648,2898,1719,2907,0
36,25,648,2898,203,816,0
36,26,648,2898,1401,1966,0
36,27,648,2898,565,2022,0
36,28,648,2898,2418,1484,0
36,29,648,2898,2744,2458,0
36,30,648,2898,2840,2909,0
36,31,648,2898,2633,2565,0
36,32,648,2898,2705,1885,0
36,33,648,2898,2153,2262,0
36,34,648,2898,387,708,0
36,35,648,2898,2510,1697,0
36,37,648,2898,652,1817,0
36,38,648,2898,1578,698,0
36,39,648,2898,2296,2101,0
36,40,648,2898,1931,2689,0
36,41,648,2898,526,1595,0
36,42,648,2898,2293,1825,0
36,43,648,2898,533,1404,0
36,44,648,2898,2655,608,0
36,45,648,2898,1891,927,0
36,46,648,2898,362,551,0
36,47,648,2898,517,432,0
36,48,648,2898,554,2611,0
36,49,648,2898,2495,1015,0
36,50,648,2898,582,952,0
36,51,648,2898,2325,1655,0
36,52,648,2898,627,564,0
36,53,648,2898,118,1718,0
36,54,648,2898,1703,700,0
36,55,648,2898,1698,1595,0
36,56,648,2898,2867,2916,0
36,57,648,2898,2436,1514,0
36,58,648,2898,2012,2768,0
36,59,648,2898,2307,1019,0
36,60,648,2898,59,2441,0
36,61,648,2898,1399,1108,0
36,62,648,2898,2643,1912,0
36,63,648,2898,2219,2119,0
36,64,648,2898,2401,2202,0
36,65,648,2898,387,1838,0
36,66,648,2898,1601,1532,0
36,67,648,2898,2837,72,0
36,68,648,2898,1391,2951,0
36,69,648,2898,595,1317,0
36,70,648,2898,2920,540,0
36,71,648,2898,2816,2465,0
36,72,648,2898,2231,1907,0
36,73,648,2898,1470,2429,0
36,74,648,2898,2847,1382,0
36,75,648,2898,1398,2370,0
36,76,648,2898,1762,2756,0
36,77,648,2898,95,1819,0
36,78,648,2898,2814,2784,0
36,79,648,2898,2728,847,0
36,80,648,2898,1380,2542,0
36,81,648,2898,1722,2778,0
36,82,648,2898,2181,2634,0
36,83,648,2898,2405,2720,0
36,84,648,2898,2862,2797,0
36,85,648,2898,598,2000,0
36,86,648,2898,2675,1916,0
36,87,648,2898,2094,513,0
36,88,648,2898,89,2129,0
36,89,648,2898,1347,973,0
36,90,648,2898,1412,647,0
36,91,648,2898,2716,1699,0
36,92,648,2898,2679,301,0
36,93,648,2898,2086,1982,0
36,94,648,2898,750,2399,0
36,95,648,2898,503,2249,0
36,96,648,2898,1529,2820,0
36,97,648,2898,116,1176,0
36,98,648,2898,692,2813,1
36,99,648,2898,231,639,0
36,100,648,2898,2740,2598,0
36,101,648,2898,224,2208,0
36,102,648,2898,1683,724,0
36,103,648,2898,1276,2330,0
36,104,648,2898,107,933,0
36,105,648,2898,1480,2153,0
36,106,648,2898,891,1933,0
36,107,648,2898,2849,2170,0
36,108,648,2898,1226,2205,0
36,109,648,2898,1117,460,0
36,110,648,2898,1597,111,0
36,111,648,2898,2174,2704,0
36,112,648,2898,811,90,0
36,113,648,2898,260,692,0
36,114,648,2898,1967,1969,0
36,115,648,2898,1133,2946,0
36,116,648,2898,786,2901,0
36,117,648,2898,312,1389,0
36,118,648,2898,2476,340,0
36,119,648,2898,2362,2436,0
36,120,648,2898,1679,1396,0
36,121,648,2898,2646,1977,0
36,122,648,2898,1769,2613,0
36,123,648,2898,636,2906,0
36,124,648,2898,2503,2888,0
36,125,648,2898,727,2051,0
36,126,648,2898,339,2092,0
36,127,648,2898,2559,1995,0
36,128,648,2898,1491,2896,0
36,129,648,2898,2256,1576,0
36,130,648,2898,335,2848,0
36,131,648,2898,1279,994,0
36,132,648,2898,191,2042,0
36,133,648,2898,2815,2594,0
36,134,648,2898,1341,659,0
36,135,648,2898,202,1952,0
36,136,648,2898,2049,235,0
36,137,648,2898,949,365,0
36,138,648,2898,442,484,0
36,139,648,2898,1496,989,0
36,140,648,2898,1432,2260,0
36,141,648,2898,378,1386,0
36,142,648,2898,251,778,0
36,143,648,2898,483,113,0
36,144,648,2898,2426,100,0
36,145,648,2898,2388,1563,0
36,146,648,2898,2427,2993,0
36,147,648,2898,1415,940,0
36,148,648,2898,40,1221,0
36,149,648,2898,415,137,0
36,150,648,2898,256,2140,0
36,151,648,2898,90,1522,0
36,152,648,2898,1589,989,0
36,153,648,2898,341,205,0
36,154,648,2898,883,1339,0
36,155,648,2898,280,1464,0
36,156,648,2898,1201,2822,0
36,157,648,2898,2942,1389,0
36,158,648,2898,1138,2750,0
36,159,648,2898,2639,1778,0
36,160,648,2898,662,429,0
36,161,648,2898,652,7,0
36,162,648,2898,2034,2057,0
36,163,648,2898,2854,2051,0
36,164,648,2898,1441,1791,0
36,165,648,2898,2428,256,0
36,166,648,2898,112,2528,0
36,167,648,2898,2873,2538,0
36,168,648,2898,2900,823,0
36,169,648,2898,263,2591,0
36,170,648,2898,486,2698,0
36,171,648,2898,568,150,0
36,172,648,2898,1194,2604,0
36,173,648,2898,1563,2193,0
36,174,648,2898,882,2764,0
36,175,648,2898,1800,2849,0
36,176,648,2898,58,2694,0
36,177,648,2898,2845,282,0
36,178,648,2898,2776,2400,0
36,179,648,2898,2493,1574,0
36,180,648,2898,1075,1910,0
36,181,648,2898,449,428,0
36,182,648,2898,2039,1945,0
36,183,648,2898,2887,271,0
36,184,648,2898,1400,2901,0
36,185,648,2898,2908,1118,0
36,186,648,2898,1650,1604,0
36,187,648,2898,2331,1718,0
36,188,648,2898,1439,133,0
36,189,648,2898,42,79,0
36,190,648,2898,1558,1707,0
36,191,648,2898,177,1143,0
36,192,648,2898,2585,1501,0
36,193,648,2898,888,374,0
36,194,648,2898,263,2834,0
36,195,648,2898,1595,2302,0
37,0,652,1817,434,320,0
37,1,652,1817,571,1612,0
37,2,652,1817,135,2521,0
37,3,652,1817,1047,2342,0
37,4,652,1817,1231,1324,0
37,5,652,1817,675,751,0
37,6,652,1817,1122,987,0
37,7,652,1817,242,2916,0
37,8,652,1817,1743,2319,0
37,9,652,1817,2618,754,0
37,10,652,1817,2910,1478,0
37,11,652,1817,2108,832,0
37,12,652,1817,2,1143,0
37,13,652,1817,1115,2279,0
37,14,652,1817,1977,415,0
37,15,652,1817,2226,1439,0
37,16,652,1817,2325,1601,0
37,17,652,1817,2489,1612,0
37,18,652,1817,488,2077,0
37,19,652,1817,1366,798,0
37,20,652,1817,190,1364,0
37,21,652,1817,2898,1873,0
37,22,652,1817,2802,484,0
37,23,652,1817,1769,1361,0
37,24,652,1817,1719,2907,0
37,25,652,1817,203,816,0
37,26,652,1817,1401,1966,0
37,27,652,1817,565,2022,0
37,28,652,1817,2418,1484,0
37,29,652,1817,2744,2458,0
37,30,652,1817,2840,2909,0
37,31,652,1817,2633,2565,0
37,32,652,1817,2705,1885,0
37,33,652,1817,2153,2262,0
37,34,652,1817,387,708,0
37,35,652,1817,2510,1697,0
37,36,652,1817,648,2898,0
37,38,652,1817,1578,698,0
37,39,652,1817,2296,2101,0
37,40,652,1817,1931,2689,0
37,41,652,1817,526,1595,0
37,42,652,1817,2293,1825,0
37,43,652,1817,533,1404,0
37,44,652,1817,2655,608,0
37,45,652,1817,1891,927,0
37,46,652,1817,362,551,0
37,47,652,1817,517,432,0
37,48,652,1817,554,2611,0
37,49,652,1817,2495,1015,0
37,50,652,1817,582,952,0
37,51,652,1817,2325,1655,0
37,52,652,1817,627,564,0
37,53,652,1817,118,1718,0
37,54,652,1817,1703,700,0
37,55,652,1817,1698,1595,0
37,56,652,1817,2867,2916,0
37,57,652,1817,2436,1514,0
37,58,652,1817,2012,2768,0
37,59,652,1817,2307,1019,0
37,60,652,1817,59,2441,0
37,61,652,1817,1399,1108,0
37,62,652,1817,2643,1912,0
37,63,652,1817,2219,2119,0
37,64,652,1817,2401,2202,0
37,65,652,1817,387,1838,1
37,66,652,1817,1601,1532,0
37,67,652,1817,2837,72,0
37,68,652,1817,1391,2951,0
37,69,652,1817,595,1317,0
37,70,652,1817,2920,540,0
37,71,652,1817,2816,2465,0
37,72,652,1817,2231,1907,0
37,73,652,1817,1470,2429,0
37,74,652,1817,2847,1382,0
37,75,652,1817,1398,2370,0
37,76,652,1817,1762,2756,0
37,77,652,1817,95,1819,0
37,78,652,1817,2814,2784,0
37,79,652,1817,2728,847,0
37,80,652,1817,1380,2542,0
37,81,652,1817,1722,2778,0
37,82,652,1817,2181,2634,0
37,83,652,1817,2405,2720,0
37,84,652,1817,2862,2797,0
37,85,652,1817,598,2000,0
37,86,652,1817,2675,1916,0
37,87,652,1817,2094,513,0
37,88,652,1817,89,2129,0
37,89,652,1817,1347,973,0
37,90,652,1817,1412,647,0
37,91,652,1817,2716,1699,0
37,92,652,1817,2679,301,0
37,93,652,1817,2086,1982,0
37,94,652,1817,750,2399,0
37,95,652,1817,503,2249,0
37,96,652,1817,1529,2820,0
37,97,652,1817,116,1176,0
37,98,652,1817,692,2813,0
37,99,652,1817,231,639,0
37,100,652,1817,2740,2598,0
37,101,652,1817,224,2208,0
37,102,652,1817,1683,724,0
37,103,652,1817,1276,2330,0
37,104,652,1817,107,933,0
37,105,652,1817,1480,2153,0
37,106,652,1817,891,1933,0
37,107,652,1817,2849,2170,0
37,108,652,1817,1226,2205,0
37,109,652,1817,1117,460,0
37,110,652,1817,1597,111,0
37,111,652,1817,2174,2704,0
37,112,652,1817,811,90,0
37,113,652,1817,260,692,0
37,114,652,1817,1967,1969,0
37,115,652,1817,1133,2946,0
37,116,652,1817,786,2901,0
37,117,652,1817,312,1389,0
37,118,652,1817,2476,340,0
37,119,652,1817,2362,2436,0
37,120,652,1817,1679,1396,0
37,121,652,1817,2646,1977,0
37,122,652,1817,1769,2613,0
37,123,652,1817,636,2906,0
37,124,652,1817,2503,2888,0
37,125,652,1817,727,2051,0
37,126,652,1817,339,2092,0
37,127,652,1817,2559,1995,0
37,128,652,1817,1491,2896,0
37,129,652,1817,2256,1576,0
37,130,652,1817,335,2848,0
37,131,652,1817,1279,994,0
37,132,652,1817,191,2042,0
37,133,652,1817,2815,2594,0
37,134,652,1817,1341,659,0
37,135,652,1817,202,1952,0
37,136,652,1817,2049,235,0
37,137,652,1817,949,365,0
37,138,652,1817,442,484,0
37,139,652,1817,1496,989,0
37,140,652,1817,1432,2260,0
37,141,652,1817,378,1386,0
37,142,652,1817,251,778,0
37,143,652,1817,483,113,0
37,144,652,1817,2426,100,0
37,145,652,1817,2388,1563,0
37,146,652,1817,2427,2993,0
37,147,652,1817,1415,940,0
37,148,652,1817,40,1221,0
37,149,652,1817,415,137,0
37,150,652,1817,256,2140,0
37,151,652,1817,90,1522,0
37,152,652,1817,1589,989,0
37,153,652,1817,341,205,0
37,154,652,1817,883,1339,0
37,155,652,1817,280,1464,0
37,156,652,1817,1201,2822,0
37,157,652,1817,2942,1389,0
37,158,652,1817,1138,2750,0
37,159,652,1817,2639,1778,0
37,160,652,1817,662,429,0
37,161,652,1817,652,7,0
37,162,652,1817,2034,2057,0
37,163,652,1817,2854,2051,0
37,164,652,1817,1441,1791,0
37,165,652,1817,2428,256,0
37,166,652,1817,112,2528,0
37,167,652,1817,2873,2538,0
37,168,652,1817,2900,823,0
37,169,652,1817,263,2591,0
37,170,652,1817,486,2698,0
37,171,652,1817,568,150,0
37,172,652,1817,1194,2604,0
37,173,652,1817,1563,2193,0
37,174,652,1817,882,2764,0
37,175,652,1817,1800,2849,0
37,176,652,1817,58,2694,0
37,177,652,1817,2845,282,0
37,178,652,1817,2776,2400,0
37,179,652,1817,2493,1574,0
37,180,652,1817,1075,1910,0
37,181,652,1817,449,428,0
37,182,652,1817,2039,1945,0
37,183,652,1817,2887,271,0
37,184,652,1817,1400,2901,0
37,185,652,1817,2908,1118,0
37,186,652,1817,1650,1604,0
37,187,652,1817,2331,1718,0
37,188,652,1817,1439,133,0
37,189,652,1817,42,79,0
37,190,652,1817,1558,1707,0
37,191,652,1817,177,1143,0
37,192,652,1817,2585,1501,0
37,193,652,1817,888,374,0
37,194,652,1817,263,2834,0
37,195,652,1817,1595,2302,0
38,0,1578,698,434,320,0
38,1,1578,698,571,1612,0
38,2,1578,698,135,2521,0
38,3,1578,698,1047,2342,0
38,4,1578,698,1231,1324,0
38,5,1578,698,675,751,0
38,6,1578,698,1122,987,0
38,7,1578,698,242,2916,0
38,8,1578,698,1743,2319,0
38,9,1578,698,2618,754,0
38,10,1578,698,2910,1478,0
38,11,1578,698,2108,832,0
38,12,1578,698,2,1143,0
38,13,1578,698,1115,2279,0
38,14,1578,698,1977,415,0
38,15,1578,698,2226,1439,0
38,16,1578,698,2325,1601,0
38,17,1578,698,2489,1612,0
38,18,1578,698,488,2077,0
38,19,1578,698,1366,798,0
38,20,1578,698,190,1364,0
38,21,1578,698,2898,1873,0
38,22,1578,698,2802,484,0
38,23,1578,698,1769,1361,0
38,24,1578,698,1719,2907,0
38,25,1578,698,203,816,0
38,26,1578,698,1401,1966,0
38,27,1578,698,565,2022,0
38,28,1578,698,2418,1484,0
38,29,1578,698,2744,2458,0
38,30,1578,698,2840,2909,0
38,31,1578,698,2633,2565,0
38,32,1578,698,2705,1885,0
38,33,1578,698,2153,2262,0
38,34,1578,698,387,708,0
38,35,1578,698,2510,1697,0
38,36,1578,698,648,2898,0
38,37,1578,698,652,1817,0
38,39,1578,698,2296,2101,0
38,40,1578,698,1931,2689,0
38,41,1578,698,526,1595,0
38,42,1578,698,2293,1825,0
38,43,1578,698,533,1404,0
38,44,1578,698,2655,608,0
38,45,1578,698,1891,927,0
38,46,1578,698,362,551,0
38,47,1578,698,517,432,0
38,48,1578,698,554,2611,0
38,49,1578,698,2495,1015,0
38,50,1578,698,582,952,0
38,51,1578,698,2325,1655,0
38,52,1578,698,627,564,0
38,53,1578,698,118,1718,0
38,54,1578,698,1703,700,0
38,55,1578,698,1698,1595,0
38,56,1578,698,2867,2916,0
38,57,1578,698,2436,1514,0
38,58,1578,698,2012,2768,0
38,59,1578,698,2307,1019,0
38,60,1578,698,59,2441,0
38,61,1578,698,1399,1108,0
38,62,1578,698,2643,1912,0
38,63,1578,698,2219,2119,0
38,64,1578,698,2401,2202,0
38,65,1578,698,387,1838,0
38,66,1578,698,1601,1532,0
38,67,1578,698,2837,72,0
38,68,1578,698,1391,2951,0
38,69,1578,698,595,1317,0
38,70,1578,698,2920,540,0
38,71,1578,698,2816,2465,0
38,72,1578,698,2231,1907,0
38,73,1578,698,1470,2429,0
38,74,1578,698,2847,1382,0
38,75,1578,698,1398,2370,0
38,76,1578,698,1762,2756,0
38,77,1578,698,95,1819,0
38,78,1578,698,2814,2784,0
38,79,1578,698,2728,847,0
38,80,1578,698,1380,2542,0
38,81,1578,698,1722,2778,0
38,82,1578,698,2181,2634,0
38,83,1578,698,2405,2720,0
38,84,1578,698,2862,2797,0
38,85,1578,698,598,2000,0
38,86,1578,698,2675,1916,0
38,87,1578,698,2094,513,0
38,88,1578,698,89,2129,0
38,89,1578,698,1347,973,0
38,90,1578,698,1412,647,1
38,91,1578,698,2716,1699,0
38,92,1578,698,2679,301,0
38,93,1578,698,2086,1982,0
38,94,1578,698,750,2399,0
38,95,1578,698,503,2249,0
38,96,1578,698,1529,2820,0
38,97,1578,698,116,1176,0
38,98,1578,698,692,2813,0
38,99,1578,698,231,639,0
38,100,1578,698,2740,2598,0
38,101,1578,698,224,2208,0
38,102,1578,698,1683,724,0
38,103,1578,698,1276,2330,0
38,104,1578,698,107,933,0
38,105,1578,698,1480,2153,0
38,106,1578,698,891,1933,0
38,107,1578,698,2849,2170,0
38,108,1578,698,1226,2205,0
38,109,1578,698,1117,460,0
38,110,1578,698,1597,111,0
38,111,1578,698,2174,2704,0
38,112,1578,698,811,90,0
38,113,1578,698,260,692,0
38,114,1578,698,1967,1969,0
38,115,1578,698,1133,2946,0
38,116,1578,698,786,2901,0
38,117,1578,698,312,1389,0
38,118,1578,698,2476,340,0
38,119,1578,698,2362,2436,0
38,120,1578,698,1679,1396,0
38,121,1578,698,2646,1977,0
38,122,1578,698,1769,2613,0
38,123,1578,698,636,2906,0
38,124,1578,698,2503,2888,0
38,125,1578,698,727,2051,0
38,126,1578,698,339,2092,0
38,127,1578,698,2559,1995,0
38,128,1578,698,1491,2896,0
38,129,1578,698,2256,1576,0
38,130,1578,698,335,2848,0
38,131,1578,698,1279,994,0
38,132,1578,698,191,2042,0
38,133,1578,698,2815,2594,0
38,134,1578,698,1341,659,0
38,135,1578,698,202,1952,0
38,136,1578,698,2049,235,0
38,137,1578,698,949,365,0
38,138,1578,698,442,484,0
38,139,1578,698,1496,989,0
38,140,1578,698,1432,2260,0
38,141,1578,698,378,1386,0
38,142,1578,698,251,778,0
38,143,1578,698,483,113,0
38,144,1578,698,2426,100,0
38,145,1578,698,2388,1563,0
38,146,1578,698,2427,2993,0
38,147,1578,698,1415,940,0
38,148,1578,698,40,1221,0
38,149,1578,698,415,137,0
38,150,1578,698,256,2140,0
38,151,1578,698,90,1522,0
38,152,1578,698,1589,989,0
38,153,1578,698,341,205,0
38,154,1578,698,883,1339,0
38,155,1578,698,280,1464,0
38,156,1578,698,1201,2822,0
38,157,1578,698,2942,1389,0
38,158,1578,698,1138,2750,0
38,159,1578,698,2639,1778,0
38,160,1578,698,662,429,0
38,161,1578,698,652,7,0
38,162,1578,698,2034,2057,0
38,163,1578,698,2854,2051,0
38,164,1578,698,1441,1791,0
38,165,1578,698,2428,256,0
38,166,1578,698,112,2528,0
38,167,1578,698,2873,2538,0
38,168,1578,698,2900,823,0
38,169,1578,698,263,2591,0
38,170,1578,698,486,2698,0
38,171,1578,698,568,150,0
38,172,1578,698,1194,2604,0
38,173,1578,698,1563,2193,0
38,174,1578,698,882,2764,0
38,175,1578,698,1800,2849,0
38,176,1578,698,58,2694,0
38,177,1578,698,2845,282,0
38,178,1578,698,2776,2400,0
38,179,1578,698,2493,1574,0
38,180,1578,698,1075,1910,0
38,181,1578,698,449,428,0
38,182,1578,698,2039,1945,0
38,183,1578,698,2887,271,0
38,184,1578,698,1400,2901,0
38,185,1578,698,2908,1118,0
38,186,1578,698,1650,1604,0
38,187,1578,698,2331,1718,0
38,188,1578,698,1439,133,0
38,189,1578,698,42,79,0
38,190,1578,698,1558,1707,0
38,191,1578,698,177,1143,0
38,192,1578,698,2585,1501,0
38,193,1578,698,888,374,0
38,194,1578,698,263,2834,0
38,195,1578,698,1595,2302,0
39,0,2296,2101,434,320,0
39,1,2296,2101,571,1612,0
39,2,2296,2101,135,2521,0
39,3,2296,2101,1047,2342,0
39,4,2296,2101,1231,1324,0
39,5,2296,2101,675,751,0
39,6,2296,2101,1122,987,0
39,7,2296,2101,242,2916,0
39,8,2296,2101,1743,2319,0
39,9,2296,2101,2618,754,0
39,10,2296,2101,2910,1478,0
39,11,2296,2101,2108,832,0
39,12,2296,2101,2,1143,0
39,13,2296,2101,1115,2279,0
39,14,2296,2101,1977,415,0
39,15,2296,2101,2226,1439,0
39,16,2296,2101,2325,1601,0
39,17,2296,2101,2489,1612,0
39,18,2296,2101,488,2077,0
39,19,2296,2101,1366,798,0
39,20,2296,2101,190,1364,0
39,21,2296,2101,2898,1873,0
39,22,2296,2101,2802,484,0
39,23,2296,2101,1769,1361,0
39,24,2296,2101,1719,2907,0
39,25,2296,2101,203,816,0
39,26,2296,2101,1401,1966,0
39,27,2296,2101,565,2022,0
39,28,2296,2101,2418,1484,0
39,29,2296,2101,2744,2458,0
39,30,2296,2101,2840,2909,0
39,31,2296,2101,2633,2565,0
39,32,2296,2101,2705,1885,0
39,33,2296,2101,2153,2262,0
39,34,2296,2101,387,708,0
39,35,2296,2101,2510,1697,0
39,36,2296,2101,648,2898,0
39,37,2296,2101,652,1817,0
39,38,2296,2101,1578,698,0
39,40,2296,2101,1931,2689,0
39,41,2296,2101,526,1595,0
39,42,2296,2101,2293,1825,0
39,43,2296,2101,533,1404,0
39,44,2296,2101,2655,608,0
39,45,2296,2101,1891,927,0
39,46,2296,2101,362,551,0
39,47,2296,2101,517,432,0
39,48,2296,2101,554,2611,0
39,49,2296,2101,2495,1015,0
39,50,2296,2101,582,952,0
39,51,2296,2101,2325,1655,0
39,52,2296,2101,627,564,0
39,53,2296,2101,118,1718,0
39,54,2296,2101,1703,700,0
39,55,2296,2101,1698,1595,0
39,56,2296,2101,2867,2916,0
39,57,2296,2101,2436,1514,0
39,58,2296,2101,2012,2768,0
39,59,2296,2101,2307,1019,0
39,60,2296,2101,59,2441,0
39,61,2296,2101,1399,1108,0
39,62,2296,2101,2643,1912,0
39,63,2296,2101,2219,2119,0
39,64,2296,2101,2401,2202,1
39,65,2296,2101,387,1838,0
39,66,2296,2101,1601,1532,0
39,67,2296,2101,2837,72,0
39,68,2296,2101,1391,2951,0
39,69,2296,2101,595,1317,0
39,70,2296,2101,2920,540,0
39,71,2296,2101,2816,2465,0
39,72,2296,2101,2231,1907,0
39,73,2296,2101,1470,2429,0
39,74,2296,2101,2847,1382,0
39,75,2296,2101,1398,2370,0
39,76,2296,2101,1762,2756,0
39,77,2296,2101,95,1819,0
39,78,2296,2101,2814,2784,0
39,79,2296,2101,2728,847,0
39,80,2296,2101,1380,2542,0
39,81,2296,2101,1722,2778,0
39,82,2296,2101,2181,2634,0
39,83,2296,2101,2405,2720,0
39,84,2296,2101,2862,2797,0
39,85,2296,2101,598,2000,0
39,86,2296,2101,2675,1916,0
39,87,2296,2101,2094,513,0
39,88,2296,2101,89,2129,0
39,89,2296,2101,1347,973,0
39,90,2296,2101,1412,647,0
39,91,2296,2101,2716,1699,0
39,92,2296,2101,2679,301,0
39,93,2296,2101,2086,1982,0
39,94,2296,2101,750,2399,0
39,95,2296,2101,503,2249,0
39,96,2296,2101,1529,2820,0
39,97,2296,2101,116,1176,0
39,98,2296,2101,692,2813,0
39,99,2296,2101,231,639,0
39,100,2296,2101,2740,2598,0
39,101,2296,2101,224,2208,0
39,102,2296,2101,1683,724,0
39,103,2296,2101,1276,2330,0
39,104,2296,2101,107,933,0
39,105,2296,2101,1480,2153,0
39,106,2296,2101,891,1933,0
39,107,2296,2101,2849,2170,0
39,108,2296,2101,1226,2205,0
39,109,2296,2101,1117,460,0
39,110,2296,2101,1597,111,0
39,111,2296,2101,2174,2704,0
39,112,2296,2101,811,90,0
39,113,2296,2101,260,692,0
39,114,2296,2101,1967,1969,0
39,115,2296,2101,1133,2946,0
39,116,2296,2101,786,2901,0
39,117,2296,2101,312,1389,0
39,118,2296,2101,2476,340,0
39,119,2296,2101,2362,2436,0
39,120,2296,2101,1679,1396,0
39,121,2296,2101,2646,1977,0
39,122,2296,2101,1769,2613,0
39,123,2296,2101,636,2906,0
39,124,2296,2101,2503,2888,0
39,125,2296,2101,727,2051,0
39,126,2296,2101,339,2092,0
39,127,2296,2101,2559,1995,0
39,128,2296,2101,1491,2896,0
39,129,2296,2101,2256,1576,0
39,130,2296,2101,335,2848,0
39,131,2296,2101,1279,994,0
39,132,2296,2101,191,2042,0
39,133,2296,2101,2815,2594,0
39,134,2296,2101,1341,659,0
39,135,2296,2101,202,1952,0
39,136,2296,2101,2049,235,0
39,137,2296,2101,949,365,0
39,138,2296,2101,442,484,0
39,139,2296,2101,1496,989,0
39,140,2296,2101,1432,2260,0
39,141,2296,2101,378,1386,0
39,142,2296,2101,251,778,0
39,143,2296,2101,483,113,0
39,144,2296,2101,2426,100,0
39,145,2296,2101,2388,1563,0
39,146,2296,2101,2427,2993,0
39,147,2296,2101,1415,940,0
39,148,2296,2101,40,1221,0
39,149,2296,2101,415,137,0
39,150,2296,2101,256,2140,0
39,151,2296,2101,90,1522,0
39,152,2296,2101,1589,989,0
39,153,2296,2101,341,205,0
39,154,2296,2101,883,1339,0
39,155,2296,2101,280,1464,0
39,156,2296,2101,1201,2822,0
39,157,2296,2101,2942,1389,0
39,158,2296,2101,1138,2750,0
39,159,2296,2101,2639,1778,0
39,160,2296,2101,662,429,0
39,161,2296,2101,652,7,0
39,162,2296,2101,2034,2057,0
39,163,2296,2101,2854,2051,0
39,164,2296,2101,1441,1791,0
39,165,2296,2101,2428,256,0
39,166,2296,2101,112,2528,0
39,167,2296,2101,2873,2538,0
39,168,2296,2101,2900,823,0
39,169,2296,2101,263,2591,0
39,170,2296,2101,486,2698,0
39,171,2296,2101,568,150,0
39,172,2296,2101,1194,2604,0
39,173,2296,2101,1563,2193,0
39,174,2296,2101,882,2764,0
39,175,2296,2101,1800,2849,0
39,176,2296,2101,58,2694,0
39,177,2296,2101,2845,282,0
39,178,2296,2101,2776,2400,0
39,179,2296,2101,2493,1574,0
39,180,2296,2101,1075,1910,0
39,181,2296,2101,449,428,0
39,182,2296,2101,2039,1945,0
39,183,2296,2101,2887,271,0
39,184,2296,2101,1400,2901,0
39,185,2296,2101,2908,1118,0
39,186,2296,2101,1650,1604,0
39,187,2296,2101,2331,1718,0
39,188,2296,2101,1439,133,0
39,189,2296,2101,42,79,0
39,190,2296,2101,1558,1707,0
39,191,2296,2101,177,1143,0
39,192,2296,2101,2585,1501,0
39,193,2296,2101,888,374,0
39,194,2296,2101,263,2834,0
39,195,2296,2101,1595,2302,0
40,0,1931,2689,434,320,0
40,1,1931,2689,571,1612,0
40,2,1931,2689,135,2521,0
40,3,1931,2689,1047,2342,0
40,4,1931,2689,1231,1324,0
40,5,1931,2689,675,751,0
40,6,1931,2689,1122,987,0
40,7,1931,2689,242,2916,0
40,8,1931,2689,1743,2319,0
40,9,1931,2689,2618,754,0
40,10,1931,2689,2910,1478,0
40,11,1931,2689,2108,832,0
40,12,1931,2689,2,1143,0
40,13,1931,2689,1115,2279,0
40,14,1931,2689,1977,415,0
40,15,1931,2689,2226,1439,0
40,16,1931,2689,2325,1601,0
40,17,1931,2689,2489,1612,0
40,18,1931,2689,488,2077,0
40,19,1931,2689,1366,798,0
40,20,1931,2689,190,1364,0
40,21,1931,2689,2898,1873,0
40,22,1931,2689,2802,484,0
40,23,1931,2689,1769,1361,0
40,24,1931,2689,1719,2907,0
40,25,1931,2689,203,816,0
40,26,1931,2689,1401,1966,0
40,27,1931,2689,565,2022,0
40,28,1931,2689,2418,1484,0
40,29,1931,2689,2744,2458,0
40,30,1931,2689,2840,2909,0
40,31,1931,2689,2633,2565,0
40,32,1931,2689,2705,1885,0
40,33,1931,2689,2153,2262,0
40,34,1931,2689,387,708,0
40,35,1931,2689,2510,1697,0
40,36,1931,2689,648,2898,0
40,37,1931,2689,652,1817,0
40,38,1931,2689,1578,698,0
40,39,1931,2689,2296,2101,0
40,41,1931,2689,526,1595,0
40,42,1931,2689,2293,1825,0
40,43,1931,2689,533,1404,0
40,44,1931,2689,2655,608,0
40,45,1931,2689,1891,927,0
40,46,1931,2689,362,551,0
40,47,1931,2689,517,432,0
40,48,1931,2689,554,2611,0
40,49,1931,2689,2495,1015,0
40,50,1931,2689,582,952,0
40,51,1931,2689,2325,1655,0
40,52,1931,2689,627,564,0
40,53,1931,2689,118,1718,0
40,54,1931,2689,1703,700,0
40,55,1931,2689,1698,1595,0
40,56,1931,2689,2867,2916,0
40,57,1931,2689,2436,1514,0
40,58,1931,2689,2012,2768,0
40,59,1931,2689,2307,1019,0
40,60,1931,2689,59,2441,0
40,61,1931,2689,1399,1108,0
40,62,1931,2689,2643,1912,0
40,63,1931,2689,2219,2119,0
40,64,1931,2689,2401,2202,0
40,65,1931,2689,387,1838,0
40,66,1931,2689,1601,1532,0
40,67,1931,2689,2837,72,0
40,68,1931,2689,1391,2951,0
40,69,1931,2689,595,1317,0
40,70,1931,2689,2920,540,0
40,71,1931,2689,2816,2465,0
40,72,1931,2689,2231,1907,0
40,73,1931,2689,1470,2429,0
40,74,1931,2689,2847,1382,0
40,75,1931,2689,1398,2370,0
40,76,1931,2689,1762,2756,0
40,77,1931,2689,95,1819,0
40,78,1931,2689,2814,2784,0
40,79,1931,2689,2728,847,0
40,80,1931,2689,1380,2542,0
40,81,1931,2689,1722,2778,0
40,82,1931,2689,2181,2634,0
40,83,1931,2689,2405,2720,0
40,84,1931,2689,2862,2797,0
40,85,1931,2689,598,2000,0
40,86,1931,2689,2675,1916,0
40,87,1931,2689,2094,513,0
40,88,1931,2689,89,2129,0
40,89,1931,2689,1347,973,0
40,90,1931,2689,1412,647,0
40,91,1931,2689,2716,1699,0
40,92,1931,2689,2679,301,0
40,93,1931,2689,2086,1982,0
40,94,1931,2689,750,2399,0
40,95,1931,2689,503,2249,0
40,96,1931,2689,1529,2820,0
40,97,1931,2689,116,1176,0
40,98,1931,2689,692,2813,0
40,99,1931,2689,231,639,0
40,100,1931,2689,2740,2598,0
40,101,1931,2689,224,2208,0
40,102,1931,2689,1683,724,0
40,103,1931,2689,1276,2330,0
40,104,1931,2689,107,933,0
40,105,1931,2689,1480,2153,0
40,106,1931,2689,891,1933,0
40,107,1931,2689,2849,2170,0
40,108,1931,2689,1226,2205,0
40,109,1931,2689,1117,460,0
40,110,1931,2689,1597,111,0
40,111,1931,2689,2174,2704,0
40,112,1931,2689,811,90,0
40,113,1931,2689,260,692,0
40,114,1931,2689,1967,1969,0
40,115,1931,2689,1133,2946,0
40,116,1931,2689,786,2901,0
40,117,1931,2689,312,1389,0
40,118,1931,2689,2476,340,0
40,119,1931,2689,2362,2436,0
40,120,1931,2689,1679,1396,0
40,121,1931,2689,2646,1977,0
40,122,1931,2689,1769,2613,1
40,123,1931,2689,636,2906,0
40,124,1931,2689,2503,2888,0
40,125,1931,2689,727,2051,0
40,126,1931,2689,339,2092,0
40,127,1931,2689,2559,1995,0
40,128,1931,2689,1491,2896,0
40,129,1931,2689,2256,1576,0
40,130,1931,2689,335,2848,0
40,131,1931,2689,1279,994,0
40,132,1931,2689,191,2042,0
40,133,1931,2689,2815,2594,0
40,134,1931,2689,1341,659,0
40,135,1931,2689,202,1952,0
40,136,1931,2689,2049,235,0
40,137,1931,2689,949,365,0
40,138,1931,2689,442,484,0
40,139,1931,2689,1496,989,0
40,140,1931,2689,1432,2260,0
40,141,1931,2689,378,1386,0
40,142,1931,2689,251,778,0
40,143,1931,2689,483,113,0
40,144,1931,2689,2426,100,0
40,145,1931,2689,2388,1563,0
40,146,1931,2689,2427,2993,0
40,147,1931,2689,1415,940,0
40,148,1931,2689,40,1221,0
40,149,1931,2689,415,137,0
40,150,1931,2689,256,2140,0
40,151,1931,2689,90,1522,0
40,152,1931,2689,1589,989,0
40,153,1931,2689,341,205,0
40,154,1931,2689,883,1339,0
40,155,1931,2689,280,1464,0
40,156,1931,2689,1201,2822,0
40,157,1931,2689,2942,1389,0
40,158,1931,2689,1138,2750,0
40,159,1931,2689,2639,1778,0
40,160,1931,2689,662,429,0
40,161,1931,2689,652,7,0
40,162,1931,2689,2034,2057,0
40,163,1931,2689,2854,2051,0
40,164,1931,2689,1441,1791,0
40,165,1931,2689,2428,256,0
40,166,1931,2689,112,2528,0
40,167,1931,2689,2873,2538,0
40,168,1931,2689,2900,823,0
40,169,1931,2689,263,2591,0
40,170,1931,2689,486,2698,0
40,171,1931,2689,568,150,0
40,172,1931,2689,1194,2604,0
40,173,1931,2689,1563,2193,0
40,174,1931,2689,882,2764,0
40,175,1931,2689,1800,2849,0
40,176,1931,2689,58,2694,0
40,177,1931,2689,2845,282,0
40,178,1931,2689,2776,2400,0
40,179,1931,2689,2493,1574,0
40,180,1931,2689,1075,1910,0
40,181,1931,2689,449,428,0
40,182,1931,2689,2039,1945,0
40,183,1931,2689,2887,271,0
40,184,1931,2689,1400,2901,0
40,185,1931,2689,2908,1118,0
40,186,1931,2689,1650,1604,0
40,187,1931,2689,2331,1718,0
40,188,1931,2689,1439,133,0
40,189,1931,2689,42,79,0
40,190,1931,2689,1558,1707,0
40,191,1931,2689,177,1143,0
40,192,1931,2689,2585,1501,0
40,193,1931,2689,888,374,0
40,194,1931,2689,263,2834,0
40,195,1931,2689,1595,2302,0
41,0,526,1595,434,320,0
41,1,526,1595,571,1612,1
41,2,526,1595,135,2521,0
41,3,526,1595,1047,2342,0
41,4,526,1595,1231,1324,0
41,5,526,1595,675,751,0
41,6,526,1595,1122,987,0
41,7,526,1595,242,2916,0
41,8,526,1595,1743,2319,0
41,9,526,1595,2618,754,0
41,10,526,1595,2910,1478,0
41,11,526,1595,2108,832,0
41,12,526,1595,2,1143,0
41,13,526,1595,1115,2279,0
41,14,526,1595,1977,415,0
41,15,526,1595,2226,1439,0
41,16,526,1595,2325,1601,0
41,17,526,1595,2489,1612,0
41,18,526,1595,488,2077,0
41,19,526,1595,1366,798,0
41,20,526,1595,190,1364,0
41,21,526,1595,2898,1873,0
41,22,526,1595,2802,484,0
41,23,526,1595,1769,1361,0
41,24,526,1595,1719,2907,0
41,25,526,1595,203,816,0
41,26,526,1595,1401,1966,0
41,27,526,1595,565,2022,0
41,28,526,1595,2418,1484,0
41,29,526,1595,2744,2458,0
41,30,526,1595,2840,2909,0
41,31,526,1595,2633,2565,0
41,32,526,1595,2705,1885,0
41,33,526,1595,2153,2262,0
41,34,526,1595,387,708,0
41,35,526,1595,2510,1697,0
41,36,526,1595,648,2898,0
41,37,526,1595,652,1817,0
41,38,526,1595,1578,698,0
41,39,526,1595,2296,2101,0
41,40,526,1595,1931,2689,0
41,42,526,1595,2293,1825,0
41,43,526,1595,533,1404,0
41,44,526,1595,2655,608,0
41,45,526,1595,1891,927,0
41,46,526,1595,362,551,0
41,47,526,1595,517,432,0
41,48,526,1595,554,2611,0
41,49,526,1595,2495,1015,0
41,50,526,1595,582,952,0
41,51,526,1595,2325,1655,0
41,52,526,1595,627,564,0
41,53,526,1595,118,1718,0
41,54,526,1595,1703,700,0
41,55,526,1595,1698,1595,0
41,56,526,1595,2867,2916,0
41,57,526,1595,2436,1514,0
41,58,526,1595,2012,2768,0
41,59,526,1595,2307,1019,0
41,60,526,1595,59,2441,0
41,61,526,1595,1399,1108,0
41,62,526,1595,2643,1912,0
41,63,526,1595,2219,2119,0
41,64,526,1595,2401,2202,0
41,65,526,1595,387,1838,0
41,66,526,1595,1601,1532,0
41,67,526,1595,2837,72,0
41,68,526,1595,1391,2951,0
41,69,526,1595,595,1317,0
41,70,526,1595,2920,540,0
41,71,526,1595,2816,2465,0
41,72,526,1595,2231,1907,0
41,73,526,1595,1470,2429,0
41,74,526,1595,2847,1382,0
41,75,526,1595,1398,2370,0
41,76,526,1595,1762,2756,0
41,77,526,1595,95,1819,0
41,78,526,1595,2814,2784,0
41,79,526,1595,2728,847,0
41,80,526,1595,1380,2542,0
41,81,526,1595,1722,2778,0
41,82,526,1595,2181,2634,0
41,83,526,1595,2405,2720,0
41,84,526,1595,2862,2797,0
41,85,526,1595,598,2000,0
41,86,526,1595,2675,1916,0
41,87,526,1595,2094,513,0
41,88,526,1595,89,2129,0
41,89,526,1595,1347,973,0
41,90,526,1595,1412,647,0
41,91,526,1595,2716,1699,0
41,92,526,1595,2679,301,0
41,93,526,1595,2086,1982,0
41,94,526,1595,750,2399,0
41,95,526,1595,503,2249,0
41,96,526,1595,1529,2820,0
41,97,526,1595,116,1176,0
41,98,526,1595,692,2813,0
41,99,526,1595,231,639,0
41,100,526,1595,2740,2598,0
41,101,526,1595,224,2208,0
41,102,526,1595,1683,724,0
41,103,526,1595,1276,2330,0
41,104,526,1595,107,933,0
41,105,526,1595,1480,2153,0
41,106,526,1595,891,1933,0
41,107,526,1595,2849,2170,0
41,108,526,1595,1226,2205,0
41,109,526,1595,1117,460,0
41,110,526,1595,1597,111,0
41,111,526,1595,2174,2704,0
41,112,526,1595,811,90,0
41,113,526,1595,260,692,0
41,114,526,1595,1967,1969,0
41,115,526,1595,1133,2946,0
41,116,526,1595,786,2901,0
41,117,526,1595,312,1389,0
41,118,526,1595,2476,340,0
41,119,526,1595,2362,2436,0
41,120,526,1595,1679,1396,0
41,121,526,1595,2646,1977,0
41,122,526,1595,1769,2613,0
41,123,526,1595,636,2906,0
41,124,526,1595,2503,2888,0
41,125,526,1595,727,2051,0
41,126,526,1595,339,2092,0
41,127,526,1595,2559,1995,0
41,128,526,1595,1491,2896,0
41,129,526,1595,2256,1576,0
41,130,526,1595,335,2848,0
41,131,526,1595,1279,994,0
41,132,526,1595,191,2042,0
41,133,526,1595,2815,2594,0
41,134,526,1595,1341,659,0
41,135,526,1595,202,1952,0
41,136,526,1595,2049,235,0
41,137,526,1595,949,365,0
41,138,526,1595,442,484,0
41,139,526,1595,1496,989,0
41,140,526,1595,1432,2260,0
41,141,526,1595,378,1386,0
41,142,526,1595,251,778,0
41,143,526,1595,483,113,0
41,144,526,1595,2426,100,0
41,145,526,1595,2388,1563,0
41,146,526,1595,2427,2993,0
41,147,526,1595,1415,940,0
41,148,526,1595,40,1221,0
41,149,526,1595,415,137,0
41,150,526,1595,256,2140,0
41,151,526,1595,90,1522,0
41,152,526,1595,1589,989,0
41,153,526,1595,341,205,0
41,154,526,1595,883,1339,0
41,155,526,1595,280,1464,0
41,156,526,1595,1201,2822,0
41,157,526,1595,2942,1389,0
41,158,526,1595,1138,2750,0
41,159,526,1595,2639,1778,0
41,160,526,1595,662,429,0
41,161,526,1595,652,7,0
41,162,526,1595,2034,2057,0
41,163,526,1595,2854,2051,0
41,164,526,1595,1441,1791,0
41,165,526,1595,2428,256,0
41,166,526,1595,112,2528,0
41,167,526,1595,2873,2538,0
41,168,526,1595,2900,823,0
41,169,526,1595,263,2591,0
41,170,526,1595,486,2698,0
41,171,526,1595,568,150,0
41,172,526,1595,1194,2604,0
41,173,526,1595,1563,2193,0
41,174,526,1595,882,2764,0
41,175,526,1595,1800,2849,0
41,176,526,1595,58,2694,0
41,177,526,1595,2845,282,0
41,178,526,1595,2776,2400,0
41,179,526,1595,2493,1574,0
41,180,526,1595,1075,1910,0
41,181,526,1595,449,428,0
41,182,526,1595,2039,1945,0
41,183,526,1595,2887,271,0
41,184,526,1595,1400,2901,0
41,185,526,1595,2908,1118,0
41,186,526,1595,1650,1604,0
41,187,526,1595,2331,1718,0
41,188,526,1595,1439,133,0
41,189,526,1595,42,79,0
41,190,526,1595,1558,1707,0
41,191,526,1595,177,1143,0
41,192,526,1595,2585,1501,0
41,193,526,1595,888,374,0
41,194,526,1595,263,2834,0
41,195,526,1595,1595,2302,0
42,0,2293,1825,434,320,0
42,1,2293,1825,571,1612,0
42,2,2293,1825,135,2521,0
42,3,2293,1825,1047,2342,0
42,4,2293,1825,1231,1324,0
42,5,2293,1825,675,751,0
42,6,2293,1825,1122,987,0
42,7,2293,1825,242,2916,0
42,8,2293,1825,1743,2319,0
42,9,2293,1825,2618,754,0
42,10,2293,1825,2910,1478,0
42,11,2293,1825,2108,832,0
42,12,2293,1825,2,1143,0
42,13,2293,1825,1115,2279,0
42,14,2293,1825,1977,415,0
42,15,2293,1825,2226,1439,0
42,16,2293,1825,2325,1601,0
42,17,2293,1825,2489,1612,0
42,18,2293,1825,488,2077,0
42,19,2293,1825,1366,798,0
42,20,2293,1825,190,1364,0
42,21,2293,1825,2898,1873,0
42,22,2293,1825,2802,484,0
42,23,2293,1825,1769,1361,0
42,24,2293,1825,1719,2907,0
42,25,2293,1825,203,816,0
42,26,2293,1825,1401,1966,0
42,27,2293,1825,565,2022,0
42,28,2293,1825,2418,1484,0
42,29,2293,1825,2744,2458,0
42,30,2293,1825,2840,2909,0
42,31,2293,1825,2633,2565,0
42,32,2293,1825,2705,1885,0
42,33,2293,1825,2153,2262,0
42,34,2293,1825,387,708,0
42,35,2293,1825,2510,1697,0
42,36,2293,1825,648,2898,0
42,37,2293,1825,652,1817,0
42,38,2293,1825,1578,698,0
42,39,2293,1825,2296,2101,0
42,40,2293,1825,1931,2689,0
42,41,2293,1825,526,1595,0
42,43,2293,1825,533,1404,0
42,44,2293,1825,2655,608,0
42,45,2293,1825,1891,927,0
42,46,2293,1825,362,551,0
42,47,2293,1825,517,432,0
42,48,2293,1825,554,2611,0
42,49,2293,1825,2495,1015,0
42,50,2293,1825,582,952,0
42,51,2293,1825,2325,1655,0
42,52,2293,1825,627,564,0
42,53,2293,1825,118,1718,0
42,54,2293,1825,1703,700,0
42,55,2293,1825,1698,1595,0
42,56,2293,1825,2867,2916,0
42,57,2293,1825,2436,1514,0
42,58,2293,1825,2012,2768,0
42,59,2293,1825,2307,1019,0
42,60,2293,1825,59,2441,0
42,61,2293,1825,1399,1108,0
42,62,2293,1825,2643,1912,0
42,63,2293,1825,2219,2119,0
42,64,2293,1825,2401,2202,0
42,65,2293,1825,387,1838,0
42,66,2293,1825,1601,1532,0
42,67,2293,1825,2837,72,0
42,68,2293,1825,1391,2951,0
42,69,2293,1825,595,1317,0
42,70,2293,1825,2920,540,0
42,71,2293,1825,2816,2465,0
42,72,2293,1825,2231,1907,1
42,73,2293,1825,1470,2429,0
42,74,2293,1825,2847,1382,0
42,75,2293,1825,1398,2370,0
42,76,2293,1825,1762,2756,0
42,77,2293,1825,95,1819,0
42,78,2293,1825,2814,2784,0
42,79,2293,1825,2728,847,0
42,80,2293,1825,1380,2542,0
42,81,2293,1825,1722,2778,0
42,82,2293,1825,2181,2634,0
42,83,2293,1825,2405,2720,0
42,84,2293,1825,2862,2797,0
42,85,2293,1825,598,2000,0
42,86,2293,1825,2675,1916,0
42,87,2293,1825,2094,513,0
42,88,2293,1825,89,2129,0
42,89,2293,1825,1347,973,0
42,90,2293,1825,1412,647,0
42,91,2293,1825,2716,1699,0
42,92,2293,1825,2679,301,0
42,93,2293,1825,2086,1982,0
42,94,2293,1825,750,2399,0
42,95,2293,1825,503,2249,0
42,96,2293,1825,1529,2820,0
42,97,2293,1825,116,1176,0
42,98,2293,1825,692,2813,0
42,99,2293,1825,231,639,0
42,100,2293,1825,2740,2598,0
42,101,2293,1825,224,2208,0
42,102,2293,1825,1683,724,0
42,103,2293,1825,1276,2330,0
42,104,2293,1825,107,933,0
42,105,2293,1825,1480,2153,0
42,106,2293,1825,891,1933,0
42,107,2293,1825,2849,2170,0
42,108,2293,1825,1226,2205,0
42,109,2293,1825,1117,460,0
42,110,2293,1825,1597,111,0
42,111,2293,1825,2174,2704,0
42,112,2293,1825,811,90,0
42,113,2293,1825,260,692,0
42,114,2293,1825,1967,1969,0
42,115,2293,1825,1133,2946,0
42,116,2293,1825,786,2901,0
42,117,2293,1825,312,1389,0
42,118,2293,1825,2476,340,0
42,119,2293,1825,2362,2436,0
42,120,2293,1825,1679,1396,0
42,121,2293,1825,2646,1977,0
42,122,2293,1825,1769,2613,0
42,123,2293,1825,636,2906,0
42,124,2293,1825,2503,2888,0
42,125,2293,1825,727,2051,0
42,126,2293,1825,339,2092,0
42,127,2293,1825,2559,1995,0
42,128,2293,1825,1491,2896,0
42,129,2293,1825,2256,1576,0
42,130,2293,1825,335,2848,0
42,131,2293,1825,1279,994,0
42,132,2293,1825,191,2042,0
42,133,2293,1825,2815,2594,0
42,134,2293,1825,1341,659,0
42,135,2293,1825,202,1952,0
42,136,2293,1825,2049,235,0
42,137,2293,1825,949,365,0
42,138,2293,1825,442,484,0
42,139,2293,1825,1496,989,0
42,140,2293,1825,1432,2260,0
42,141,2293,1825,378,1386,0
42,142,2293,1825,251,778,0
42,143,2293,1825,483,113,0
42,144,2293,1825,2426,100,0
42,145,2293,1825,2388,1563,0
42,146,2293,1825,2427,2993,0
42,147,2293,1825,1415,940,0
42,148,2293,1825,40,1221,0
42,149,2293,1825,415,137,0
42,150,2293,1825,256,2140,0
42,151,2293,1825,90,1522,0
42,152,2293,1825,1589,989,0
42,153,2293,1825,341,205,0
42,154,2293,1825,883,1339,0
42,155,2293,1825,280,1464,0
42,156,2293,1825,1201,2822,0
42,157,2293,1825,2942,1389,0
42,158,2293,1825,1138,2750,0
42,159,2293,1825,2639,1778,0
42,160,2293,1825,662,429,0
42,161,2293,1825,652,7,0
42,162,2293,1825,2034,2057,0
42,163,2293,1825,2854,2051,0
42,164,2293,1825,1441,1791,0
42,165,2293,1825,2428,256,0
42,166,2293,1825,112,2528,0
42,167,2293,1825,2873,2538,0
42,168,2293,1825,2900,823,0
42,169,2293,1825,263,2591,0
42,170,2293,1825,486,2698,0
42,171,2293,1825,568,150,0
42,172,2293,1825,1194,2604,0
42,173,2293,1825,1563,2193,0
42,174,2293,1825,882,2764,0
42,175,2293,1825,1800,2849,0
42,176,2293,1825,58,2694,0
42,177,2293,1825,2845,282,0
42,178,2293,1825,2776,2400,0
42,179,2293,1825,2493,1574,0
42,180,2293,1825,1075,1910,0
42,181,2293,1825,449,428,0
42,182,2293,1825,2039,1945,0
42,183,2293,1825,2887,271,0
42,184,2293,1825,1400,2901,0
42,185,2293,1825,2908,1118,0
42,186,2293,1825,1650,1604,0
42,187,2293,1825,2331,1718,0
42,188,2293,1825,1439,133,0
42,189,2293,1825,42,79,0
42,190,2293,1825,1558,1707,0
42,191,2293,1825,177,1143,0
42,192,2293,1825,2585,1501,0
42,193,2293,1825,888,374,0
42,194,2293,1825,263,2834,0
42,195,2293,1825,1595,2302,0
43,0,533,1404,434,320,0
43,1,533,1404,571,1612,0
43,2,533,1404,135,2521,0
43,3,533,1404,1047,2342,0
43,4,533,1404,1231,1324,0
43,5,533,1404,675,751,0
43,6,533,1404,1122,987,0
43,7,533,1404,242,2916,0
43,8,533,1404,1743,2319,0
43,9,533,1404,2618,754,0
43,10,533,1404,2910,1478,0
43,11,533,1404,2108,832,0
43,12,533,1404,2,1143,0
43,13,533,1404,1115,2279,0
43,14,533,1404,1977,415,0
43,15,533,1404,2226,1439,0
43,16,533,1404,2325,1601,0
43,17,533,1404,2489,1612,0
43,18,533,1404,488,2077,0
43,19,533,1404,1366,798,0
43,20,533,1404,190,1364,0
43,21,533,1404,2898,1873,0
43,22,533,1404,2802,484,0
43,23,533,1404,1769,1361,0
43,24,533,1404,1719,2907,0
43,25,533,1404,203,816,0
43,26,533,1404,1401,1966,0
43,27,533,1404,565,2022,0
43,28,533,1404,2418,1484,0
43,29,533,1404,2744,2458,0
43,30,533,1404,2840,2909,0
43,31,533,1404,2633,2565,0
43,32,533,1404,2705,1885,0
43,33,533,1404,2153,2262,0
43,34,533,1404,387,708,0
43,35,533,1404,2510,1697,0
43,36,533,1404,648,2898,0
43,37,533,1404,652,1817,0
43,38,533,1404,1578,698,0
43,39,533,1404,2296,2101,0
43,40,533,1404,1931,2689,0
43,41,533,1404,526,1595,1
43,42,533,1404,2293,1825,0
43,44,533,1404,2655,608,0
43,45,533,1404,1891,927,0
43,46,533,1404,362,551,0
43,47,533,1404,517,432,0
43,48,533,1404,554,2611,0
43,49,533,1404,2495,1015,0
43,50,533,1404,582,952,0
43,51,533,1404,2325,1655,0
43,52,533,1404,627,564,0
43,53,533,1404,118,1718,0
43,54,533,1404,1703,700,0
43,55,533,1404,1698,1595,0
43,56,533,1404,2867,2916,0
43,57,533,1404,2436,1514,0
43,58,533,1404,2012,2768,0
43,59,533,1404,2307,1019,0
43,60,533,1404,59,2441,0
43,61,533,1404,1399,1108,0
43,62,533,1404,2643,1912,0
43,63,533,1404,2219,2119,0
43,64,533,1404,2401,2202,0
43,65,533,1404,387,1838,0
43,66,533,1404,1601,1532,0
43,67,533,1404,2837,72,0
43,68,533,1404,1391,2951,0
43,69,533,1404,595,1317,0
43,70,533,1404,2920,540,0
43,71,533,1404,2816,2465,0
43,72,533,1404,2231,1907,0
43,73,533,1404,1470,2429,0
43,74,533,1404,2847,1382,0
43,75,533,1404,1398,2370,0
43,76,533,1404,1762,2756,0
43,77,533,1404,95,1819,0
43,78,533,1404,2814,2784,0
43,79,533,1404,2728,847,0
43,80,533,1404,1380,2542,0
43,81,533,1404,1722,2778,0
43,82,533,1404,2181,2634,0
43,83,533,1404,2405,2720,0
43,84,533,1404,2862,2797,0
43,85,533,1404,598,2000,0
43,86,533,1404,2675,1916,0
43,87,533,1404,2094,513,0
43,88,533,1404,89,2129,0
43,89,533,1404,1347,973,0
43,90,533,1404,1412,647,0
43,91,533,1404,2716,1699,0
43,92,533,1404,2679,301,0
43,93,533,1404,2086,1982,0
43,94,533,1404,750,2399,0
43,95,533,1404,503,2249,0
43,96,533,1404,1529,2820,0
43,97,533,1404,116,1176,0
43,98,533,1404,692,2813,0
43,99,533,1404,231,639,0
43,100,533,1404,2740,2598,0
43,101,533,1404,224,2208,0
43,102,533,1404,1683,724,0
43,103,533,1404,1276,2330,0
43,104,533,1404,107,933,0
43,105,533,1404,1480,2153,0
43,106,533,1404,891,1933,0
43,107,533,1404,2849,2170,0
43,108,533,1404,1226,2205,0
43,109,533,1404,1117,460,0
43,110,533,1404,1597,111,0
43,111,533,1404,2174,2704,0
43,112,533,1404,811,90,0
43,113,533,1404,260,692,0
43,114,533,1404,1967,1969,0
43,115,533,1404,1133,2946,0
43,116,533,1404,786,2901,0
43,117,533,1404,312,1389,0
43,118,533,1404,2476,340,0
43,119,533,1404,2362,2436,0
43,120,533,1404,1679,1396,0
43,121,533,1404,2646,1977,0
43,122,533,1404,1769,2613,0
43,123,533,1404,636,2906,0
43,124,533,1404,2503,2888,0
43,125,533,1404,727,2051,0
43,126,533,1404,339,2092,0
43,127,533,1404,2559,1995,0
43,128,533,1404,1491,2896,0
43,129,533,1404,2256,1576,0
43,130,533,1404,335,2848,0
43,131,533,1404,1279,994,0
43,132,533,1404,191,2042,0
43,133,533,1404,2815,2594,0
43,134,533,1404,1341,659,0
43,135,533,1404,202,1952,0
43,136,533,1404,2049,235,0
43,137,533,1404,949,365,0
43,138,533,1404,442,484,0
43,139,533,1404,1496,989,0
43,140,533,1404,1432,2260,0
43,141,533,1404,378,1386,0
43,142,533,1404,251,778,0
43,143,533,1404,483,113,0
43,144,533,1404,2426,100,0
43,145,533,1404,2388,1563,0
43,146,533,1404,2427,2993,0
43,147,533,1404,1415,940,0
43,148,533,1404,40,1221,0
43,149,533,1404,415,137,0
43,150,533,1404,256,2140,0
43,151,533,1404,90,1522,0
43,152,533,1404,1589,989,0
43,153,533,1404,341,205,0
43,154,533,1404,883,1339,0
43,155,533,1404,280,1464,0
43,156,533,1404,1201,2822,0
43,157,533,1404,2942,1389,0
43,158,533,1404,1138,2750,0
43,159,533,1404,2639,1778,0
43,160,533,1404,662,429,0
43,161,533,1404,652,7,0
43,162,533,1404,2034,2057,0
43,163,533,1404,2854,2051,0
43,164,533,1404,1441,1791,0
43,165,533,1404,2428,256,0
43,166,533,1404,112,2528,0
43,167,533,1404,2873,2538,0
43,168,533,1404,2900,823,0
43,169,533,1404,263,2591,0
43,170,533,1404,486,2698,0
43,171,533,1404,568,150,0
43,172,533,1404,1194,2604,0
43,173,533,1404,1563,2193,0
43,174,533,1404,882,2764,0
43,175,533,1404,1800,2849,0
43,176,533,1404,58,2694,0
43,177,533,1404,2845,282,0
43,178,533,1404,2776,2400,0
43,179,533,1404,2493,1574,0
43,180,533,1404,1075,1910,0
43,181,533,1404,449,428,0
43,182,533,1404,2039,1945,0
43,183,533,1404,2887,271,0
43,184,533,1404,1400,2901,0
43,185,533,1404,2908,1118,0
43,186,533,1404,1650,1604,0
43,187,533,1404,2331,1718,0
43,188,533,1404,1439,133,0
43,189,533,1404,42,79,0
43,190,533,1404,1558,1707,0
43,191,533,1404,177,1143,0
43,192,533,1404,2585,1501,0
43,193,533,1404,888,374,0
43,194,533,1404,263,2834,0
43,195,533,1404,1595,2302,0
44,0,2655,608,434,320,0
44,1,2655,608,571,1612,0
44,2,2655,608,135,2521,0
44,3,2655,608,1047,2342,0
44,4,2655,608,1231,1324,0
44,5,2655,608,675,751,0
44,6,2655,608,1122,987,0
44,7,2655,608,242,2916,0
44,8,2655,608,1743,2319,0
44,9,2655,608,2618,754,0
44,10,2655,608,2910,1478,0
44,11,2655,608,2108,832,0
44,12,2655,608,2,1143,0
44,13,2655,608,1115,2279,0
44,14,2655,608,1977,415,0
44,15,2655,608,2226,1439,0
44,16,2655,608,2325,1601,0
44,17,2655,608,2489,1612,0
44,18,2655,608,488,2077,0
44,19,2655,608,1366,798,0
44,20,2655,608,190,1364,0
44,21,2655,608,2898,1873,0
44,22,2655,608,2802,484,0
44,23,2655,608,1769,1361,0
44,24,2655,608,1719,2907,0
44,25,2655,608,203,816,0
44,26,2655,608,1401,1966,0
44,27,2655,608,565,2022,0
44,28,2655,608,2418,1484,0
44,29,2655,608,2744,2458,0
44,30,2655,608,2840,2909,0
44,31,2655,608,2633,2565,0
44,32,2655,608,2705,1885,0
44,33,2655,608,2153,2262,0
44,34,2655,608,387,708,0
44,35,2655,608,2510,1697,0
44,36,2655,608,648,2898,0
44,37,2655,608,652,1817,0
44,38,2655,608,1578,698,0
44,39,2655,608,2296,2101,0
44,40,2655,608,1931,2689,0
44,41,2655,608,526,1595,0
44,42,2655,608,2293,1825,0
44,43,2655,608,533,1404,0
44,45,2655,608,1891,927,0
44,46,2655,608,362,551,0
44,47,2655,608,517,432,0
44,48,2655,608,554,2611,0
44,49,2655,608,2495,1015,0
44,50,2655,608,582,952,0
44,51,2655,608,2325,1655,0
44,52,2655,608,627,564,0
44,53,2655,608,118,1718,0
44,54,2655,608,1703,700,0
44,55,2655,608,1698,1595,0
44,56,2655,608,2867,2916,0
44,57,2655,608,2436,1514,0
44,58,2655,608,2012,2768,0
44,59,2655,608,2307,1019,0
44,60,2655,608,59,2441,0
44,61,2655,608,1399,1108,0
44,62,2655,608,2643,1912,0
44,63,2655,608,2219,2119,0
44,64,2655,608,2401,2202,0
44,65,2655,608,387,1838,0
44,66,2655,608,1601,1532,0
44,67,2655,608,2837,72,0
44,68,2655,608,1391,2951,0
44,69,2655,608,595,1317,0
44,70,2655,608,2920,540,0
44,71,2655,608,2816,2465,0
44,72,2655,608,2231,1907,0
44,73,2655,608,1470,2429,0
44,74,2655,608,2847,1382,0
44,75,2655,608,1398,2370,0
44,76,2655,608,1762,2756,0
44,77,2655,608,95,1819,0
44,78,2655,608,2814,2784,0
44,79,2655,608,2728,847,0
44,80,2655,608,1380,2542,0
44,81,2655,608,1722,2778,0
44,82,2655,608,2181,2634,0
44,83,2655,608,2405,2720,0
44,84,2655,608,2862,2797,0
44,85,2655,608,598,2000,0
44,86,2655,608,2675,1916,0
44,87,2655,608,2094,513,0
44,88,2655,608,89,2129,0
44,89,2655,608,1347,973,0
44,90,2655,608,1412,647,0
44,91,2655,608,2716,1699,0
44,92,2655,608,2679,301,0
44,93,2655,608,2086,1982,0
44,94,2655,608,750,2399,0
44,95,2655,608,503,2249,0
44,96,2655,608,1529,2820,0
44,97,2655,608,116,1176,0
44,98,2655,608,692,2813,0
44,99,2655,608,231,639,0
44,100,2655,608,2740,2598,0
44,101,2655,608,224,2208,0
44,102,2655,608,1683,724,0
44,103,2655,608,1276,2330,0
44,104,2655,608,107,933,0
44,105,2655,608,1480,2153,0
44,106,2655,608,891,1933,0
44,107,2655,608,2849,2170,0
44,108,2655,608,1226,2205,0
44,109,2655,608,1117,460,0
44,110,2655,608,1597,111,0
44,111,2655,608,2174,2704,0
44,112,2655,608,811,90,0
44,113,2655,608,260,692,0
44,114,2655,608,1967,1969,0
44,115,2655,608,1133,2946,0
44,116,2655,608,786,2901,0
44,117,2655,608,312,1389,0
44,118,2655,608,2476,340,1
44,119,2655,608,2362,2436,0
44,120,2655,608,1679,1396,0
44,121,2655,608,2646,1977,0
44,122,2655,608,1769,2613,0
44,123,2655,608,636,2906,0
44,124,2655,608,2503,2888,0
44,125,2655,608,727,2051,0
44,126,2655,608,339,2092,0
44,127,2655,608,2559,1995,0
44,128,2655,608,1491,2896,0
44,129,2655,608,2256,1576,0
44,130,2655,608,335,2848,0
44,131,2655,608,1279,994,0
44,132,2655,608,191,2042,0
44,133,2655,608,2815,2594,0
44,134,2655,608,1341,659,0
44,135,2655,608,202,1952,0
44,136,2655,608,2049,235,0
44,137,2655,608,949,365,0
44,138,2655,608,442,484,0
44,139,2655,608,1496,989,0
44,140,2655,608,1432,2260,0
44,141,2655,608,378,1386,0
44,142,2655,608,251,778,0
44,143,2655,608,483,113,0
44,144,2655,608,2426,100,0
44,145,2655,608,2388,1563,0
44,146,2655,608,2427,2993,0
44,147,2655,608,1415,940,0
44,148,2655,608,40,1221,0
44,149,2655,608,415,137,0
44,150,2655,608,256,2140,0
44,151,2655,608,90,1522,0
44,152,2655,608,1589,989,0
44,153,2655,608,341,205,0
44,154,2655,608,883,1339,0
44,155,2655,608,280,1464,0
44,156,2655,608,1201,2822,0
44,157,2655,608,2942,1389,0
44,158,2655,608,1138,2750,0
44,159,2655,608,2639,1778,0
44,160,2655,608,662,429,0
44,161,2655,608,652,7,0
44,162,2655,608,2034,2057,0
44,163,2655,608,2854,2051,0
44,164,2655,608,1441,1791,0
44,165,2655,608,2428,256,0
44,166,2655,608,112,2528,0
44,167,2655,608,2873,2538,0
44,168,2655,608,2900,823,0
44,169,2655,608,263,2591,0
44,170,2655,608,486,2698,0
44,171,2655,608,568,150,0
44,172,2655,608,1194,2604,0
44,173,2655,608,1563,2193,0
44,174,2655,608,882,2764,0
44,175,2655,608,1800,2849,0
44,176,2655,608,58,2694,0
44,177,2655,608,2845,282,0
44,178,2655,608,2776,2400,0
44,179,2655,608,2493,1574,0
44,180,2655,608,1075,1910,0
44,181,2655,608,449,428,0
44,182,2655,608,2039,1945,0
44,183,2655,608,2887,271,0
44,184,2655,608,1400,2901,0
44,185,2655,608,2908,1118,0
44,186,2655,608,1650,1604,0
44,187,2655,608,2331,1718,0
44,188,2655,608,1439,133,0
44,189,2655,608,42,79,0
44,190,2655,608,1558,1707,0
44,191,2655,608,177,1143,0
44,192,2655,608,2585,1501,0
44,193,2655,608,888,374,0
44,194,2655,608,263,2834,0
44,195,2655,608,1595,2302,0
45,0,1891,927,434,320,0
45,1,1891,927,571,1612,0
45,2,1891,927,135,2521,0
45,3,1891,927,1047,2342,0
45,4,1891,927,1231,1324,0
45,5,1891,927,675,751,0
45,6,1891,927,1122,987,0
45,7,1891,927,242,2916,0
45,8,1891,927,1743,2319,0
45,9,1891,927,2618,754,0
45,10,1891,927,2910,1478,0
45,11,1891,927,2108,832,0
45,12,1891,927,2,1143,0
45,13,1891,927,1115,2279,0
45,14,1891,927,1977,415,0
45,15,1891,927,2226,1439,0
45,16,1891,927,2325,1601,0
45,17,1891,927,2489,1612,0
45,18,1891,927,488,2077,0
45,19,1891,927,1366,798,0
45,20,1891,927,190,1364,0
45,21,1891,927,2898,1873,0
45,22,1891,927,2802,484,0
45,23,1891,927,1769,1361,0
45,24,1891,927,1719,2907,0
45,25,1891,927,203,816,0
45,26,1891,927,1401,1966,0
45,27,1891,927,565,2022,0
45,28,1891,927,2418,1484,0
45,29,1891,927,2744,2458,0
45,30,1891,927,2840,2909,0
45,31,1891,927,2633,2565,0
45,32,1891,927,2705,1885,0
45,33,1891,927,2153,2262,0
45,34,1891,927,387,708,0
45,35,1891,927,2510,1697,0
45,36,1891,927,648,2898,0
45,37,1891,927,652,1817,0
45,38,1891,927,1578,698,0
45,39,1891,927,2296,2101,0
45,40,1891,927,1931,2689,0
45,41,1891,927,526,1595,0
45,42,1891,927,2293,1825,0
45,43,1891,927,533,1404,0
45,44,1891,927,2655,608,0
45,46,1891,927,362,551,0
45,47,1891,927,517,432,0
45,48,1891,927,554,2611,0
45,49,1891,927,2495,1015,0
45,50,1891,927,582,952,0
45,51,1891,927,2325,1655,0
45,52,1891,927,627,564,0
45,53,1891,927,118,1718,0
45,54,1891,927,1703,700,1
45,55,1891,927,1698,1595,0
45,56,1891,927,2867,2916,0
45,57,1891,927,2436,1514,0
45,58,1891,927,2012,2768,0
45,59,1891,927,2307,1019,0
45,60,1891,927,59,2441,0
45,61,1891,927,1399,1108,0
45,62,1891,927,2643,1912,0
45,63,1891,927,2219,2119,0
45,64,1891,927,2401,2202,0
45,65,1891,927,387,1838,0
45,66,1891,927,1601,1532,0
45,67,1891,927,2837,72,0
45,68,1891,927,1391,2951,0
45,69,1891,927,595,1317,0
45,70,1891,927,2920,540,0
45,71,1891,927,2816,2465,0
45,72,1891,927,2231,1907,0
45,73,1891,927,1470,2429,0
45,74,1891,927,2847,1382,0
45,75,1891,927,1398,2370,0
45,76,1891,927,1762,2756,0
45,77,1891,927,95,1819,0
45,78,1891,927,2814,2784,0
45,79,1891,927,2728,847,0
45,80,1891,927,1380,2542,0
45,81,1891,927,1722,2778,0
45,82,1891,927,2181,2634,0
45,83,1891,927,2405,2720,0
45,84,1891,927,2862,2797,0
45,85,1891,927,598,2000,0
45,86,1891,927,2675,1916,0
45,87,1891,927,2094,513,0
45,88,1891,927,89,2129,0
45,89,1891,927,1347,973,0
45,90,1891,927,1412,647,0
45,91,1891,927,2716,1699,0
45,92,1891,927,2679,301,0
45,93,1891,927,2086,1982,0
45,94,1891,927,750,2399,0
45,95,1891,927,503,2249,0
45,96,1891,927,1529,2820,0
45,97,1891,927,116,1176,0
45,98,1891,927,692,2813,0
45,99,1891,927,231,639,0
45,100,1891,927,2740,2598,0
45,101,1891,927,224,2208,0
45,102,1891,927,1683,724,0
45,103,1891,927,1276,2330,0
45,104,1891,927,107,933,0
45,105,1891,927,1480,2153,0
45,106,1891,927,891,1933,0
45,107,1891,927,2849,2170,0
45,108,1891,927,1226,2205,0
45,109,1891,927,1117,460,0
45,110,1891,927,1597,111,0
45,111,1891,927,2174,2704,0
45,112,1891,927,811,90,0
45,113,1891,927,260,692,0
45,114,1891,927,1967,1969,0
45,115,1891,927,1133,2946,0
45,116,1891,927,786,2901,0
45,117,1891,927,312,1389,0
45,118,1891,927,2476,340,0
45,119,1891,927,2362,2436,0
45,120,1891,927,1679,1396,0
45,121,1891,927,2646,1977,0
45,122,1891,927,1769,2613,0
45,123,1891,927,636,2906,0
45,124,1891,927,2503,2888,0
45,125,1891,927,727,2051,0
45,126,1891,927,339,2092,0
45,127,1891,927,2559,1995,0
45,128,1891,927,1491,2896,0
45,129,1891,927,2256,1576,0
45,130,1891,927,335,2848,0
45,131,1891,927,1279,994,0
45,132,1891,927,191,2042,0
45,133,1891,927,2815,2594,0
45,134,1891,927,1341,659,0
45,135,1891,927,202,1952,0
45,136,1891,927,2049,235,0
45,137,1891,927,949,365,0
45,138,1891,927,442,484,0
45,139,1891,927,1496,989,0
45,140,1891,927,1432,2260,0
45,141,1891,927,378,1386,0
45,142,1891,927,251,778,0
45,143,1891,927,483,113,0
45,144,1891,927,2426,100,0
45,145,1891,927,2388,1563,0
45,146,1891,927,2427,2993,0
45,147,1891,927,1415,940,0
45,148,1891,927,40,1221,0
45,149,1891,927,415,137,0
45,150,1891,927,256,2140,0
45,151,1891,927,90,1522,0
45,152,1891,927,1589,989,0
45,153,1891,927,341,205,0
45,154,1891,927,883,1339,0
45,155,1891,927,280,1464,0
45,156,1891,927,1201,2822,0
45,157,1891,927,2942,1389,0
45,158,1891,927,1138,2750,0
45,159,1891,927,2639,1778,0
45,160,1891,927,662,429,0
45,161,1891,927,652,7,0
45,162,1891,927,2034,2057,0
45,163,1891,927,2854,2051,0
45,164,1891,927,1441,1791,0
45,165,1891,927,2428,256,0
45,166,1891,927,112,2528,0
45,167,1891,927,2873,2538,0
45,168,1891,927,2900,823,0
45,169,1891,927,263,2591,0
45,170,1891,927,486,2698,0
45,171,1891,927,568,150,0
45,172,1891,927,1194,2604,0
45,173,1891,927,1563,2193,0
45,174,1891,927,882,2764,0
45,175,1891,927,1800,2849,0
45,176,1891,927,58,2694,0
45,177,1891,927,2845,282,0
45,178,1891,927,2776,2400,0
45,179,1891,927,2493,1574,0
45,180,1891,927,1075,1910,0
45,181,1891,927,449,428,0
45,182,1891,927,2039,1945,0
45,183,1891,927,2887,271,0
45,184,1891,927,1400,2901,0
45,185,1891,927,2908,1118,0
45,186,1891,927,1650,1604,0
45,187,1891,927,2331,1718,0
45,188,1891,927,1439,133,0
45,189,1891,927,42,79,0
45,190,1891,927,1558,1707,0
45,191,1891,927,177,1143,0
45,192,1891,927,2585,1501,0
45,193,1891,927,888,374,0
45,194,1891,927,263,2834,0
45,195,1891,927,1595,2302,0
46,0,362,551,434,320,0
46,1,362,551,571,1612,0
46,2,362,551,135,2521,0
46,3,362,551,1047,2342,0
46,4,362,551,1231,1324,0
46,5,362,551,675,751,0
46,6,362,551,1122,987,0
46,7,362,551,242,2916,0
46,8,362,551,1743,2319,0
46,9,362,551,2618,754,0
46,10,362,551,2910,1478,0
46,11,362,551,2108,832,0
46,12,362,551,2,1143,0
46,13,362,551,1115,2279,0
46,14,362,551,1977,415,0
46,15,362,551,2226,1439,0
46,16,362,551,2325,1601,0
46,17,362,551,2489,1612,0
46,18,362,551,488,2077,0
46,19,362,551,1366,798,0
46,20,362,551,190,1364,0
46,21,362,551,2898,1873,0
46,22,362,551,2802,484,0
46,23,362,551,1769,1361,0
46,24,362,551,1719,2907,0
46,25,362,551,203,816,0
46,26,362,551,1401,1966,0
46,27,362,551,565,2022,0
46,28,362,551,2418,1484,0
46,29,362,551,2744,2458,0
46,30,362,551,2840,2909,0
46,31,362,551,2633,2565,0
46,32,362,551,2705,1885,0
46,33,362,551,2153,2262,0
46,34,362,551,387,708,1
46,35,362,551,2510,1697,0
46,36,362,551,648,2898,0
46,37,362,551,652,1817,0
46,38,362,551,1578,698,0
46,39,362,551,2296,2101,0
46,40,362,551,1931,2689,0
46,41,362,551,526,1595,0
46,42,362,551,2293,1825,0
46,43,362,551,533,1404,0
46,44,362,551,2655,608,0
46,45,362,551,1891,927,0
46,47,362,551,517,432,0
46,48,362,551,554,2611,0
46,49,362,551,2495,1015,0
46,50,362,551,582,952,0
46,51,362,551,2325,1655,0
46,52,362,551,627,564,0
46,53,362,551,118,1718,0
46,54,362,551,1703,700,0
46,55,362,551,1698,1595,0
46,56,362,551,2867,2916,0
46,57,362,551,2436,1514,0
46,58,362,551,2012,2768,0
46,59,362,551,2307,1019,0
46,60,362,551,59,2441,0
46,61,362,551,1399,1108,0
46,62,362,551,2643,1912,0
46,63,362,551,2219,2119,0
46,64,362,551,2401,2202,0
46,65,362,551,387,1838,0
46,66,362,551,1601,1532,0
46,67,362,551,2837,72,0
46,68,362,551,1391,2951,0
46,69,362,551,595,1317,0
46,70,362,551,2920,540,0
46,71,362,551,2816,2465,0
46,72,362,551,2231,1907,0
46,73,362,551,1470,2429,0
46,74,362,551,2847,1382,0
46,75,362,551,1398,2370,0
46,76,362,551,1762,2756,0
46,77,362,551,95,1819,0
46,78,362,551,2814,2784,0
46,79,362,551,2728,847,0
46,80,362,551,1380,2542,0
46,81,362,551,1722,2778,0
46,82,362,551,2181,2634,0
46,83,362,551,2405,2720,0
46,84,362,551,2862,2797,0
46,85,362,551,598,2000,0
46,86,362,551,2675,1916,0
46,87,362,551,2094,513,0
46,88,362,551,89,2129,0
46,89,362,551,1347,973,0
46,90,362,551,1412,647,0
46,91,362,551,2716,1699,0
46,92,362,551,2679,301,0
46,93,362,551,2086,1982,0
46,94,362,551,750,2399,0
46,95,362,551,503,2249,0
46,96,362,551,1529,2820,0
46,97,362,551,116,1176,0
46,98,362,551,692,2813,0
46,99,362,551,231,639,0
46,100,362,551,2740,2598,0
46,101,362,551,224,2208,0
46,102,362,551,1683,724,0
46,103,362,551,1276,2330,0
46,104,362,551,107,933,0
46,105,362,551,1480,2153,0
46,106,362,551,891,1933,0
46,107,362,551,2849,2170,0
46,108,362,551,1226,2205,0
46,109,362,551,1117,460,0
46,110,362,551,1597,111,0
46,111,362,551,2174,2704,0
46,112,362,551,811,90,0
46,113,362,551,260,692,0
46,114,362,551,1967,1969,0
46,115,362,551,1133,2946,0
46,116,362,551,786,2901,0
46,117,362,551,312,1389,0
46,118,362,551,2476,340,0
46,119,362,551,2362,2436,0
46,120,362,551,1679,1396,0
46,121,362,551,2646,1977,0
46,122,362,551,1769,2613,0
46,123,362,551,636,2906,0
46,124,362,551,2503,2888,0
46,125,362,551,727,2051,0
46,126,362,551,339,2092,0
46,127,362,551,2559,1995,0
46,128,362,551,1491,2896,0
46,129,362,551,2256,1576,0
46,130,362,551,335,2848,0
46,131,362,551,1279,994,0
46,132,362,551,191,2042,0
46,133,362,551,2815,2594,0
46,134,362,551,1341,659,0
46,135,362,551,202,1952,0
46,136,362,551,2049,235,0
46,137,362,551,949,365,0
46,138,362,551,442,484,0
46,139,362,551,1496,989,0
46,140,362,551,1432,2260,0
46,141,362,551,378,1386,0
46,142,362,551,251,778,0
46,143,362,551,483,113,0
46,144,362,551,2426,100,0
46,145,362,551,2388,1563,0
46,146,362,551,2427,2993,0
46,147,362,551,1415,940,0
46,148,362,551,40,1221,0
46,149,362,551,415,137,0
46,150,362,551,256,2140,0
46,151,362,551,90,1522,0
46,152,362,551,1589,989,0
46,153,362,551,341,205,0
46,154,362,551,883,1339,0
46,155,362,551,280,1464,0
46,156,362,551,1201,2822,0
46,157,362,551,2942,1389,0
46,158,362,551,1138,2750,0
46,159,362,551,2639,1778,0
46,160,362,551,662,429,0
46,161,362,551,652,7,0
46,162,362,551,2034,2057,0
46,163,362,551,2854,2051,0
46,164,362,551,1441,1791,0
46,165,362,551,2428,256,0
46,166,362,551,112,2528,0
46,167,362,551,2873,2538,0
46,168,362,551,2900,823,0
46,169,362,551,263,2591,0
46,170,362,551,486,2698,0
46,171,362,551,568,150,0
46,172,362,551,1194,2604,0
46,173,362,551,1563,2193,0
46,174,362,551,882,2764,0
46,175,362,551,1800,2849,0
46,176,362,551,58,2694,0
46,177,362,551,2845,282,0
46,178,362,551,2776,2400,0
46,179,362,551,2493,1574,0
46,180,362,551,1075,1910,0
46,181,362,551,449,428,0
46,182,362,551,2039,1945,0
46,183,362,551,2887,271,0
46,184,362,551,1400,2901,0
46,185,362,551,2908,1118,0
46,186,362,551,1650,1604,0
46,187,362,551,2331,1718,0
46,188,362,551,1439,133,0
46,189,362,551,42,79,0
46,190,362,551,1558,1707,0
46,191,362,551,177,1143,0
46,192,362,551,2585,1501,0
46,193,362,551,888,374,0
46,194,362,551,263,2834,0
46,195,362,551,1595,2302,0
47,0,517,432,434,320,0
47,1,517,432,571,1612,0
47,2,517,432,135,2521,0
47,3,517,432,1047,2342,0
47,4,517,432,1231,1324,0
47,5,517,432,675,751,0
47,6,517,432,1122,987,0
47,7,517,432,242,2916,0
47,8,517,432,1743,2319,0
47,9,517,432,2618,754,0
47,10,517,432,2910,1478,0
47,11,517,432,2108,832,0
47,12,517,432,2,1143,0
47,13,517,432,1115,2279,0
47,14,517,432,1977,415,0
47,15,517,432,2226,1439,0
47,16,517,432,2325,1601,0
47,17,517,432,2489,1612,0
47,18,517,432,488,2077,0
47,19,517,432,1366,798,0
47,20,517,432,190,1364,0
47,21,517,432,2898,1873,0
47,22,517,432,2802,484,0
47,23,517,432,1769,1361,0
47,24,517,432,1719,2907,0
47,25,517,432,203,816,0
47,26,517,432,1401,1966,0
47,27,517,432,565,2022,0
47,28,517,432,2418,1484,0
47,29,517,432,2744,2458,0
47,30,517,432,2840,2909,0
47,31,517,432,2633,2565,0
47,32,517,432,2705,1885,0
47,33,517,432,2153,2262,0
47,34,517,432,387,708,0
47,35,517,432,2510,1697,0
47,36,517,432,648,2898,0
47,37,517,432,652,1817,0
47,38,517,432,1578,698,0
47,39,517,432,2296,2101,0
47,40,517,432,1931,2689,0
47,41,517,432,526,1595,0
47,42,517,432,2293,1825,0
47,43,517,432,533,1404,0
47,44,517,432,2655,608,0
47,45,517,432,1891,927,0
47,46,517,432,362,551,0
47,48,517,432,554,2611,0
47,49,517,432,2495,1015,0
47,50,517,432,582,952,0
47,51,517,432,2325,1655,0
47,52,517,432,627,564,0
47,53,517,432,118,1718,0
47,54,517,432,1703,700,0
47,55,517,432,1698,1595,0
47,56,517,432,2867,2916,0
47,57,517,432,2436,1514,0
47,58,517,432,2012,2768,0
47,59,517,432,2307,1019,0
47,60,517,432,59,2441,0
47,61,517,432,1399,1108,0
47,62,517,432,2643,1912,0
47,63,517,432,2219,2119,0
47,64,517,432,2401,2202,0
47,65,517,432,387,1838,0
47,66,517,432,1601,1532,0
47,67,517,432,2837,72,0
47,68,517,432,1391,2951,0
47,69,517,432,595,1317,0
47,70,517,432,2920,540,0
47,71,517,432,2816,2465,0
47,72,517,432,2231,1907,0
47,73,517,432,1470,2429,0
47,74,517,432,2847,1382,0
47,75,517,432,1398,2370,0
47,76,517,432,1762,2756,0
47,77,517,432,95,1819,0
47,78,517,432,2814,2784,0
47,79,517,432,2728,847,0
47,80,517,432,1380,2542,0
47,81,517,432,1722,2778,0
47,82,517,432,2181,2634,0
47,83,517,432,2405,2720,0
47,84,517,432,2862,2797,0
47,85,517,432,598,2000,0
47,86,517,432,2675,1916,0
47,87,517,432,2094,513,0
47,88,517,432,89,2129,0
47,89,517,432,1347,973,0
47,90,517,432,1412,647,0
47,91,517,432,2716,1699,0
47,92,517,432,2679,301,0
47,93,517,432,2086,1982,0
47,94,517,432,750,2399,0
47,95,517,432,503,2249,0
47,96,517,432,1529,2820,0
47,97,517,432,116,1176,0
47,98,517,432,692,2813,0
47,99,517,432,231,639,0
47,100,517,432,2740,2598,0
47,101,517,432,224,2208,0
47,102,517,432,1683,724,0
47,103,517,432,1276,2330,0
47,104,517,432,107,933,0
47,105,517,432,1480,2153,0
47,106,517,432,891,1933,0
47,107,517,432,2849,2170,0
47,108,517,432,1226,2205,0
47,109,517,432,1117,460,0
47,110,517,432,1597,111,0
47,111,517,432,2174,2704,0
47,112,517,432,811,90,0
47,113,517,432,260,692,0
47,114,517,432,1967,1969,0
47,115,517,432,1133,2946,0
47,116,517,432,786,2901,0
47,117,517,432,312,1389,0
47,118,517,432,2476,340,0
47,119,517,432,2362,2436,0
47,120,517,432,1679,1396,0
47,121,517,432,2646,1977,0
47,122,517,432,1769,2613,0
47,123,517,432,636,2906,0
47,124,517,432,2503,2888,0
47,125,517,432,727,2051,0
47,126,517,432,339,2092,0
47,127,517,432,2559,1995,0
47,128,517,432,1491,2896,0
47,129,517,432,2256,1576,0
47,130,517,432,335,2848,0
47,131,517,432,1279,994,0
47,132,517,432,191,2042,0
47,133,517,432,2815,2594,0
47,134,517,432,1341,659,0
47,135,517,432,202,1952,0
47,136,517,432,2049,235,0
47,137,517,432,949,365,0
47,138,517,432,442,484,1
47,139,517,432,1496,989,0
47,140,517,432,1432,2260,0
47,141,517,432,378,1386,0
47,142,517,432,251,778,0
47,143,517,432,483,113,0
47,144,517,432,2426,100,0
47,145,517,432,2388,1563,0
47,146,517,432,2427,2993,0
47,147,517,432,1415,940,0
47,148,517,432,40,1221,0
47,149,517,432,415,137,0
47,150,517,432,256,2140,0
47,151,517,432,90,1522,0
47,152,517,432,1589,989,0
47,153,517,432,341,205,0
47,154,517,432,883,1339,0
47,155,517,432,280,1464,0
47,156,517,432,1201,2822,0
47,157,517,432,2942,1389,0
47,158,517,432,1138,2750,0
47,159,517,432,2639,1778,0
47,160,517,432,662,429,0
47,161,517,432,652,7,0
47,162,517,432,2034,2057,0
47,163,517,432,2854,2051,0
47,164,517,432,1441,1791,0
47,165,517,432,2428,256,0
47,166,517,432,112,2528,0
47,167,517,432,2873,2538,0
47,168,517,432,2900,823,0
47,169,517,432,263,2591,0
47,170,517,432,486,2698,0
47,171,517,432,568,150,0
47,172,517,432,1194,2604,0
47,173,517,432,1563,2193,0
47,174,517,432,882,2764,0
47,175,517,432,1800,2849,0
47,176,517,432,58,2694,0
47,177,517,432,2845,282,0
47,178,517,432,2776,2400,0
47,179,517,432,2493,1574,0
47,180,517,432,1075,1910,0
47,181,517,432,449,428,0
47,182,517,432,2039,1945,0
47,183,517,432,2887,271,0
47,184,517,432,1400,2901,0
47,185,517,432,2908,1118,0
47,186,517,432,1650,1604,0
47,187,517,432,2331,1718,0
47,188,517,432,1439,133,0
47,189,517,432,42,79,0
47,190,517,432,1558,1707,0
47,191,517,432,177,1143,0
47,192,517,432,2585,1501,0
47,193,517,432,888,374,0
47,194,517,432,263,2834,0
47,195,517,432,1595,2302,0
48,0,554,2611,434,320,0
48,1,554,2611,571,1612,0
48,2,554,2611,135,2521,0
48,3,554,2611,1047,2342,0
48,4,554,2611,1231,1324,0
48,5,554,2611,675,751,0
48,6,554,2611,1122,987,0
48,7,554,2611,242,2916,0
48,8,554,2611,1743,2319,0
48,9,554,2611,2618,754,0
48,10,554,2611,2910,1478,0
48,11,554,2611,2108,832,0
48,12,554,2611,2,1143,0
48,13,554,2611,1115,2279,0
48,14,554,2611,1977,415,0
48,15,554,2611,2226,1439,0
48,16,554,2611,2325,1601,0
48,17,554,2611,2489,1612,0
48,18,554,2611,488,2077,0
48,19,554,2611,1366,798,0
48,20,554,2611,190,1364,0
48,21,554,2611,2898,1873,0
48,22,554,2611,2802,484,0
48,23,554,2611,1769,1361,0
48,24,554,2611,1719,2907,0
48,25,554,2611,203,816,0
48,26,554,2611,1401,1966,0
48,27,554,2611,565,2022,0
48,28,554,2611,2418,1484,0
48,29,554,2611,2744,2458,0
48,30,554,2611,2840,2909,0
48,31,554,2611,2633,2565,0
48,32,554,2611,2705,1885,0
48,33,554,2611,2153,2262,0
48,34,554,2611,387,708,0
48,35,554,2611,2510,1697,0
48,36,554,2611,648,2898,0
48,37,554,2611,652,1817,0
48,38,554,2611,1578,698,0
48,39,554,2611,2296,2101,0
48,40,554,2611,1931,2689,0
48,41,554,2611,526,1595,0
48,42,554,2611,2293,1825,0
48,43,554,2611,533,1404,0
48,44,554,2611,2655,608,0
48,45,554,2611,1891,927,0
48,46,554,2611,362,551,0
48,47,554,2611,517,432,0
48,49,554,2611,2495,1015,0
48,50,554,2611,582,952,0
48,51,554,2611,2325,1655,0
48,52,554,2611,627,564,0
48,53,554,2611,118,1718,0
48,54,554,2611,1703,700,0
48,55,554,2611,1698,1595,0
48,56,554,2611,2867,2916,0
48,57,554,2611,2436,1514,0
48,58,554,2611,2012,2768,0
48,59,554,2611,2307,1019,0
48,60,554,2611,59,2441,0
48,61,554,2611,1399,1108,0
48,62,554,2611,2643,1912,0
48,63,554,2611,2219,2119,0
48,64,554,2611,2401,2202,0
48,65,554,2611,387,1838,0
48,66,554,2611,1601,1532,0
48,67,554,2611,2837,72,0
48,68,554,2611,1391,2951,0
48,69,554,2611,595,1317,0
48,70,554,2611,2920,540,0
48,71,554,2611,2816,2465,0
48,72,554,2611,2231,1907,0
48,73,554,2611,1470,2429,0
48,74,554,2611,2847,1382,0
48,75,554,2611,1398,2370,0
48,76,554,2611,1762,2756,0
48,77,554,2611,95,1819,0
48,78,554,2611,2814,2784,0
48,79,554,2611,2728,847,0
48,80,554,2611,1380,2542,0
48,81,554,2611,1722,2778,0
48,82,554,2611,2181,2634,0
48,83,554,2611,2405,2720,0
48,84,554,2611,2862,2797,0
48,85,554,2611,598,2000,0
48,86,554,2611,2675,1916,0
48,87,554,2611,2094,513,0
48,88,554,2611,89,2129,0
48,89,554,2611,1347,973,0
48,90,554,2611,1412,647,0
48,91,554,2611,2716,1699,0
48,92,554,2611,2679,301,0
48,93,554,2611,2086,1982,0
48,94,554,2611,750,2399,0
48,95,554,2611,503,2249,0
48,96,554,2611,1529,2820,0
48,97,554,2611,116,1176,0
48,98,554,2611,692,2813,0
48,99,554,2611,231,639,0
48,100,554,2611,2740,2598,0
48,101,554,2611,224,2208,0
48,102,554,2611,1683,724,0
48,103,554,2611,1276,2330,0
48,104,554,2611,107,933,0
48,105,554,2611,1480,2153,0
48,106,554,2611,891,1933,0
48,107,554,2611,2849,2170,0
48,108,554,2611,1226,2205,0
48,109,554,2611,1117,460,0
48,110,554,2611,1597,111,0
48,111,554,2611,2174,2704,0
48,112,554,2611,811,90,0
48,113,554,2611,260,692,0
48,114,554,2611,1967,1969,0
48,115,554,2611,1133,2946,0
48,116,554,2611,786,2901,0
48,117,554,2611,312,1389,0
48,118,554,2611,2476,340,0
48,119,554,2611,2362,2436,0
48,120,554,2611,1679,1396,0
48,121,554,2611,2646,1977,0
48,122,554,2611,1769,2613,0
48,123,554,2611,636,2906,0
48,124,554,2611,2503,2888,0
48,125,554,2611,727,2051,0
48,126,554,2611,339,2092,0
48,127,554,2611,2559,1995,0
48,128,554,2611,1491,2896,0
48,129,554,2611,2256,1576,0
48,130,554,2611,335,2848,0
48,131,554,2611,1279,994,0
48,132,554,2611,191,2042,0
48,133,554,2611,2815,2594,0
48,134,554,2611,1341,659,0
48,135,554,2611,202,1952,0
48,136,554,2611,2049,235,0
48,137,554,2611,949,365,0
48,138,554,2611,442,484,0
48,139,554,2611,1496,989,0
48,140,554,2611,1432,2260,0
48,141,554,2611,378,1386,0
48,142,554,2611,251,778,0
48,143,554,2611,483,113,0
48,144,554,2611,2426,100,0
48,145,554,2611,2388,1563,0
48,146,554,2611,2427,2993,0
48,147,554,2611,1415,940,0
48,148,554,2611,40,1221,0
48,149,554,2611,415,137,0
48,150,554,2611,256,2140,0
48,151,554,2611,90,1522,0
48,152,554,2611,1589,989,0
48,153,554,2611,341,205,0
48,154,554,2611,883,1339,0
48,155,554,2611,280,1464,0
48,156,554,2611,1201,2822,0
48,157,554,2611,2942,1389,0
48,158,554,2611,1138,2750,0
48,159,554,2611,2639,1778,0
48,160,554,2611,662,429,0
48,161,554,2611,652,7,0
48,162,554,2611,2034,2057,0
48,163,554,2611,2854,2051,0
48,164,554,2611,1441,1791,0
48,165,554,2611,2428,256,0
48,166,554,2611,112,2528,0
48,167,554,2611,2873,2538,0
48,168,554,2611,2900,823,0
48,169,554,2611,263,2591,0
48,170,554,2611,486,2698,1
48,171,554,2611,568,150,0
48,172,554,2611,1194,2604,0
48,173,554,2611,1563,2193,0
48,174,554,2611,882,2764,0
48,175,554,2611,1800,2849,0
48,176,554,2611,58,2694,0
48,177,554,2611,2845,282,0
48,178,554,2611,2776,2400,0
48,179,554,2611,2493,1574,0
48,180,554,2611,1075,1910,0
48,181,554,2611,449,428,0
48,182,554,2611,2039,1945,0
48,183,554,2611,2887,271,0
48,184,554,2611,1400,2901,0
48,185,554,2611,2908,1118,0
48,186,554,2611,1650,1604,0
48,187,554,2611,2331,1718,0
48,188,554,2611,1439,133,0
48,189,554,2611,42,79,0
48,190,554,2611,1558,1707,0
48,191,554,2611,177,1143,0
48,192,554,2611,2585,1501,0
48,193,554,2611,888,374,0
48,194,554,2611,263,2834,0
48,195,554,2611,1595,2302,0
49,0,2495,1015,434,320,0
49,1,2495,1015,571,1612,0
49,2,2495,1015,135,2521,0
49,3,2495,1015,1047,2342,0
49,4,2495,1015,1231,1324,0
49,5,2495,1015,675,751,0
49,6,2495,1015,1122,987,0
49,7,2495,1015,242,2916,0
49,8,2495,1015,1743,2319,0
49,9,2495,1015,2618,754,0
49,10,2495,1015,2910,1478,0
49,11,2495,1015,2108,832,0
49,12,2495,1015,2,1143,0
49,13,2495,1015,1115,2279,0
49,14,2495,1015,1977,415,0
49,15,2495,1015,2226,1439,0
49,16,2495,1015,2325,1601,0
49,17,2495,1015,2489,1612,0
49,18,2495,1015,488,2077,0
49,19,2495,1015,1366,798,0
49,20,2495,1015,190,1364,0
49,21,2495,1015,2898,1873,0
49,22,2495,1015,2802,484,0
49,23,2495,1015,1769,1361,0
49,24,2495,1015,1719,2907,0
49,25,2495,1015,203,816,0
49,26,2495,1015,1401,1966,0
49,27,2495,1015,565,2022,0
49,28,2495,1015,2418,1484,0
49,29,2495,1015,2744,2458,0
49,30,2495,1015,2840,2909,0
49,31,2495,1015,2633,2565,0
49,32,2495,1015,2705,1885,0
49,33,2495,1015,2153,2262,0
49,34,2495,1015,387,708,0
49,35,2495,1015,2510,1697,0
49,36,2495,1015,648,2898,0
49,37,2495,1015,652,1817,0
49,38,2495,1015,1578,698,0
49,39,2495,1015,2296,2101,0
49,40,2495,1015,1931,2689,0
49,41,2495,1015,526,1595,0
49,42,2495,1015,2293,1825,0
49,43,2495,1015,533,1404,0
49,44,2495,1015,2655,608,0
49,45,2495,1015,1891,927,0
49,46,2495,1015,362,551,0
49,47,2495,1015,517,432,0
49,48,2495,1015,554,2611,0
49,50,2495,1015,582,952,0
49,51,2495,1015,2325,1655,0
49,52,2495,1015,627,564,0
49,53,2495,1015,118,1718,0
49,54,2495,1015,1703,700,0
49,55,2495,1015,1698,1595,0
49,56,2495,1015,2867,2916,0
49,57,2495,1015,2436,1514,0
49,58,2495,1015,2012,2768,0
49,59,2495,1015,2307,1019,0
49,60,2495,1015,59,2441,0
49,61,2495,1015,1399,1108,0
49,62,2495,1015,2643,1912,0
49,63,2495,1015,2219,2119,0
49,64,2495,1015,2401,2202,0
49,65,2495,1015,387,1838,0
49,66,2495,1015,1601,1532,0
49,67,2495,1015,2837,72,0
49,68,2495,1015,1391,2951,0
49,69,2495,1015,595,1317,0
49,70,2495,1015,2920,540,0
49,71,2495,1015,2816,2465,0
49,72,2495,1015,2231,1907,0
49,73,2495,1015,1470,2429,0
49,74,2495,1015,2847,1382,0
49,75,2495,1015,1398,2370,0
49,76,2495,1015,1762,2756,0
49,77,2495,1015,95,1819,0
49,78,2495,1015,2814,2784,0
49,79,2495,1015,2728,847,1
49,80,2495,1015,1380,2542,0
49,81,2495,1015,1722,2778,0
49,82,2495,1015,2181,2634,0
49,83,2495,1015,2405,2720,0
49,84,2495,1015,2862,2797,0
49,85,2495,1015,598,2000,0
49,86,2495,1015,2675,1916,0
49,87,2495,1015,2094,513,0
49,88,2495,1015,89,2129,0
49,89,2495,1015,1347,973,0
49,90,2495,1015,1412,647,0
49,91,2495,1015,2716,1699,0
49,92,2495,1015,2679,301,0
49,93,2495,1015,2086,1982,0
49,94,2495,1015,750,2399,0
49,95,2495,1015,503,2249,0
49,96,2495,1015,1529,2820,0
49,97,2495,1015,116,1176,0
49,98,2495,1015,692,2813,0
49,99,2495,1015,231,639,0
49,100,2495,1015,2740,2598,0
49,101,2495,1015,224,2208,0
49,102,2495,1015,1683,724,0
49,103,2495,1015,1276,2330,0
49,104,2495,1015,107,933,0
49,105,2495,1015,1480,2153,0
49,106,2495,1015,891,1933,0
49,107,2495,1015,2849,2170,0
49,108,2495,1015,1226,2205,0
49,109,2495,1015,1117,460,0
49,110,2495,1015,1597,111,0
49,111,2495,1015,2174,2704,0
49,112,2495,1015,811,90,0
49,113,2495,1015,260,692,0
49,114,2495,1015,1967,1969,0
49,115,2495,1015,1133,2946,0
49,116,2495,1015,786,2901,0
49,117,2495,1015,312,1389,0
49,118,2495,1015,2476,340,0
49,119,2495,1015,2362,2436,0
49,120,2495,1015,1679,1396,0
49,121,2495,1015,2646,1977,0
49,122,2495,1015,1769,2613,0
49,123,2495,1015,636,2906,0
49,124,2495,1015,2503,2888,0
49,125,2495,1015,727,2051,0
49,126,2495,1015,339,2092,0
49,127,2495,1015,2559,1995,0
49,128,2495,1015,1491,2896,0
49,129,2495,1015,2256,1576,0
49,130,2495,1015,335,2848,0
49,131,2495,1015,1279,994,0
49,132,2495,1015,191,2042,0
49,133,2495,1015,2815,2594,0
49,134,2495,1015,1341,659,0
49,135,2495,1015,202,1952,0
49,136,2495,1015,2049,235,0
49,137,2495,1015,949,365,0
49,138,2495,1015,442,484,0
49,139,2495,1015,1496,989,0
49,140,2495,1015,1432,2260,0
49,141,2495,1015,378,1386,0
49,142,2495,1015,251,778,0
49,143,2495,1015,483,113,0
49,144,2495,1015,2426,100,0
49,145,2495,1015,2388,1563,0
49,146,2495,1015,2427,2993,0
49,147,2495,1015,1415,940,0
49,148,2495,1015,40,1221,0
49,149,2495,1015,415,137,0
49,150,2495,1015,256,2140,0
49,151,2495,1015,90,1522,0
49,152,2495,1015,1589,989,0
49,153,2495,1015,341,205,0
49,154,2495,1015,883,1339,0
49,155,2495,1015,280,1464,0
49,156,2495,1015,1201,2822,0
49,157,2495,1015,2942,1389,0
49,158,2495,1015,1138,2750,0
49,159,2495,1015,2639,1778,0
49,160,2495,1015,662,429,0
49,161,2495,1015,652,7,0
49,162,2495,1015,2034,2057,0
49,163,2495,1015,2854,2051,0
49,164,2495,1015,1441,1791,0
49,165,2495,1015,2428,256,0
49,166,2495,1015,112,2528,0
49,167,2495,1015,2873,2538,0
49,168,2495,1015,2900,823,0
49,169,2495,1015,263,2591,0
49,170,2495,1015,486,2698,0
49,171,2495,1015,568,150,0
49,172,2495,1015,1194,2604,0
49,173,2495,1015,1563,2193,0
49,174,2495,1015,882,2764,0
49,175,2495,1015,1800,2849,0
49,176,2495,1015,58,2694,0
49,177,2495,1015,2845,282,0
49,178,2495,1015,2776,2400,0
49,179,2495,1015,2493,1574,0
49,180,2495,1015,1075,1910,0
49,181,2495,1015,449,428,0
49,182,2495,1015,2039,1945,0
49,183,2495,1015,2887,271,0
49,184,2495,1015,1400,2901,0
49,185,2495,1015,2908,1118,0
49,186,2495,1015,1650,1604,0
49,187,2495,1015,2331,1718,0
49,188,2495,1015,1439,133,0
49,189,2495,1015,42,79,0
49,190,2495,1015,1558,1707,0
49,191,2495,1015,177,1143,0
49,192,2495,1015,2585,1501,0
49,193,2495,1015,888,374,0
49,194,2495,1015,263,2834,0
49,195,2495,1015,1595,2302,0
50,0,582,952,434,320,0
50,1,582,952,571,1612,0
50,2,582,952,135,2521,0
50,3,582,952,1047,2342,0
50,4,582,952,1231,1324,0
50,5,582,952,675,751,1
50,6,582,952,1122,987,0
50,7,582,952,242,2916,0
50,8,582,952,1743,2319,0
50,9,582,952,2618,754,0
50,10,582,952,2910,1478,0
50,11,582,952,2108,832,0
50,12,582,952,2,1143,0
50,13,582,952,1115,2279,0
50,14,582,952,1977,415,0
50,15,582,952,2226,1439,0
50,16,582,952,2325,1601,0
50,17,582,952,2489,1612,0
50,18,582,952,488,2077,0
50,19,582,952,1366,798,0
50,20,582,952,190,1364,0
50,21,582,952,2898,1873,0
50,22,582,952,2802,484,0
50,23,582,952,1769,1361,0
50,24,582,952,1719,2907,0
50,25,582,952,203,816,0
50,26,582,952,1401,1966,0
50,27,582,952,565,2022,0
50,28,582,952,2418,1484,0
50,29,582,952,2744,2458,0
50,30,582,952,2840,2909,0
50,31,582,952,2633,2565,0
50,32,582,952,2705,1885,0
50,33,582,952,2153,2262,0
50,34,582,952,387,708,0
50,35,582,952,2510,1697,0
50,36,582,952,648,2898,0
50,37,582,952,652,1817,0
50,38,582,952,1578,698,0
50,39,582,952,2296,2101,0
50,40,582,952,1931,2689,0
50,41,582,952,526,1595,0
50,42,582,952,2293,1825,0
50,43,582,952,533,1404,0
50,44,582,952,2655,608,0
50,45,582,952,1891,927,0
50,46,582,952,362,551,0
50,47,582,952,517,432,0
50,48,582,952,554,2611,0
50,49,582,952,2495,1015,0
50,51,582,952,2325,1655,0
50,52,582,952,627,564,0
50,53,582,952,118,1718,0
50,54,582,952,1703,700,0
50,55,582,952,1698,1595,0
50,56,582,952,2867,2916,0
50,57,582,952,2436,1514,0
50,58,582,952,2012,2768,0
50,59,582,952,2307,1019,0
50,60,582,952,59,2441,0
50,61,582,952,1399,1108,0
50,62,582,952,2643,1912,0
50,63,582,952,2219,2119,0
50,64,582,952,2401,2202,0
50,65,582,952,387,1838,0
50,66,582,952,1601,1532,0
50,67,582,952,2837,72,0
50,68,582,952,1391,2951,0
50,69,582,952,595,1317,0
50,70,582,952,2920,540,0
50,71,582,952,2816,2465,0
50,72,582,952,2231,1907,0
50,73,582,952,1470,2429,0
50,74,582,952,2847,1382,0
50,75,582,952,1398,2370,0
50,76,582,952,1762,2756,0
50,77,582,952,95,1819,0
50,78,582,952,2814,2784,0
50,79,582,952,2728,847,0
50,80,582,952,1380,2542,0
50,81,582,952,1722,2778,0
50,82,582,952,2181,2634,0
50,83,582,952,2405,2720,0
50,84,582,952,2862,2797,0
50,85,582,952,598,2000,0
50,86,582,952,2675,1916,0
50,87,582,952,2094,513,0
50,88,582,952,89,2129,0
50,89,582,952,1347,973,0
50,90,582,952,1412,647,0
50,91,582,952,2716,1699,0
50,92,582,952,2679,301,0
50,93,582,952,2086,1982,0
50,94,582,952,750,2399,0
50,95,582,952,503,2249,0
50,96,582,952,1529,2820,0
50,97,582,952,116,1176,0
50,98,582,952,692,2813,0
50,99,582,952,231,639,0
50,100,582,952,2740,2598,0
50,101,582,952,224,2208,0
50,102,582,952,1683,724,0
50,103,582,952,1276,2330,0
50,104,582,952,107,933,0
50,105,582,952,1480,2153,0
50,106,582,952,891,1933,0
50,107,582,952,2849,2170,0
50,108,582,952,1226,2205,0
50,109,582,952,1117,460,0
50,110,582,952,1597,111,0
50,111,582,952,2174,2704,0
50,112,582,952,811,90,0
50,113,582,952,260,692,0
50,114,582,952,1967,1969,0
50,115,582,952,1133,2946,0
50,116,582,952,786,2901,0
50,117,582,952,312,1389,0
50,118,582,952,2476,340,0
50,119,582,952,2362,2436,0
50,120,582,952,1679,1396,0
50,121,582,952,2646,1977,0
50,122,582,952,1769,2613,0
50,123,582,952,636,2906,0
50,124,582,952,2503,2888,0
50,125,582,952,727,2051,0
50,126,582,952,339,2092,0
50,127,582,952,2559,1995,0
50,128,582,952,1491,2896,0
50,129,582,952,2256,1576,0
50,130,582,952,335,2848,0
50,131,582,952,1279,994,0
50,132,582,952,191,2042,0
50,133,582,952,2815,2594,0
50,134,582,952,1341,659,0
50,135,582,952,202,1952,0
50,136,582,952,2049,235,0
50,137,582,952,949,365,0
50,138,582,952,442,484,0
50,139,582,952,1496,989,0
50,140,582,952,1432,2260,0
50,141,582,952,378,1386,0
50,142,582,952,251,778,0
50,143,582,952,483,113,0
50,144,582,952,2426,100,0
50,145,582,952,2388,1563,0
50,146,582,952,2427,2993,0
50,147,582,952,1415,940,0
50,148,582,952,40,1221,0
50,149,582,952,415,137,0
50,150,582,952,256,2140,0
50,151,582,952,90,1522,0
50,152,582,952,1589,989,0
50,153,582,952,341,205,0
50,154,582,952,883,1339,0
50,155,582,952,280,1464,0
50,156,582,952,1201,2822,0
50,157,582,952,2942,1389,0
50,158,582,952,1138,2750,0
50,159,582,952,2639,1778,0
50,160,582,952,662,429,0
50,161,582,952,652,7,0
50,162,582,952,2034,2057,0
50,163,582,952,2854,2051,0
50,164,582,952,1441,1791,0
50,165,582,952,2428,256,0
50,166,582,952,112,2528,0
50,167,582,952,2873,2538,0
50,168,582,952,2900,823,0
50,169,582,952,263,2591,0
50,170,582,952,486,2698,0
50,171,582,952,568,150,0
50,172,582,952,1194,2604,0
50,173,582,952,1563,2193,0
50,174,582,952,882,2764,0
50,175,582,952,1800,2849,0
50,176,582,952,58,2694,0
50,177,582,952,2845,282,0
50,178,582,952,2776,2400,0
50,179,582,952,2493,1574,0
50,180,582,952,1075,1910,0
50,181,582,952,449,428,0
50,182,582,952,2039,1945,0
50,183,582,952,2887,271,0
50,184,582,952,1400,2901,0
50,185,582,952,2908,1118,0
50,186,582,952,1650,1604,0
50,187,582,952,2331,1718,0
50,188,582,952,1439,133,0
50,189,582,952,42,79,0
50,190,582,952,1558,1707,0
50,191,582,952,177,1143,0
50,192,582,952,2585,1501,0
50,193,582,952,888,374,0
50,194,582,952,263,2834,0
50,195,582,952,1595,2302,0
51,0,2325,1655,434,320,0
51,1,2325,1655,571,1612,0
51,2,2325,1655,135,2521,0
51,3,2325,1655,1047,2342,0
51,4,2325,1655,1231,1324,0
51,5,2325,1655,675,751,0
51,6,2325,1655,1122,987,0
51,7,2325,1655,242,2916,0
51,8,2325,1655,1743,2319,0
51,9,2325,1655,2618,754,0
51,10,2325,1655,2910,1478,0
51,11,2325,1655,2108,832,0
51,12,2325,1655,2,1143,0
51,13,2325,1655,1115,2279,0
51,14,2325,1655,1977,415,0
51,15,2325,1655,2226,1439,0
51,16,2325,1655,2325,1601,0
51,17,2325,1655,2489,1612,0
51,18,2325,1655,488,2077,0
51,19,2325,1655,1366,798,0
51,20,2325,1655,190,1364,0
51,21,2325,1655,2898,1873,0
51,22,2325,1655,2802,484,0
51,23,2325,1655,1769,1361,0
51,24,2325,1655,1719,2907,0
51,25,2325,1655,203,816,0
51,26,2325,1655,1401,1966,0
51,27,2325,1655,565,2022,0
51,28,2325,1655,2418,1484,0
51,29,2325,1655,2744,2458,0
51,30,2325,1655,2840,2909,0
51,31,2325,1655,2633,2565,0
51,32,2325,1655,2705,1885,0
51,33,2325,1655,2153,2262,0
51,34,2325,1655,387,708,0
51,35,2325,1655,2510,1697,0
51,36,2325,1655,648,2898,0
51,37,2325,1655,652,1817,0
51,38,2325,1655,1578,698,0
51,39,2325,1655,2296,2101,0
51,40,2325,1655,1931,2689,0
51,41,2325,1655,526,1595,0
51,42,2325,1655,2293,1825,0
51,43,2325,1655,533,1404,0
51,44,2325,1655,2655,608,0
51,45,2325,1655,1891,927,0
51,46,2325,1655,362,551,0
51,47,2325,1655,517,432,0
51,48,2325,1655,554,2611,0
51,49,2325,1655,2495,1015,0
51,50,2325,1655,582,952,0
51,52,2325,1655,627,564,0
51,53,2325,1655,118,1718,0
51,54,2325,1655,1703,700,0
51,55,2325,1655,1698,1595,0
51,56,2325,1655,2867,2916,0
51,57,2325,1655,2436,1514,0
51,58,2325,1655,2012,2768,0
51,59,2325,1655,2307,1019,0
51,60,2325,1655,59,2441,0
51,61,2325,1655,1399,1108,0
51,62,2325,1655,2643,1912,0
51,63,2325,1655,2219,2119,0
51,64,2325,1655,2401,2202,0
51,65,2325,1655,387,1838,0
51,66,2325,1655,1601,1532,0
51,67,2325,1655,2837,72,0
51,68,2325,1655,1391,2951,0
51,69,2325,1655,595,1317,0
51,70,2325,1655,2920,540,0
51,71,2325,1655,2816,2465,0
51,72,2325,1655,2231,1907,0
51,73,2325,1655,1470,2429,0
51,74,2325,1655,2847,1382,0
51,75,2325,1655,1398,2370,0
51,76,2325,1655,1762,2756,0
51,77,2325,1655,95,1819,0
51,78,2325,1655,2814,2784,0
51,79,2325,1655,2728,847,0
51,80,2325,1655,1380,2542,0
51,81,2325,1655,1722,2778,0
51,82,2325,1655,2181,2634,0
51,83,2325,1655,2405,2720,0
51,84,2325,1655,2862,2797,0
51,85,2325,1655,598,2000,0
51,86,2325,1655,2675,1916,0
51,87,2325,1655,2094,513,0
51,88,2325,1655,89,2129,0
51,89,2325,1655,1347,973,0
51,90,2325,1655,1412,647,0
51,91,2325,1655,2716,1699,0
51,92,2325,1655,2679,301,0
51,93,2325,1655,2086,1982,0
51,94,2325,1655,750,2399,0
51,95,2325,1655,503,2249,0
51,96,2325,1655,1529,2820,0
51,97,2325,1655,116,1176,0
51,98,2325,1655,692,2813,0
51,99,2325,1655,231,639,0
51,100,2325,1655,2740,2598,0
51,101,2325,1655,224,2208,0
51,102,2325,1655,1683,724,0
51,103,2325,1655,1276,2330,0
51,104,2325,1655,107,933,0
51,105,2325,1655,1480,2153,0
51,106,2325,1655,891,1933,0
51,107,2325,1655,2849,2170,0
51,108,2325,1655,1226,2205,0
51,109,2325,1655,1117,460,0
51,110,2325,1655,1597,111,0
51,111,2325,1655,2174,2704,0
51,112,2325,1655,811,90,0
51,113,2325,1655,260,692,0
51,114,2325,1655,1967,1969,0
51,115,2325,1655,1133,2946,0
51,116,2325,1655,786,2901,0
51,117,2325,1655,312,1389,0
51,118,2325,1655,2476,340,0
51,119,2325,1655,2362,2436,0
51,120,2325,1655,1679,1396,0
51,121,2325,1655,2646,1977,0
51,122,2325,1655,1769,2613,0
51,123,2325,1655,636,2906,0
51,124,2325,1655,2503,2888,0
51,125,2325,1655,727,2051,0
51,126,2325,1655,339,2092,0
51,127,2325,1655,2559,1995,0
51,128,2325,1655,1491,2896,0
51,129,2325,1655,2256,1576,0
51,130,2325,1655,335,2848,0
51,131,2325,1655,1279,994,0
51,132,2325,1655,191,2042,0
51,133,2325,1655,2815,2594,0
51,134,2325,1655,1341,659,0
51,135,2325,1655,202,1952,0
51,136,2325,1655,2049,235,0
51,137,2325,1655,949,365,0
51,138,2325,1655,442,484,0
51,139,2325,1655,1496,989,0
51,140,2325,1655,1432,2260,0
51,141,2325,1655,378,1386,0
51,142,2325,1655,251,778,0
51,143,2325,1655,483,113,0
51,144,2325,1655,2426,100,0
51,145,2325,1655,2388,1563,0
51,146,2325,1655,2427,2993,0
51,147,2325,1655,1415,940,0
51,148,2325,1655,40,1221,0
51,149,2325,1655,415,137,0
51,150,2325,1655,256,2140,0
51,151,2325,1655,90,1522,0
51,152,2325,1655,1589,989,0
51,153,2325,1655,341,205,0
51,154,2325,1655,883,1339,0
51,155,2325,1655,280,1464,0
51,156,2325,1655,1201,2822,0
51,157,2325,1655,2942,1389,0
51,158,2325,1655,1138,2750,0
51,159,2325,1655,2639,1778,0
51,160,2325,1655,662,429,0
51,161,2325,1655,652,7,0
51,162,2325,1655,2034,2057,0
51,163,2325,1655,2854,2051,0
51,164,2325,1655,1441,1791,0
51,165,2325,1655,2428,256,0
51,166,2325,1655,112,2528,0
51,167,2325,1655,2873,2538,0
51,168,2325,1655,2900,823,0
51,169,2325,1655,263,2591,0
51,170,2325,1655,486,2698,0
51,171,2325,1655,568,150,0
51,172,2325,1655,1194,2604,0
51,173,2325,1655,1563,2193,0
51,174,2325,1655,882,2764,0
51,175,2325,1655,1800,2849,0
51,176,2325,1655,58,2694,0
51,177,2325,1655,2845,282,0
51,178,2325,1655,2776,2400,0
51,179,2325,1655,2493,1574,0
51,180,2325,1655,1075,1910,0
51,181,2325,1655,449,428,0
51,182,2325,1655,2039,1945,0
51,183,2325,1655,2887,271,0
51,184,2325,1655,1400,2901,0
51,185,2325,1655,2908,1118,0
51,186,2325,1655,1650,1604,0
51,187,2325,1655,2331,1718,1
51,188,2325,1655,1439,133,0
51,189,2325,1655,42,79,0
51,190,2325,1655,1558,1707,0
51,191,2325,1655,177,1143,0
51,192,2325,1655,2585,1501,0
51,193,2325,1655,888,374,0
51,194,2325,1655,263,2834,0
51,195,2325,1655,1595,2302,0
52,0,627,564,434,320,0
52,1,627,564,571,1612,0
52,2,627,564,135,2521,0
52,3,627,564,1047,2342,0
52,4,627,564,1231,1324,0
52,5,627,564,675,751,0
52,6,627,564,1122,987,0
52,7,627,564,242,2916,0
52,8,627,564,1743,2319,0
52,9,627,564,2618,754,0
52,10,627,564,2910,1478,0
52,11,627,564,2108,832,0
52,12,627,564,2,1143,0
52,13,627,564,1115,2279,0
52,14,627,564,1977,415,0
52,15,627,564,2226,1439,0
52,16,627,564,2325,1601,0
52,17,627,564,2489,1612,0
52,18,627,564,488,2077,0
52,19,627,564,1366,798,0
52,20,627,564,190,1364,0
52,21,627,564,2898,1873,0
52,22,627,564,2802,484,0
52,23,627,564,1769,1361,0
52,24,627,564,1719,2907,0
52,25,627,564,203,816,0
52,26,627,564,1401,1966,0
52,27,627,564,565,2022,0
52,28,627,564,2418,1484,0
52,29,627,564,2744,2458,0
52,30,627,564,2840,2909,0
52,31,627,564,2633,2565,0
52,32,627,564,2705,1885,0
52,33,627,564,2153,2262,0
52,34,627,564,387,708,0
52,35,627,564,2510,1697,0
52,36,627,564,648,2898,0
52,37,627,564,652,1817,0
52,38,627,564,1578,698,0
52,39,627,564,2296,2101,0
52,40,627,564,1931,2689,0
52,41,627,564,526,1595,0
52,42,627,564,2293,1825,0
52,43,627,564,533,1404,0
52,44,627,564,2655,608,0
52,45,627,564,1891,927,0
52,46,627,564,362,551,0
52,47,627,564,517,432,0
52,48,627,564,554,2611,0
52,49,627,564,2495,1015,0
52,50,627,564,582,952,0
52,51,627,564,2325,1655,0
52,53,627,564,118,1718,0
52,54,627,564,1703,700,0
52,55,627,564,1698,1595,0
52,56,627,564,2867,2916,0
52,57,627,564,2436,1514,0
52,58,627,564,2012,2768,0
52,59,627,564,2307,1019,0
52,60,627,564,59,2441,0
52,61,627,564,1399,1108,0
52,62,627,564,2643,1912,0
52,63,627,564,2219,2119,0
52,64,627,564,2401,2202,0
52,65,627,564,387,1838,0
52,66,627,564,1601,1532,0
52,67,627,564,2837,72,0
52,68,627,564,1391,2951,0
52,69,627,564,595,1317,0
52,70,627,564,2920,540,0
52,71,627,564,2816,2465,0
52,72,627,564,2231,1907,0
52,73,627,564,1470,2429,0
52,74,627,564,2847,1382,0
52,75,627,564,1398,2370,0
52,76,627,564,1762,2756,0
52,77,627,564,95,1819,0
52,78,627,564,2814,2784,0
52,79,627,564,2728,847,0
52,80,627,564,1380,2542,0
52,81,627,564,1722,2778,0
52,82,627,564,2181,2634,0
52,83,627,564,2405,2720,0
52,84,627,564,2862,2797,0
52,85,627,564,598,2000,0
52,86,627,564,2675,1916,0
52,87,627,564,2094,513,0
52,88,627,564,89,2129,0
52,89,627,564,1347,973,0
52,90,627,564,1412,647,0
52,91,627,564,2716,1699,0
52,92,627,564,2679,301,0
52,93,627,564,2086,1982,0
52,94,627,564,750,2399,0
52,95,627,564,503,2249,0
52,96,627,564,1529,2820,0
52,97,627,564,116,1176,0
52,98,627,564,692,2813,0
52,99,627,564,231,639,0
52,100,627,564,2740,2598,0
52,101,627,564,224,2208,0
52,102,627,564,1683,724,0
52,103,627,564,1276,2330,0
52,104,627,564,107,933,0
52,105,627,564,1480,2153,0
52,106,627,564,891,1933,0
52,107,627,564,2849,2170,0
52,108,627,564,1226,2205,0
52,109,627,564,1117,460,0
52,110,627,564,1597,111,0
52,111,627,564,2174,2704,0
52,112,627,564,811,90,0
52,113,627,564,260,692,0
52,114,627,564,1967,1969,0
52,115,627,564,1133,2946,0
52,116,627,564,786,2901,0
52,117,627,564,312,1389,0
52,118,627,564,2476,340,0
52,119,627,564,2362,2436,0
52,120,627,564,1679,1396,0
52,121,627,564,2646,1977,0
52,122,627,564,1769,2613,0
52,123,627,564,636,2906,0
52,124,627,564,2503,2888,0
52,125,627,564,727,2051,0
52,126,627,564,339,2092,0
52,127,627,564,2559,1995,0
52,128,627,564,1491,2896,0
52,129,627,564,2256,1576,0
52,130,627,564,335,2848,0
52,131,627,564,1279,994,0
52,132,627,564,191,2042,0
52,133,627,564,2815,2594,0
52,134,627,564,1341,659,0
52,135,627,564,202,1952,0
52,136,627,564,2049,235,0
52,137,627,564,949,365,0
52,138,627,564,442,484,0
52,139,627,564,1496,989,0
52,140,627,564,1432,2260,0
52,141,627,564,378,1386,0
52,142,627,564,251,778,0
52,143,627,564,483,113,0
52,144,627,564,2426,100,0
52,145,627,564,2388,1563,0
52,146,627,564,2427,2993,0
52,147,627,564,1415,940,0
52,148,627,564,40,1221,0
52,149,627,564,415,137,0
52,150,627,564,256,2140,0
52,151,627,564,90,1522,0
52,152,627,564,1589,989,0
52,153,627,564,341,205,0
52,154,627,564,883,1339,0
52,155,627,564,280,1464,0
52,156,627,564,1201,2822,0
52,157,627,564,2942,1389,0
52,158,627,564,1138,2750,0
52,159,627,564,2639,1778,0
52,160,627,564,662,429,1
52,161,627,564,652,7,0
52,162,627,564,2034,2057,0
52,163,627,564,2854,2051,0
52,164,627,564,1441,1791,0
52,165,627,564,2428,256,0
52,166,627,564,112,2528,0
52,167,627,564,2873,2538,0
52,168,627,564,2900,823,0
52,169,627,564,263,2591,0
52,170,627,564,486,2698,0
52,171,627,564,568,150,0
52,172,627,564,1194,2604,0
52,173,627,564,1563,2193,0
52,174,627,564,882,2764,0
52,175,627,564,1800,2849,0
52,176,627,564,58,2694,0
52,177,627,564,2845,282,0
52,178,627,564,2776,2400,0
52,179,627,564,2493,1574,0
52,180,627,564,1075,1910,0
52,181,627,564,449,428,0
52,182,627,564,2039,1945,0
52,183,627,564,2887,271,0
52,184,627,564,1400,2901,0
52,185,627,564,2908,1118,0
52,186,627,564,1650,1604,0
52,187,627,564,2331,1718,0
52,188,627,564,1439,133,0
52,189,627,564,42,79,0
52,190,627,564,1558,1707,0
52,191,627,564,177,1143,0
52,192,627,564,2585,1501,0
52,193,627,564,888,374,0
52,194,627,564,263,2834,0
52,195,627,564,1595,2302,0
53,0,118,1718,434,320,0
53,1,118,1718,571,1612,0
53,2,118,1718,135,2521,0
53,3,118,1718,1047,2342,0
53,4,118,1718,1231,1324,0
53,5,118,1718,675,751,0
53,6,118,1718,1122,987,0
53,7,118,1718,242,2916,0
53,8,118,1718,1743,2319,0
53,9,118,1718,2618,754,0
53,10,118,1718,2910,1478,0
53,11,118,1718,2108,832,0
53,12,118,1718,2,1143,0
53,13,118,1718,1115,2279,0
53,14,118,1718,1977,415,0
53,15,118,1718,2226,1439,0
53,16,118,1718,2325,1601,0
53,17,118,1718,2489,1612,0
53,18,118,1718,488,2077,0
53,19,118,1718,1366,798,0
53,20,118,1718,190,1364,0
53,21,118,1718,2898,1873,0
53,22,118,1718,2802,484,0
53,23,118,1718,1769,1361,0
53,24,118,1718,1719,2907,0
53,25,118,1718,203,816,0
53,26,118,1718,1401,1966,0
53,27,118,1718,565,2022,0
53,28,118,1718,2418,1484,0
53,29,118,1718,2744,2458,0
53,30,118,1718,2840,2909,0
53,31,118,1718,2633,2565,0
53,32,118,1718,2705,1885,0
53,33,118,1718,2153,2262,0
53,34,118,1718,387,708,0
53,35,118,1718,2510,1697,0
53,36,118,1718,648,2898,0
53,37,118,1718,652,1817,0
53,38,118,1718,1578,698,0
53,39,118,1718,2296,2101,0
53,40,118,1718,1931,2689,0
53,41,118,1718,526,1595,0
53,42,118,1718,2293,1825,0
53,43,118,1718,533,1404,0
53,44,118,1718,2655,608,0
53,45,118,1718,1891,927,0
53,46,118,1718,362,551,0
53,47,118,1718,517,432,0
53,48,118,1718,554,2611,0
53,49,118,1718,2495,1015,0
53,50,118,1718,582,952,0
53,51,118,1718,2325,1655,0
53,52,118,1718,627,564,0
53,54,118,1718,1703,700,0
53,55,118,1718,1698,1595,0
53,56,118,1718,2867,2916,0
53,57,118,1718,2436,1514,0
53,58,118,1718,2012,2768,0
53,59,118,1718,2307,1019,0
53,60,118,1718,59,2441,0
53,61,118,1718,1399,1108,0
53,62,118,1718,2643,1912,0
53,63,118,1718,2219,2119,0
53,64,118,1718,2401,2202,0
53,65,118,1718,387,1838,0
53,66,118,1718,1601,1532,0
53,67,118,1718,2837,72,0
53,68,118,1718,1391,2951,0
53,69,118,1718,595,1317,0
53,70,118,1718,2920,540,0
53,71,118,1718,2816,2465,0
53,72,118,1718,2231,1907,0
53,73,118,1718,1470,2429,0
53,74,118,1718,2847,1382,0
53,75,118,1718,1398,2370,0
53,76,118,1718,1762,2756,0
53,77,118,1718,95,1819,0
53,78,118,1718,2814,2784,0
53,79,118,1718,2728,847,0
53,80,118,1718,1380,2542,0
53,81,118,1718,1722,2778,0
53,82,118,1718,2181,2634,0
53,83,118,1718,2405,2720,0
53,84,118,1718,2862,2797,0
53,85,118,1718,598,2000,0
53,86,118,1718,2675,1916,0
53,87,118,1718,2094,513,0
53,88,118,1718,89,2129,0
53,89,118,1718,1347,973,0
53,90,118,1718,1412,647,0
53,91,118,1718,2716,1699,0
53,92,118,1718,2679,301,0
53,93,118,1718,2086,1982,0
53,94,118,1718,750,2399,0
53,95,118,1718,503,2249,0
53,96,118,1718,1529,2820,0
53,97,118,1718,116,1176,0
53,98,118,1718,692,2813,0
53,99,118,1718,231,639,0
53,100,118,1718,2740,2598,0
53,101,118,1718,224,2208,0
53,102,118,1718,1683,724,0
53,103,118,1718,1276,2330,0
53,104,118,1718,107,933,0
53,105,118,1718,1480,2153,0
53,106,118,1718,891,1933,0
53,107,118,1718,2849,2170,0
53,108,118,1718,1226,2205,0
53,109,118,1718,1117,460,0
53,110,118,1718,1597,111,0
53,111,118,1718,2174,2704,0
53,112,118,1718,811,90,0
53,113,118,1718,260,692,0
53,114,118,1718,1967,1969,0
53,115,118,1718,1133,2946,0
53,116,118,1718,786,2901,0
53,117,118,1718,312,1389,0
53,118,118,1718,2476,340,0
53,119,118,1718,2362,2436,0
53,120,118,1718,1679,1396,0
53,121,118,1718,2646,1977,0
53,122,118,1718,1769,2613,0
53,123,118,1718,636,2906,0
53,124,118,1718,2503,2888,0
53,125,118,1718,727,2051,0
53,126,118,1718,339,2092,0
53,127,118,1718,2559,1995,0
53,128,118,1718,1491,2896,0
53,129,118,1718,2256,1576,0
53,130,118,1718,335,2848,0
53,131,118,1718,1279,994,0
53,132,118,1718,191,2042,0
53,133,118,1718,2815,2594,0
53,134,118,1718,1341,659,0
53,135,118,1718,202,1952,0
53,136,118,1718,2049,235,0
53,137,118,1718,949,365,0
53,138,118,1718,442,484,0
53,139,118,1718,1496,989,0
53,140,118,1718,1432,2260,0
53,141,118,1718,378,1386,0
53,142,118,1718,251,778,0
53,143,118,1718,483,113,0
53,144,118,1718,2426,100,0
53,145,118,1718,2388,1563,0
53,146,118,1718,2427,2993,0
53,147,118,1718,1415,940,0
53,148,118,1718,40,1221,0
53,149,118,1718,415,137,0
53,150,118,1718,256,2140,0
53,151,118,1718,90,1522,1
53,152,118,1718,1589,989,0
53,153,118,1718,341,205,0
53,154,118,1718,883,1339,0
53,155,118,1718,280,1464,0
53,156,118,1718,1201,2822,0
53,157,118,1718,2942,1389,0
53,158,118,1718,1138,2750,0
53,159,118,1718,2639,1778,0
53,160,118,1718,662,429,0
53,161,118,1718,652,7,0
53,162,118,1718,2034,2057,0
53,163,118,1718,2854,2051,0
53,164,118,1718,1441,1791,0
53,165,118,1718,2428,256,0
53,166,118,1718,112,2528,0
53,167,118,1718,2873,2538,0
53,168,118,1718,2900,823,0
53,169,118,1718,263,2591,0
53,170,118,1718,486,2698,0
53,171,118,1718,568,150,0
53,172,118,1718,1194,2604,0
53,173,118,1718,1563,2193,0
53,174,118,1718,882,2764,0
53,175,118,1718,1800,2849,0
53,176,118,1718,58,2694,0
53,177,118,1718,2845,282,0
53,178,118,1718,2776,2400,0
53,179,118,1718,2493,1574,0
53,180,118,1718,1075,1910,0
53,181,118,1718,449,428,0
53,182,118,1718,2039,1945,0
53,183,118,1718,2887,271,0
53,184,118,1718,1400,2901,0
53,185,118,1718,2908,1118,0
53,186,118,1718,1650,1604,0
53,187,118,1718,2331,1718,0
53,188,118,1718,1439,133,0
53,189,118,1718,42,79,0
53,190,118,1718,1558,1707,0
53,191,118,1718,177,1143,0
53,192,118,1718,2585,1501,0
53,193,118,1718,888,374,0
53,194,118,1718,263,2834,0
53,195,118,1718,1595,2302,0
54,0,1703,700,434,320,0
54,1,1703,700,571,1612,0
54,2,1703,700,135,2521,0
54,3,1703,700,1047,2342,0
54,4,1703,700,1231,1324,0
54,5,1703,700,675,751,0
54,6,1703,700,1122,987,0
54,7,1703,700,242,2916,0
54,8,1703,700,1743,2319,0
54,9,1703,700,2618,754,0
54,10,1703,700,2910,1478,0
54,11,1703,700,2108,832,0
54,12,1703,700,2,1143,0
54,13,1703,700,1115,2279,0
54,14,1703,700,1977,415,0
54,15,1703,700,2226,1439,0
54,16,1703,700,2325,1601,0
54,17,1703,700,2489,1612,0
54,18,1703,700,488,2077,0
54,19,1703,700,1366,798,0
54,20,1703,700,190,1364,0
54,21,1703,700,2898,1873,0
54,22,1703,700,2802,484,0
54,23,1703,700,1769,1361,0
54,24,1703,700,1719,2907,0
54,25,1703,700,203,816,0
54,26,1703,700,1401,1966,0
54,27,1703,700,565,2022,0
54,28,1703,700,2418,1484,0
54,29,1703,700,2744,2458,0
54,30,1703,700,2840,2909,0
54,31,1703,700,2633,2565,0
54,32,1703,700,2705,1885,0
54,33,1703,700,2153,2262,0
54,34,1703,700,387,708,0
54,35,1703,700,2510,1697,0
54,36,1703,700,648,2898,0
54,37,1703,700,652,1817,0
54,38,1703,700,1578,698,0
54,39,1703,700,2296,2101,0
54,40,1703,700,1931,2689,0
54,41,1703,700,526,1595,0
54,42,1703,700,2293,1825,0
54,43,1703,700,533,1404,0
54,44,1703,700,2655,608,0
54,45,1703,700,1891,927,0
54,46,1703,700,362,551,0
54,47,1703,700,517,432,0
54,48,1703,700,554,2611,0
54,49,1703,700,2495,1015,0
54,50,1703,700,582,952,0
54,51,1703,700,2325,1655,0
54,52,1703,700,627,564,0
54,53,1703,700,118,1718,0
54,55,1703,700,1698,1595,0
54,56,1703,700,2867,2916,0
54,57,1703,700,2436,1514,0
54,58,1703,700,2012,2768,0
54,59,1703,700,2307,1019,0
54,60,1703,700,59,2441,0
54,61,1703,700,1399,1108,0
54,62,1703,700,2643,1912,0
54,63,1703,700,2219,2119,0
54,64,1703,700,2401,2202,0
54,65,1703,700,387,1838,0
54,66,1703,700,1601,1532,0
54,67,1703,700,2837,72,0
54,68,1703,700,1391,2951,0
54,69,1703,700,595,1317,0
54,70,1703,700,2920,540,0
54,71,1703,700,2816,2465,0
54,72,1703,700,2231,1907,0
54,73,1703,700,1470,2429,0
54,74,1703,700,2847,1382,0
54,75,1703,700,1398,2370,0
54,76,1703,700,1762,2756,0
54,77,1703,700,95,1819,0
54,78,1703,700,2814,2784,0
54,79,1703,700,2728,847,0
54,80,1703,700,1380,2542,0
54,81,1703,700,1722,2778,0
54,82,1703,700,2181,2634,0
54,83,1703,700,2405,2720,0
54,84,1703,700,2862,2797,0
54,85,1703,700,598,2000,0
54,86,1703,700,2675,1916,0
54,87,1703,700,2094,513,0
54,88,1703,700,89,2129,0
54,89,1703,700,1347,973,0
54,90,1703,700,1412,647,0
54,91,1703,700,2716,1699,0
54,92,1703,700,2679,301,0
54,93,1703,700,2086,1982,0
54,94,1703,700,750,2399,0
54,95,1703,700,503,2249,0
54,96,1703,700,1529,2820,0
54,97,1703,700,116,1176,0
54,98,1703,700,692,2813,0
54,99,1703,700,231,639,0
54,100,1703,700,2740,2598,0
54,101,1703,700,224,2208,0
54,102,1703,700,1683,724,1
54,103,1703,700,1276,2330,0
54,104,1703,700,107,933,0
54,105,1703,700,1480,2153,0
54,106,1703,700,891,1933,0
54,107,1703,700,2849,2170,0
54,108,1703,700,1226,2205,0
54,109,1703,700,1117,460,0
54,110,1703,700,1597,111,0
54,111,1703,700,2174,2704,0
54,112,1703,700,811,90,0
54,113,1703,700,260,692,0
54,114,1703,700,1967,1969,0
54,115,1703,700,1133,2946,0
54,116,1703,700,786,2901,0
54,117,1703,700,312,1389,0
54,118,1703,700,2476,340,0
54,119,1703,700,2362,2436,0
54,120,1703,700,1679,1396,0
54,121,1703,700,2646,1977,0
54,122,1703,700,1769,2613,0
54,123,1703,700,636,2906,0
54,124,1703,700,2503,2888,0
54,125,1703,700,727,2051,0
54,126,1703,700,339,2092,0
54,127,1703,700,2559,1995,0
54,128,1703,700,1491,2896,0
54,129,1703,700,2256,1576,0
54,130,1703,700,335,2848,0
54,131,1703,700,1279,994,0
54,132,1703,700,191,2042,0
54,133,1703,700,2815,2594,0
54,134,1703,700,1341,659,0
54,135,1703,700,202,1952,0
54,136,1703,700,2049,235,0
54,137,1703,700,949,365,0
54,138,1703,700,442,484,0
54,139,1703,700,1496,989,0
54,140,1703,700,1432,2260,0
54,141,1703,700,378,1386,0
54,142,1703,700,251,778,0
54,143,1703,700,483,113,0
54,144,1703,700,2426,100,0
54,145,1703,700,2388,1563,0
54,146,1703,700,2427,2993,0
54,147,1703,700,1415,940,0
54,148,1703,700,40,1221,0
54,149,1703,700,415,137,0
54,150,1703,700,256,2140,0
54,151,1703,700,90,1522,0
54,152,1703,700,1589,989,0
54,153,1703,700,341,205,0
54,154,1703,700,883,1339,0
54,155,1703,700,280,1464,0
54,156,1703,700,1201,2822,0
54,157,1703,700,2942,1389,0
54,158,1703,700,1138,2750,0
54,159,1703,700,2639,1778,0
54,160,1703,700,662,429,0
54,161,1703,700,652,7,0
54,162,1703,700,2034,2057,0
54,163,1703,700,2854,2051,0
54,164,1703,700,1441,1791,0
54,165,1703,700,2428,256,0
54,166,1703,700,112,2528,0
54,167,1703,700,2873,2538,0
54,168,1703,700,2900,823,0
54,169,1703,700,263,2591,0
54,170,1703,700,486,2698,0
54,171,1703,700,568,150,0
54,172,1703,700,1194,2604,0
54,173,1703,700,1563,2193,0
54,174,1703,700,882,2764,0
54,175,1703,700,1800,2849,0
54,176,1703,700,58,2694,0
54,177,1703,700,2845,282,0
54,178,1703,700,2776,2400,0
54,179,1703,700,2493,1574,0
54,180,1703,700,1075,1910,0
54,181,1703,700,449,428,0
54,182,1703,700,2039,1945,0
54,183,1703,700,2887,271,0
54,184,1703,700,1400,2901,0
54,185,1703,700,2908,1118,0
54,186,1703,700,1650,1604,0
54,187,1703,700,2331,1718,0
54,188,1703,700,1439,133,0
54,189,1703,700,42,79,0
54,190,1703,700,1558,1707,0
54,191,1703,700,177,1143,0
54,192,1703,700,2585,1501,0
54,193,1703,700,888,374,0
54,194,1703,700,263,2834,0
54,195,1703,700,1595,2302,0
55,0,1698,1595,434,320,0
55,1,1698,1595,571,1612,0
55,2,1698,1595,135,2521,0
55,3,1698,1595,1047,2342,0
55,4,1698,1595,1231,1324,0
55,5,1698,1595,675,751,0
55,6,1698,1595,1122,987,0
55,7,1698,1595,242,2916,0
55,8,1698,1595,1743,2319,0
55,9,1698,1595,2618,754,0
55,10,1698,1595,2910,1478,0
55,11,1698,1595,2108,832,0
55,12,1698,1595,2,1143,0
55,13,1698,1595,1115,2279,0
55,14,1698,1595,1977,415,0
55,15,1698,1595,2226,1439,0
55,16,1698,1595,2325,1601,0
55,17,1698,1595,2489,1612,0
55,18,1698,1595,488,2077,0
55,19,1698,1595,1366,798,0
55,20,1698,1595,190,1364,0
55,21,1698,1595,2898,1873,0
55,22,1698,1595,2802,484,0
55,23,1698,1595,1769,1361,0
55,24,1698,1595,1719,2907,0
55,25,1698,1595,203,816,0
55,26,1698,1595,1401,1966,0
55,27,1698,1595,565,2022,0
55,28,1698,1595,2418,1484,0
55,29,1698,1595,2744,2458,0
55,30,1698,1595,2840,2909,0
55,31,1698,1595,2633,2565,0
55,32,1698,1595,2705,1885,0
55,33,1698,1595,2153,2262,0
55,34,1698,1595,387,708,0
55,35,1698,1595,2510,1697,0
55,36,1698,1595,648,2898,0
55,37,1698,1595,652,1817,0
55,38,1698,1595,1578,698,0
55,39,1698,1595,2296,2101,0
55,40,1698,1595,1931,2689,0
55,41,1698,1595,526,1595,0
55,42,1698,1595,2293,1825,0
55,43,1698,1595,533,1404,0
55,44,1698,1595,2655,608,0
55,45,1698,1595,1891,927,0
55,46,1698,1595,362,551,0
55,47,1698,1595,517,432,0
55,48,1698,1595,554,2611,0
55,49,1698,1595,2495,1015,0
55,50,1698,1595,582,952,0
55,51,1698,1595,2325,1655,0
55,52,1698,1595,627,564,0
55,53,1698,1595,118,1718,0
55,54,1698,1595,1703,700,0
55,56,1698,1595,2867,2916,0
55,57,1698,1595,2436,1514,0
55,58,1698,1595,2012,2768,0
55,59,1698,1595,2307,1019,0
55,60,1698,1595,59,2441,0
55,61,1698,1595,1399,1108,0
55,62,1698,1595,2643,1912,0
55,63,1698,1595,2219,2119,0
55,64,1698,1595,2401,2202,0
55,65,1698,1595,387,1838,0
55,66,1698,1595,1601,1532,1
55,67,1698,1595,2837,72,0
55,68,1698,1595,1391,2951,0
55,69,1698,1595,595,1317,0
55,70,1698,1595,2920,540,0
55,71,1698,1595,2816,2465,0
55,72,1698,1595,2231,1907,0
55,73,1698,1595,1470,2429,0
55,74,1698,1595,2847,1382,0
55,75,1698,1595,1398,2370,0
55,76,1698,1595,1762,2756,0
55,77,1698,1595,95,1819,0
55,78,1698,1595,2814,2784,0
55,79,1698,1595,2728,847,0
55,80,1698,1595,1380,2542,0
55,81,1698,1595,1722,2778,0
55,82,1698,1595,2181,2634,0
55,83,1698,1595,2405,2720,0
55,84,1698,1595,2862,2797,0
55,85,1698,1595,598,2000,0
55,86,1698,1595,2675,1916,0
55,87,1698,1595,2094,513,0
55,88,1698,1595,89,2129,0
55,89,1698,1595,1347,973,0
55,90,1698,1595,1412,647,0
55,91,1698,1595,2716,1699,0
55,92,1698,1595,2679,301,0
55,93,1698,1595,2086,1982,0
55,94,1698,1595,750,2399,0
55,95,1698,1595,503,2249,0
55,96,1698,1595,1529,2820,0
55,97,1698,1595,116,1176,0
55,98,1698,1595,692,2813,0
55,99,1698,1595,231,639,0
55,100,1698,1595,2740,2598,0
55,101,1698,1595,224,2208,0
55,102,1698,1595,1683,724,0
55,103,1698,1595,1276,2330,0
55,104,1698,1595,107,933,0
55,105,1698,1595,1480,2153,0
55,106,1698,1595,891,1933,0
55,107,1698,1595,2849,2170,0
55,108,1698,1595,1226,2205,0
55,109,1698,1595,1117,460,0
55,110,1698,1595,1597,111,0
55,111,1698,1595,2174,2704,0
55,112,1698,1595,811,90,0
55,113,1698,1595,260,692,0
55,114,1698,1595,1967,1969,0
55,115,1698,1595,1133,2946,0
55,116,1698,1595,786,2901,0
55,117,1698,1595,312,1389,0
55,118,1698,1595,2476,340,0
55,119,1698,1595,2362,2436,0
55,120,1698,1595,1679,1396,0
55,121,1698,1595,2646,1977,0
55,122,1698,1595,1769,2613,0
55,123,1698,1595,636,2906,0
55,124,1698,1595,2503,2888,0
55,125,1698,1595,727,2051,0
55,126,1698,1595,339,2092,0
55,127,1698,1595,2559,1995,0
55,128,1698,1595,1491,2896,0
55,129,1698,1595,2256,1576,0
55,130,1698,1595,335,2848,0
55,131,1698,1595,1279,994,0
55,132,1698,1595,191,2042,0
55,133,1698,1595,2815,2594,0
55,134,1698,1595,1341,659,0
55,135,1698,1595,202,1952,0
55,136,1698,1595,2049,235,0
55,137,1698,1595,949,365,0
55,138,1698,1595,442,484,0
55,139,1698,1595,1496,989,0
55,140,1698,1595,1432,2260,0
55,141,1698,1595,378,1386,0
55,142,1698,1595,251,778,0
55,143,1698,1595,483,113,0
55,144,1698,1595,2426,100,0
55,145,1698,1595,2388,1563,0
55,146,1698,1595,2427,2993,0
55,147,1698,1595,1415,940,0
55,148,1698,1595,40,1221,0
55,149,1698,1595,415,137,0
55,150,1698,1595,256,2140,0
55,151,1698,1595,90,1522,0
55,152,1698,1595,1589,989,0
55,153,1698,1595,341,205,0
55,154,1698,1595,883,1339,0
55,155,1698,1595,280,1464,0
55,156,1698,1595,1201,2822,0
55,157,1698,1595,2942,1389,0
55,158,1698,1595,1138,2750,0
55,159,1698,1595,2639,1778,0
55,160,1698,1595,662,429,0
55,161,1698,1595,652,7,0
55,162,1698,1595,2034,2057,0
55,163,1698,1595,2854,2051,0
55,164,1698,1595,1441,1791,0
55,165,1698,1595,2428,256,0
55,166,1698,1595,112,2528,0
55,167,1698,1595,2873,2538,0
55,168,1698,1595,2900,823,0
55,169,1698,1595,263,2591,0
55,170,1698,1595,486,2698,0
55,171,1698,1595,568,150,0
55,172,1698,1595,1194,2604,0
55,173,1698,1595,1563,2193,0
55,174,1698,1595,882,2764,0
55,175,1698,1595,1800,2849,0
55,176,1698,1595,58,2694,0
55,177,1698,1595,2845,282,0
55,178,1698,1595,2776,2400,0
55,179,1698,1595,2493,1574,0
55,180,1698,1595,1075,1910,0
55,181,1698,1595,449,428,0
55,182,1698,1595,2039,1945,0
55,183,1698,1595,2887,271,0
55,184,1698,1595,1400,2901,0
55,185,1698,1595,2908,1118,0
55,186,1698,1595,1650,1604,0
55,187,1698,1595,2331,1718,0
55,188,1698,1595,1439,133,0
55,189,1698,1595,42,79,0
55,190,1698,1595,1558,1707,0
55,191,1698,1595,177,1143,0
55,192,1698,1595,2585,1501,0
55,193,1698,1595,888,374,0
55,194,1698,1595,263,2834,0
55,195,1698,1595,1595,2302,0
56,0,2867,2916,434,320,0
56,1,2867,2916,571,1612,0
56,2,2867,2916,135,2521,0
56,3,2867,2916,1047,2342,0
56,4,2867,2916,1231,1324,0
56,5,2867,2916,675,751,0
56,6,2867,2916,1122,987,0
56,7,2867,2916,242,2916,0
56,8,2867,2916,1743,2319,0
56,9,2867,2916,2618,754,0
56,10,2867,2916,2910,1478,0
56,11,2867,2916,2108,832,0
56,12,2867,2916,2,1143,0
56,13,2867,2916,1115,2279,0
56,14,2867,2916,1977,415,0
56,15,2867,2916,2226,1439,0
56,16,2867,2916,2325,1601,0
56,17,2867,2916,2489,1612,0
56,18,2867,2916,488,2077,0
56,19,2867,2916,1366,798,0
56,20,2867,2916,190,1364,0
56,21,2867,2916,2898,1873,0
56,22,2867,2916,2802,484,0
56,23,2867,2916,1769,1361,0
56,24,2867,2916,1719,2907,0
56,25,2867,2916,203,816,0
56,26,2867,2916,1401,1966,0
56,27,2867,2916,565,2022,0
56,28,2867,2916,2418,1484,0
56,29,2867,2916,2744,2458,0
56,30,2867,2916,2840,2909,1
56,31,2867,2916,2633,2565,0
56,32,2867,2916,2705,1885,0
56,33,2867,2916,2153,2262,0
56,34,2867,2916,387,708,0
56,35,2867,2916,2510,1697,0
56,36,2867,2916,648,2898,0
56,37,2867,2916,652,1817,0
56,38,2867,2916,1578,698,0
56,39,2867,2916,2296,2101,0
56,40,2867,2916,1931,2689,0
56,41,2867,2916,526,1595,0
56,42,2867,2916,2293,1825,0
56,43,2867,2916,533,1404,0
56,44,2867,2916,2655,608,0
56,45,2867,2916,1891,927,0
56,46,2867,2916,362,551,0
56,47,2867,2916,517,432,0
56,48,2867,2916,554,2611,0
56,49,2867,2916,2495,1015,0
56,50,2867,2916,582,952,0
56,51,2867,2916,2325,1655,0
56,52,2867,2916,627,564,0
56,53,2867,2916,118,1718,0
56,54,2867,2916,1703,700,0
56,55,2867,2916,1698,1595,0
56,57,2867,2916,2436,1514,0
56,58,2867,2916,2012,2768,0
56,59,2867,2916,2307,1019,0
56,60,2867,2916,59,2441,0
56,61,2867,2916,1399,1108,0
56,62,2867,2916,2643,1912,0
56,63,2867,2916,2219,2119,0
56,64,2867,2916,2401,2202,0
56,65,2867,2916,387,1838,0
56,66,2867,2916,1601,1532,0
56,67,2867,2916,2837,72,0
56,68,2867,2916,1391,2951,0
56,69,2867,2916,595,1317,0
56,70,2867,2916,2920,540,0
56,71,2867,2916,2816,2465,0
56,72,2867,2916,2231,1907,0
56,73,2867,2916,1470,2429,0
56,74,2867,2916,2847,1382,0
56,75,2867,2916,1398,2370,0
56,76,2867,2916,1762,2756,0
56,77,2867,2916,95,1819,0
56,78,2867,2916,2814,2784,0
56,79,2867,2916,2728,847,0
56,80,2867,2916,1380,2542,0
56,81,2867,2916,1722,2778,0
56,82,2867,2916,2181,2634,0
56,83,2867,2916,2405,2720,0
56,84,2867,2916,2862,2797,0
56,85,2867,2916,598,2000,0
56,86,2867,2916,2675,1916,0
56,87,2867,2916,2094,513,0
56,88,2867,2916,89,2129,0
56,89,2867,2916,1347,973,0
56,90,2867,2916,1412,647,0
56,91,2867,2916,2716,1699,0
56,92,2867,2916,2679,301,0
56,93,2867,2916,2086,1982,0
56,94,2867,2916,750,2399,0
56,95,2867,2916,503,2249,0
56,96,2867,2916,1529,2820,0
56,97,2867,2916,116,1176,0
56,98,2867,2916,692,2813,0
56,99,2867,2916,231,639,0
56,100,2867,2916,2740,2598,0
56,101,2867,2916,224,2208,0
56,102,2867,2916,1683,724,0
56,103,2867,2916,1276,2330,0
56,104,2867,2916,107,933,0
56,105,2867,2916,1480,2153,0
56,106,2867,2916,891,1933,0
56,107,2867,2916,2849,2170,0
56,108,2867,2916,1226,2205,0
56,109,2867,2916,1117,460,0
56,110,2867,2916,1597,111,0
56,111,2867,2916,2174,2704,0
56,112,2867,2916,811,90,0
56,113,2867,2916,260,692,0
56,114,2867,2916,1967,1969,0
56,115,2867,2916,1133,2946,0
56,116,2867,2916,786,2901,0
56,117,2867,2916,312,1389,0
56,118,2867,2916,2476,340,0
56,119,2867,2916,2362,2436,0
56,120,2867,2916,1679,1396,0
56,121,2867,2916,2646,1977,0
56,122,2867,2916,1769,2613,0
56,123,2867,2916,636,2906,0
56,124,2867,2916,2503,2888,0
56,125,2867,2916,727,2051,0
56,126,2867,2916,339,2092,0
56,127,2867,2916,2559,1995,0
56,128,2867,2916,1491,2896,0
56,129,2867,2916,2256,1576,0
56,130,2867,2916,335,2848,0
56,131,2867,2916,1279,994,0
56,132,2867,2916,191,2042,0
56,133,2867,2916,2815,2594,0
56,134,2867,2916,1341,659,0
56,135,2867,2916,202,1952,0
56,136,2867,2916,2049,235,0
56,137,2867,2916,949,365,0
56,138,2867,2916,442,484,0
56,139,2867,2916,1496,989,0
56,140,2867,2916,1432,2260,0
56,141,2867,2916,378,1386,0
56,142,2867,2916,251,778,0
56,143,2867,2916,483,113,0
56,144,2867,2916,2426,100,0
56,145,2867,2916,2388,1563,0
56,146,2867,2916,2427,2993,0
56,147,2867,2916,1415,940,0
56,148,2867,2916,40,1221,0
56,149,2867,2916,415,137,0
56,150,2867,2916,256,2140,0
56,151,2867,2916,90,1522,0
56,152,2867,2916,1589,989,0
56,153,2867,2916,341,205,0
56,154,2867,2916,883,1339,0
56,155,2867,2916,280,1464,0
56,156,2867,2916,1201,2822,0
56,157,2867,2916,2942,1389,0
56,158,2867,2916,1138,2750,0
56,159,2867,2916,2639,1778,0
56,160,2867,2916,662,429,0
56,161,2867,2916,652,7,0
56,162,2867,2916,2034,2057,0
56,163,2867,2916,2854,2051,0
56,164,2867,2916,1441,1791,0
56,165,2867,2916,2428,256,0
56,166,2867,2916,112,2528,0
56,167,2867,2916,2873,2538,0
56,168,2867,2916,2900,823,0
56,169,2867,2916,263,2591,0
56,170,2867,2916,486,2698,0
56,171,2867,2916,568,150,0
56,172,2867,2916,1194,2604,0
56,173,2867,2916,1563,2193,0
56,174,2867,2916,882,2764,0
56,175,2867,2916,1800,2849,0
56,176,2867,2916,58,2694,0
56,177,2867,2916,2845,282,0
56,178,2867,2916,2776,2400,0
56,179,2867,2916,2493,1574,0
56,180,2867,2916,1075,1910,0
56,181,2867,2916,449,428,0
56,182,2867,2916,2039,1945,0
56,183,2867,2916,2887,271,0
56,184,2867,2916,1400,2901,0
56,185,2867,2916,2908,1118,0
56,186,2867,2916,1650,1604,0
56,187,2867,2916,2331,1718,0
56,188,2867,2916,1439,133,0
56,189,2867,2916,42,79,0
56,190,2867,2916,1558,1707,0
56,191,2867,2916,177,1143,0
56,192,2867,2916,2585,1501,0
56,193,2867,2916,888,374,0
56,194,2867,2916,263,2834,0
56,195,2867,2916,1595,2302,0
57,0,2436,1514,434,320,0
57,1,2436,1514,571,1612,0
57,2,2436,1514,135,2521,0
57,3,2436,1514,1047,2342,0
57,4,2436,1514,1231,1324,0
57,5,2436,1514,675,751,0
57,6,2436,1514,1122,987,0
57,7,2436,1514,242,2916,0
57,8,2436,1514,1743,2319,0
57,9,2436,1514,2618,754,0
57,10,2436,1514,2910,1478,0
57,11,2436,1514,2108,832,0
57,12,2436,1514,2,1143,0
57,13,2436,1514,1115,2279,0
57,14,2436,1514,1977,415,0
57,15,2436,1514,2226,1439,0
57,16,2436,1514,2325,1601,0
57,17,2436,1514,2489,1612,0
57,18,2436,1514,488,2077,0
57,19,2436,1514,1366,798,0
57,20,2436,1514,190,1364,0
57,21,2436,1514,2898,1873,0
57,22,2436,1514,2802,484,0
57,23,2436,1514,1769,1361,0
57,24,2436,1514,1719,2907,0
57,25,2436,1514,203,816,0
57,26,2436,1514,1401,1966,0
57,27,2436,1514,565,2022,0
57,28,2436,1514,2418,1484,1
57,29,2436,1514,2744,2458,0
57,30,2436,1514,2840,2909,0
57,31,2436,1514,2633,2565,0
57,32,2436,1514,2705,1885,0
57,33,2436,1514,2153,2262,0
57,34,2436,1514,387,708,0
57,35,2436,1514,2510,1697,0
57,36,2436,1514,648,2898,0
57,37,2436,1514,652,1817,0
57,38,2436,1514,1578,698,0
57,39,2436,1514,2296,2101,0
57,40,2436,1514,1931,2689,0
57,41,2436,1514,526,1595,0
57,42,2436,1514,2293,1825,0
57,43,2436,1514,533,1404,0
57,44,2436,1514,2655,608,0
57,45,2436,1514,1891,927,0
57,46,2436,1514,362,551,0
57,47,2436,1514,517,432,0
57,48,2436,1514,554,2611,0
57,49,2436,1514,2495,1015,0
57,50,2436,1514,582,952,0
57,51,2436,1514,2325,1655,0
57,52,2436,1514,627,564,0
57,53,2436,1514,118,1718,0
57,54,2436,1514,1703,700,0
57,55,2436,1514,1698,1595,0
57,56,2436,1514,2867,2916,0
57,58,2436,1514,2012,2768,0
57,59,2436,1514,2307,1019,0
57,60,2436,1514,59,2441,0
57,61,2436,1514,1399,1108,0
57,62,2436,1514,2643,1912,0
57,63,2436,1514,2219,2119,0
57,64,2436,1514,2401,2202,0
57,65,2436,1514,387,1838,0
57,66,2436,1514,1601,1532,0
57,67,2436,1514,2837,72,0
57,68,2436,1514,1391,2951,0
57,69,2436,1514,595,1317,0
57,70,2436,1514,2920,540,0
57,71,2436,1514,2816,2465,0
57,72,2436,1514,2231,1907,0
57,73,2436,1514,1470,2429,0
57,74,2436,1514,2847,1382,0
57,75,2436,1514,1398,2370,0
57,76,2436,1514,1762,2756,0
57,77,2436,1514,95,1819,0
57,78,2436,1514,2814,2784,0
57,79,2436,1514,2728,847,0
57,80,2436,1514,1380,2542,0
57,81,2436,1514,1722,2778,0
57,82,2436,1514,2181,2634,0
57,83,2436,1514,2405,2720,0
57,84,2436,1514,2862,2797,0
57,85,2436,1514,598,2000,0
57,86,2436,1514,2675,1916,0
57,87,2436,1514,2094,513,0
57,88,2436,1514,89,2129,0
57,89,2436,1514,1347,973,0
57,90,2436,1514,1412,647,0
57,91,2436,1514,2716,1699,0
57,92,2436,1514,2679,301,0
57,93,2436,1514,2086,1982,0
57,94,2436,1514,750,2399,0
57,95,2436,1514,503,2249,0
57,96,2436,1514,1529,2820,0
57,97,2436,1514,116,1176,0
57,98,2436,1514,692,2813,0
57,99,2436,1514,231,639,0
57,100,2436,1514,2740,2598,0
57,101,2436,1514,224,2208,0
57,102,2436,1514,1683,724,0
57,103,2436,1514,1276,2330,0
57,104,2436,1514,107,933,0
57,105,2436,1514,1480,2153,0
57,106,2436,1514,891,1933,0
57,107,2436,1514,2849,2170,0
57,108,2436,1514,1226,2205,0
57,109,2436,1514,1117,460,0
57,110,2436,1514,1597,111,0
57,111,2436,1514,2174,2704,0
57,112,2436,1514,811,90,0
57,113,2436,1514,260,692,0
57,114,2436,1514,1967,1969,0
57,115,2436,1514,1133,2946,0
57,116,2436,1514,786,2901,0
57,117,2436,1514,312,1389,0
57,118,2436,1514,2476,340,0
57,119,2436,1514,2362,2436,0
57,120,2436,1514,1679,1396,0
57,121,2436,1514,2646,1977,0
57,122,2436,1514,1769,2613,0
57,123,2436,1514,636,2906,0
57,124,2436,1514,2503,2888,0
57,125,2436,1514,727,2051,0
57,126,2436,1514,339,2092,0
57,127,2436,1514,2559,1995,0
57,128,2436,1514,1491,2896,0
57,129,2436,1514,2256,1576,0
57,130,2436,1514,335,2848,0
57,131,2436,1514,1279,994,0
57,132,2436,1514,191,2042,0
57,133,2436,1514,2815,2594,0
57,134,2436,1514,1341,659,0
57,135,2436,1514,202,1952,0
57,136,2436,1514,2049,235,0
57,137,2436,1514,949,365,0
57,138,2436,1514,442,484,0
57,139,2436,1514,1496,989,0
57,140,2436,1514,1432,2260,0
57,141,2436,1514,378,1386,0
57,142,2436,1514,251,778,0
57,143,2436,1514,483,113,0
57,144,2436,1514,2426,100,0
57,145,2436,1514,2388,1563,0
57,146,2436,1514,2427,2993,0
57,147,2436,1514,1415,940,0
57,148,2436,1514,40,1221,0
57,149,2436,1514,415,137,0
57,150,2436,1514,256,2140,0
57,151,2436,1514,90,1522,0
57,152,2436,1514,1589,989,0
57,153,2436,1514,341,205,0
57,154,2436,1514,883,1339,0
57,155,2436,1514,280,1464,0
57,156,2436,1514,1201,2822,0
57,157,2436,1514,2942,1389,0
57,158,2436,1514,1138,2750,0
57,159,2436,1514,2639,1778,0
57,160,2436,1514,662,429,0
57,161,2436,1514,652,7,0
57,162,2436,1514,2034,2057,0
57,163,2436,1514,2854,2051,0
57,164,2436,1514,1441,1791,0
57,165,2436,1514,2428,256,0
57,166,2436,1514,112,2528,0
57,167,2436,1514,2873,2538,0
57,168,2436,1514,2900,823,0
57,169,2436,1514,263,2591,0
57,170,2436,1514,486,2698,0
57,171,2436,1514,568,150,0
57,172,2436,1514,1194,2604,0
57,173,2436,1514,1563,2193,0
57,174,2436,1514,882,2764,0
57,175,2436,1514,1800,2849,0
57,176,2436,1514,58,2694,0
57,177,2436,1514,2845,282,0
57,178,2436,1514,2776,2400,0
57,179,2436,1514,2493,1574,0
57,180,2436,1514,1075,1910,0
57,181,2436,1514,449,428,0
57,182,2436,1514,2039,1945,0
57,183,2436,1514,2887,271,0
57,184,2436,1514,1400,2901,0
57,185,2436,1514,2908,1118,0
57,186,2436,1514,1650,1604,0
57,187,2436,1514,2331,1718,0
57,188,2436,1514,1439,133,0
57,189,2436,1514,42,79,0
57,190,2436,1514,1558,1707,0
57,191,2436,1514,177,1143,0
57,192,2436,1514,2585,1501,0
57,193,2436,1514,888,374,0
57,194,2436,1514,263,2834,0
57,195,2436,1514,1595,2302,0
58,0,2012,2768,434,320,0
58,1,2012,2768,571,1612,0
58,2,2012,2768,135,2521,0
58,3,2012,2768,1047,2342,0
58,4,2012,2768,1231,1324,0
58,5,2012,2768,675,751,0
58,6,2012,2768,1122,987,0
58,7,2012,2768,242,2916,0
58,8,2012,2768,1743,2319,0
58,9,2012,2768,2618,754,0
58,10,2012,2768,2910,1478,0
58,11,2012,2768,2108,832,0
58,12,2012,2768,2,1143,0
58,13,2012,2768,1115,2279,0
58,14,2012,2768,1977,415,0
58,15,2012,2768,2226,1439,0
58,16,2012,2768,2325,1601,0
58,17,2012,2768,2489,1612,0
58,18,2012,2768,488,2077,0
58,19,2012,2768,1366,798,0
58,20,2012,2768,190,1364,0
58,21,2012,2768,2898,1873,0
58,22,2012,2768,2802,484,0
58,23,2012,2768,1769,1361,0
58,24,2012,2768,1719,2907,0
58,25,2012,2768,203,816,0
58,26,2012,2768,1401,1966,0
58,27,2012,2768,565,2022,0
58,28,2012,2768,2418,1484,0
58,29,2012,2768,2744,2458,0
58,30,2012,2768,2840,2909,0
58,31,2012,2768,2633,2565,0
58,32,2012,2768,2705,1885,0
58,33,2012,2768,2153,2262,0
58,34,2012,2768,387,708,0
58,35,2012,2768,2510,1697,0
58,36,2012,2768,648,2898,0
58,37,2012,2768,652,1817,0
58,38,2012,2768,1578,698,0
58,39,2012,2768,2296,2101,0
58,40,2012,2768,1931,2689,1
58,41,2012,2768,526,1595,0
58,42,2012,2768,2293,1825,0
58,43,2012,2768,533,1404,0
58,44,2012,2768,2655,608,0
58,45,2012,2768,1891,927,0
58,46,2012,2768,362,551,0
58,47,2012,2768,517,432,0
58,48,2012,2768,554,2611,0
58,49,2012,2768,2495,1015,0
58,50,2012,2768,582,952,0
58,51,2012,2768,2325,1655,0
58,52,2012,2768,627,564,0
58,53,2012,2768,118,1718,0
58,54,2012,2768,1703,700,0
58,55,2012,2768,1698,1595,0
58,56,2012,2768,2867,2916,0
58,57,2012,2768,2436,1514,0
58,59,2012,2768,2307,1019,0
58,60,2012,2768,59,2441,0
58,61,2012,2768,1399,1108,0
58,62,2012,2768,2643,1912,0
58,63,2012,2768,2219,2119,0
58,64,2012,2768,2401,2202,0
58,65,2012,2768,387,1838,0
58,66,2012,2768,1601,1532,0
58,67,2012,2768,2837,72,0
58,68,2012,2768,1391,2951,0
58,69,2012,2768,595,1317,0
58,70,2012,2768,2920,540,0
58,71,2012,2768,2816,2465,0
58,72,2012,2768,2231,1907,0
58,73,2012,2768,1470,2429,0
58,74,2012,2768,2847,1382,0
58,75,2012,2768,1398,2370,0
58,76,2012,2768,1762,2756,0
58,77,2012,2768,95,1819,0
58,78,2012,2768,2814,2784,0
58,79,2012,2768,2728,847,0
58,80,2012,2768,1380,2542,0
58,81,2012,2768,1722,2778,0
58,82,2012,2768,2181,2634,0
58,83,2012,2768,2405,2720,0
58,84,2012,2768,2862,2797,0
58,85,2012,2768,598,2000,0
58,86,2012,2768,2675,1916,0
58,87,2012,2768,2094,513,0
58,88,2012,2768,89,2129,0
58,89,2012,2768,1347,973,0
58,90,2012,2768,1412,647,0
58,91,2012,2768,2716,1699,0
58,92,2012,2768,2679,301,0
58,93,2012,2768,2086,1982,0
58,94,2012,2768,750,2399,0
58,95,2012,2768,503,2249,0
58,96,2012,2768,1529,2820,0
58,97,2012,2768,116,1176,0
58,98,2012,2768,692,2813,0
58,99,2012,2768,231,639,0
58,100,2012,2768,2740,2598,0
58,101,2012,2768,224,2208,0
58,102,2012,2768,1683,724,0
58,103,2012,2768,1276,2330,0
58,104,2012,2768,107,933,0
58,105,2012,2768,1480,2153,0
58,106,2012,2768,891,1933,0
58,107,2012,2768,2849,2170,0
58,108,2012,2768,1226,2205,0
58,109,2012,2768,1117,460,0
58,110,2012,2768,1597,111,0
58,111,2012,2768,2174,2704,0
58,112,2012,2768,811,90,0
58,113,2012,2768,260,692,0
58,114,2012,2768,1967,1969,0
58,115,2012,2768,1133,2946,0
58,116,2012,2768,786,2901,0
58,117,2012,2768,312,1389,0
58,118,2012,2768,2476,340,0
58,119,2012,2768,2362,2436,0
58,120,2012,2768,1679,1396,0
58,121,2012,2768,2646,1977,0
58,122,2012,2768,1769,2613,0
58,123,2012,2768,636,2906,0
58,124,2012,2768,2503,2888,0
58,125,2012,2768,727,2051,0
58,126,2012,2768,339,2092,0
58,127,2012,2768,2559,1995,0
58,128,2012,2768,1491,2896,0
58,129,2012,2768,2256,1576,0
58,130,2012,2768,335,2848,0
58,131,2012,2768,1279,994,0
58,132,2012,2768,191,2042,0
58,133,2012,2768,2815,2594,0
58,134,2012,2768,1341,659,0
58,135,2012,2768,202,1952,0
58,136,2012,2768,2049,235,0
58,137,2012,2768,949,365,0
58,138,2012,2768,442,484,0
58,139,2012,2768,1496,989,0
58,140,2012,2768,1432,2260,0
58,141,2012,2768,378,1386,0
58,142,2012,2768,251,778,0
58,143,2012,2768,483,113,0
58,144,2012,2768,2426,100,0
58,145,2012,2768,2388,1563,0
58,146,2012,2768,2427,2993,0
58,147,2012,2768,1415,940,0
58,148,2012,2768,40,1221,0
58,149,2012,2768,415,137,0
58,150,2012,2768,256,2140,0
58,151,2012,2768,90,1522,0
58,152,2012,2768,1589,989,0
58,153,2012,2768,341,205,0
58,154,2012,2768,883,1339,0
58,155,2012,2768,280,1464,0
58,156,2012,2768,1201,2822,0
58,157,2012,2768,2942,1389,0
58,158,2012,2768,1138,2750,0
58,159,2012,2768,2639,1778,0
58,160,2012,2768,662,429,0
58,161,2012,2768,652,7,0
58,162,2012,2768,2034,2057,0
58,163,2012,2768,2854,2051,0
58,164,2012,2768,1441,1791,0
58,165,2012,2768,2428,256,0
58,166,2012,2768,112,2528,0
58,167,2012,2768,2873,2538,0
58,168,2012,2768,2900,823,0
58,169,2012,2768,263,2591,0
58,170,2012,2768,486,2698,0
58,171,2012,2768,568,150,0
58,172,2012,2768,1194,2604,0
58,173,2012,2768,1563,2193,0
58,174,2012,2768,882,2764,0
58,175,2012,2768,1800,2849,0
58,176,2012,2768,58,2694,0
58,177,2012,2768,2845,282,0
58,178,2012,2768,2776,2400,0
58,179,2012,2768,2493,1574,0
58,180,2012,2768,1075,1910,0
58,181,2012,2768,449,428,0
58,182,2012,2768,2039,1945,0
58,183,2012,2768,2887,271,0
58,184,2012,2768,1400,2901,0
58,185,2012,2768,2908,1118,0
58,186,2012,2768,1650,1604,0
58,187,2012,2768,2331,1718,0
58,188,2012,2768,1439,133,0
58,189,2012,2768,42,79,0
58,190,2012,2768,1558,1707,0
58,191,2012,2768,177,1143,0
58,192,2012,2768,2585,1501,0
58,193,2012,2768,888,374,0
58,194,2012,2768,263,2834,0
58,195,2012,2768,1595,2302,0
59,0,2307,1019,434,320,0
59,1,2307,1019,571,1612,0
59,2,2307,1019,135,2521,0
59,3,2307,1019,1047,2342,0
59,4,2307,1019,1231,1324,0
59,5,2307,1019,675,751,0
59,6,2307,1019,1122,987,0
59,7,2307,1019,242,2916,0
59,8,2307,1019,1743,2319,0
59,9,2307,1019,2618,754,0
59,10,2307,1019,2910,1478,0
59,11,2307,1019,2108,832,0
59,12,2307,1019,2,1143,0
59,13,2307,1019,1115,2279,0
59,14,2307,1019,1977,415,0
59,15,2307,1019,2226,1439,0
59,16,2307,1019,2325,1601,0
59,17,2307,1019,2489,1612,0
59,18,2307,1019,488,2077,0
59,19,2307,1019,1366,798,0
59,20,2307,1019,190,1364,0
59,21,2307,1019,2898,1873,0
59,22,2307,1019,2802,484,0
59,23,2307,1019,1769,1361,0
59,24,2307,1019,1719,2907,0
59,25,2307,1019,203,816,0
59,26,2307,1019,1401,1966,0
59,27,2307,1019,565,2022,0
59,28,2307,1019,2418,1484,0
59,29,2307,1019,2744,2458,0
59,30,2307,1019,2840,2909,0
59,31,2307,1019,2633,2565,0
59,32,2307,1019,2705,1885,0
59,33,2307,1019,2153,2262,0
59,34,2307,1019,387,708,0
59,35,2307,1019,2510,1697,0
59,36,2307,1019,648,2898,0
59,37,2307,1019,652,1817,0
59,38,2307,1019,1578,698,0
59,39,2307,1019,2296,2101,0
59,40,2307,1019,1931,2689,0
59,41,2307,1019,526,1595,0
59,42,2307,1019,2293,1825,0
59,43,2307,1019,533,1404,0
59,44,2307,1019,2655,608,0
59,45,2307,1019,1891,927,0
59,46,2307,1019,362,551,0
59,47,2307,1019,517,432,0
59,48,2307,1019,554,2611,0
59,49,2307,1019,2495,1015,1
59,50,2307,1019,582,952,0
59,51,2307,1019,2325,1655,0
59,52,2307,1019,627,564,0
59,53,2307,1019,118,1718,0
59,54,2307,1019,1703,700,0
59,55,2307,1019,1698,1595,0
59,56,2307,1019,2867,2916,0
59,57,2307,1019,2436,1514,0
59,58,2307,1019,2012,2768,0
59,60,2307,1019,59,2441,0
59,61,2307,1019,1399,1108,0
59,62,2307,1019,2643,1912,0
59,63,2307,1019,2219,2119,0
59,64,2307,1019,2401,2202,0
59,65,2307,1019,387,1838,0
59,66,2307,1019,1601,1532,0
59,67,2307,1019,2837,72,0
59,68,2307,1019,1391,2951,0
59,69,2307,1019,595,1317,0
59,70,2307,1019,2920,540,0
59,71,2307,1019,2816,2465,0
59,72,2307,1019,2231,1907,0
59,73,2307,1019,1470,2429,0
59,74,2307,1019,2847,1382,0
59,75,2307,1019,1398,2370,0
59,76,2307,1019,1762,2756,0
59,77,2307,1019,95,1819,0
59,78,2307,1019,2814,2784,0
59,79,2307,1019,2728,847,0
59,80,2307,1019,1380,2542,0
59,81,2307,1019,1722,2778,0
59,82,2307,1019,2181,2634,0
59,83,2307,1019,2405,2720,0
59,84,2307,1019,2862,2797,0
59,85,2307,1019,598,2000,0
59,86,2307,1019,2675,1916,0
59,87,2307,1019,2094,513,0
59,88,2307,1019,89,2129,0
59,89,2307,1019,1347,973,0
59,90,2307,1019,1412,647,0
59,91,2307,1019,2716,1699,0
59,92,2307,1019,2679,301,0
59,93,2307,1019,2086,1982,0
59,94,2307,1019,750,2399,0
59,95,2307,1019,503,2249,0
59,96,2307,1019,1529,2820,0
59,97,2307,1019,116,1176,0
59,98,2307,1019,692,2813,0
59,99,2307,1019,231,639,0
59,100,2307,1019,2740,2598,0
59,101,2307,1019,224,2208,0
59,102,2307,1019,1683,724,0
59,103,2307,1019,1276,2330,0
59,104,2307,1019,107,933,0
59,105,2307,1019,1480,2153,0
59,106,2307,1019,891,1933,0
59,107,2307,1019,2849,2170,0
59,108,2307,1019,1226,2205,0
59,109,2307,1019,1117,460,0
59,110,2307,1019,1597,111,0
59,111,2307,1019,2174,2704,0
59,112,2307,1019,811,90,0
59,113,2307,1019,260,692,0
59,114,2307,1019,1967,1969,0
59,115,2307,1019,1133,2946,0
59,116,2307,1019,786,2901,0
59,117,2307,1019,312,1389,0
59,118,2307,1019,2476,340,0
59,119,2307,1019,2362,2436,0
59,120,2307,1019,1679,1396,0
59,121,2307,1019,2646,1977,0
59,122,2307,1019,1769,2613,0
59,123,2307,1019,636,2906,0
59,124,2307,1019,2503,2888,0
59,125,2307,1019,727,2051,0
59,126,2307,1019,339,2092,0
59,127,2307,1019,2559,1995,0
59,128,2307,1019,1491,2896,0
59,129,2307,1019,2256,1576,0
59,130,2307,1019,335,2848,0
59,131,2307,1019,1279,994,0
59,132,2307,1019,191,2042,0
59,133,2307,1019,2815,2594,0
59,134,2307,1019,1341,659,0
59,135,2307,1019,202,1952,0
59,136,2307,1019,2049,235,0
59,137,2307,1019,949,365,0
59,138,2307,1019,442,484,0
59,139,2307,1019,1496,989,0
59,140,2307,1019,1432,2260,0
59,141,2307,1019,378,1386,0
59,142,2307,1019,251,778,0
59,143,2307,1019,483,113,0
59,144,2307,1019,2426,100,0
59,145,2307,1019,2388,1563,0
59,146,2307,1019,2427,2993,0
59,147,2307,1019,1415,940,0
59,148,2307,1019,40,1221,0
59,149,2307,1019,415,137,0
59,150,2307,1019,256,2140,0
59,151,2307,1019,90,1522,0
59,152,2307,1019,1589,989,0
59,153,2307,1019,341,205,0
59,154,2307,1019,883,1339,0
59,155,2307,1019,280,1464,0
59,156,2307,1019,1201,2822,0
59,157,2307,1019,2942,1389,0
59,158,2307,1019,1138,2750,0
59,159,2307,1019,2639,1778,0
59,160,2307,1019,662,429,0
59,161,2307,1019,652,7,0
59,162,2307,1019,2034,2057,0
59,163,2307,1019,2854,2051,0
59,164,2307,1019,1441,1791,0
59,165,2307,1019,2428,256,0
59,166,2307,1019,112,2528,0
59,167,2307,1019,2873,2538,0
59,168,2307,1019,2900,823,0
59,169,2307,1019,263,2591,0
59,170,2307,1019,486,2698,0
59,171,2307,1019,568,150,0
59,172,2307,1019,1194,2604,0
59,173,2307,1019,1563,2193,0
59,174,2307,1019,882,2764,0
59,175,2307,1019,1800,2849,0
59,176,2307,1019,58,2694,0
59,177,2307,1019,2845,282,0
59,178,2307,1019,2776,2400,0
59,179,2307,1019,2493,1574,0
59,180,2307,1019,1075,1910,0
59,181,2307,1019,449,428,0
59,182,2307,1019,2039,1945,0
59,183,2307,1019,2887,271,0
59,184,2307,1019,1400,2901,0
59,185,2307,1019,2908,1118,0
59,186,2307,1019,1650,1604,0
59,187,2307,1019,2331,1718,0
59,188,2307,1019,1439,133,0
59,189,2307,1019,42,79,0
59,190,2307,1019,1558,1707,0
59,191,2307,1019,177,1143,0
59,192,2307,1019,2585,1501,0
59,193,2307,1019,888,374,0
59,194,2307,1019,263,2834,0
59,195,2307,1019,1595,2302,0
60,0,59,2441,434,320,0
60,1,59,2441,571,1612,0
60,2,59,2441,135,2521,0
60,3,59,2441,1047,2342,0
60,4,59,2441,1231,1324,0
60,5,59,2441,675,751,0
60,6,59,2441,1122,987,0
60,7,59,2441,242,2916,0
60,8,59,2441,1743,2319,0
60,9,59,2441,2618,754,0
60,10,59,2441,2910,1478,0
60,11,59,2441,2108,832,0
60,12,59,2441,2,1143,0
60,13,59,2441,1115,2279,0
60,14,59,2441,1977,415,0
60,15,59,2441,2226,1439,0
60,16,59,2441,2325,1601,0
60,17,59,2441,2489,1612,0
60,18,59,2441,488,2077,0
60,19,59,2441,1366,798,0
60,20,59,2441,190,1364,0
60,21,59,2441,2898,1873,0
60,22,59,2441,2802,484,0
60,23,59,2441,1769,1361,0
60,24,59,2441,1719,2907,0
60,25,59,2441,203,816,0
60,26,59,2441,1401,1966,0
60,27,59,2441,565,2022,0
60,28,59,2441,2418,1484,0
60,29,59,2441,2744,2458,0
60,30,59,2441,2840,2909,0
60,31,59,2441,2633,2565,0
60,32,59,2441,2705,1885,0
60,33,59,2441,2153,2262,0
60,34,59,2441,387,708,0
60,35,59,2441,2510,1697,0
60,36,59,2441,648,2898,0
60,37,59,2441,652,1817,0
60,38,59,2441,1578,698,0
60,39,59,2441,2296,2101,0
60,40,59,2441,1931,2689,0
60,41,59,2441,526,1595,0
60,42,59,2441,2293,1825,0
60,43,59,2441,533,1404,0
60,44,59,2441,2655,608,0
60,45,59,2441,1891,927,0
60,46,59,2441,362,551,0
60,47,59,2441,517,432,0
60,48,59,2441,554,2611,0
60,49,59,2441,2495,1015,0
60,50,59,2441,582,952,0
60,51,59,2441,2325,1655,0
60,52,59,2441,627,564,0
60,53,59,2441,118,1718,0
60,54,59,2441,1703,700,0
60,55,59,2441,1698,1595,0
60,56,59,2441,2867,2916,0
60,57,59,2441,2436,1514,0
60,58,59,2441,2012,2768,0
60,59,59,2441,2307,1019,0
60,61,59,2441,1399,1108,0
60,62,59,2441,2643,1912,0
60,63,59,2441,2219,2119,0
60,64,59,2441,2401,2202,0
60,65,59,2441,387,1838,0
60,66,59,2441,1601,1532,0
60,67,59,2441,2837,72,0
60,68,59,2441,1391,2951,0
60,69,59,2441,595,1317,0
60,70,59,2441,2920,540,0
60,71,59,2441,2816,2465,0
60,72,59,2441,2231,1907,0
60,73,59,2441,1470,2429,0
60,74,59,2441,2847,1382,0
60,75,59,2441,1398,2370,0
60,76,59,2441,1762,2756,0
60,77,59,2441,95,1819,0
60,78,59,2441,2814,2784,0
60,79,59,2441,2728,847,0
60,80,59,2441,1380,2542,0
60,81,59,2441,1722,2778,0
60,82,59,2441,2181,2634,0
60,83,59,2441,2405,2720,0
60,84,59,2441,2862,2797,0
60,85,59,2441,598,2000,0
60,86,59,2441,2675,1916,0
60,87,59,2441,2094,513,0
60,88,59,2441,89,2129,1
60,89,59,2441,1347,973,0
60,90,59,2441,1412,647,0
60,91,59,2441,2716,1699,0
60,92,59,2441,2679,301,0
60,93,59,2441,2086,1982,0
60,94,59,2441,750,2399,0
60,95,59,2441,503,2249,0
60,96,59,2441,1529,2820,0
60,97,59,2441,116,1176,0
60,98,59,2441,692,2813,0
60,99,59,2441,231,639,0
60,100,59,2441,2740,2598,0
60,101,59,2441,224,2208,0
60,102,59,2441,1683,724,0
60,103,59,2441,1276,2330,0
60,104,59,2441,107,933,0
60,105,59,2441,1480,2153,0
60,106,59,2441,891,1933,0
60,107,59,2441,2849,2170,0
60,108,59,2441,1226,2205,0
60,109,59,2441,1117,460,0
60,110,59,2441,1597,111,0
60,111,59,2441,2174,2704,0
60,112,59,2441,811,90,0
60,113,59,2441,260,692,0
60,114,59,2441,1967,1969,0
60,115,59,2441,1133,2946,0
60,116,59,2441,786,2901,0
60,117,59,2441,312,1389,0
60,118,59,2441,2476,340,0
60,119,59,2441,2362,2436,0
60,120,59,2441,1679,1396,0
60,121,59,2441,2646,1977,0
60,122,59,2441,1769,2613,0
60,123,59,2441,636,2906,0
60,124,59,2441,2503,2888,0
60,125,59,2441,727,2051,0
60,126,59,2441,339,2092,0
60,127,59,2441,2559,1995,0
60,128,59,2441,1491,2896,0
60,129,59,2441,2256,1576,0
60,130,59,2441,335,2848,0
60,131,59,2441,1279,994,0
60,132,59,2441,191,2042,0
60,133,59,2441,2815,2594,0
60,134,59,2441,1341,659,0
60,135,59,2441,202,1952,0
60,136,59,2441,2049,235,0
60,137,59,2441,949,365,0
60,138,59,2441,442,484,0
60,139,59,2441,1496,989,0
60,140,59,2441,1432,2260,0
60,141,59,2441,378,1386,0
60,142,59,2441,251,778,0
60,143,59,2441,483,113,0
60,144,59,2441,2426,100,0
60,145,59,2441,2388,1563,0
60,146,59,2441,2427,2993,0
60,147,59,2441,1415,940,0
60,148,59,2441,40,1221,0
60,149,59,2441,415,137,0
60,150,59,2441,256,2140,0
60,151,59,2441,90,1522,0
60,152,59,2441,1589,989,0
60,153,59,2441,341,205,0
60,154,59,2441,883,1339,0
60,155,59,2441,280,1464,0
60,156,59,2441,1201,2822,0
60,157,59,2441,2942,1389,0
60,158,59,2441,1138,2750,0
60,159,59,2441,2639,1778,0
60,160,59,2441,662,429,0
60,161,59,2441,652,7,0
60,162,59,2441,2034,2057,0
60,163,59,2441,2854,2051,0
60,164,59,2441,1441,1791,0
60,165,59,2441,2428,256,0
60,166,59,2441,112,2528,0
60,167,59,2441,2873,2538,0
60,168,59,2441,2900,823,0
60,169,59,2441,263,2591,0
60,170,59,2441,486,2698,0
60,171,59,2441,568,150,0
60,172,59,2441,1194,2604,0
60,173,59,2441,1563,2193,0
60,174,59,2441,882,2764,0
60,175,59,2441,1800,2849,0
60,176,59,2441,58,2694,0
60,177,59,2441,2845,282,0
60,178,59,2441,2776,2400,0
60,179,59,2441,2493,1574,0
60,180,59,2441,1075,1910,0
60,181,59,2441,449,428,0
60,182,59,2441,2039,1945,0
60,183,59,2441,2887,271,0
60,184,59,2441,1400,2901,0
60,185,59,2441,2908,1118,0
60,186,59,2441,1650,1604,0
60,187,59,2441,2331,1718,0
60,188,59,2441,1439,133,0
60,189,59,2441,42,79,0
60,190,59,2441,1558,1707,0
60,191,59,2441,177,1143,0
60,192,59,2441,2585,1501,0
60,193,59,2441,888,374,0
60,194,59,2441,263,2834,0
60,195,59,2441,1595,2302,0
61,0,1399,1108,434,320,0
61,1,1399,1108,571,1612,0
61,2,1399,1108,135,2521,0
61,3,1399,1108,1047,2342,0
61,4,1399,1108,1231,1324,0
61,5,1399,1108,675,751,0
61,6,1399,1108,1122,987,0
61,7,1399,1108,242,2916,0
61,8,1399,1108,1743,2319,0
61,9,1399,1108,2618,754,0
61,10,1399,1108,2910,1478,0
61,11,1399,1108,2108,832,0
61,12,1399,1108,2,1143,0
61,13,1399,1108,1115,2279,0
61,14,1399,1108,1977,415,0
61,15,1399,1108,2226,1439,0
61,16,1399,1108,2325,1601,0
61,17,1399,1108,2489,1612,0
61,18,1399,1108,488,2077,0
61,19,1399,1108,1366,798,0
61,20,1399,1108,190,1364,0
61,21,1399,1108,2898,1873,0
61,22,1399,1108,2802,484,0
61,23,1399,1108,1769,1361,0
61,24,1399,1108,1719,2907,0
61,25,1399,1108,203,816,0
61,26,1399,1108,1401,1966,0
61,27,1399,1108,565,2022,0
61,28,1399,1108,2418,1484,0
61,29,1399,1108,2744,2458,0
61,30,1399,1108,2840,2909,0
61,31,1399,1108,2633,2565,0
61,32,1399,1108,2705,1885,0
61,33,1399,1108,2153,2262,0
61,34,1399,1108,387,708,0
61,35,1399,1108,2510,1697,0
61,36,1399,1108,648,2898,0
61,37,1399,1108,652,1817,0
61,38,1399,1108,1578,698,0
61,39,1399,1108,2296,2101,0
61,40,1399,1108,1931,2689,0
61,41,1399,1108,526,1595,0
61,42,1399,1108,2293,1825,0
61,43,1399,1108,533,1404,0
61,44,1399,1108,2655,608,0
61,45,1399,1108,1891,927,0
61,46,1399,1108,362,551,0
61,47,1399,1108,517,432,0
61,48,1399,1108,554,2611,0
61,49,1399,1108,2495,1015,0
61,50,1399,1108,582,952,0
61,51,1399,1108,2325,1655,0
61,52,1399,1108,627,564,0
61,53,1399,1108,118,1718,0
61,54,1399,1108,1703,700,0
61,55,1399,1108,1698,1595,0
61,56,1399,1108,2867,2916,0
61,57,1399,1108,2436,1514,0
61,58,1399,1108,2012,2768,0
61,59,1399,1108,2307,1019,0
61,60,1399,1108,59,2441,0
61,62,1399,1108,2643,1912,0
61,63,1399,1108,2219,2119,0
61,64,1399,1108,2401,2202,0
61,65,1399,1108,387,1838,0
61,66,1399,1108,1601,1532,0
61,67,1399,1108,2837,72,0
61,68,1399,1108,1391,2951,0
61,69,1399,1108,595,1317,0
61,70,1399,1108,2920,540,0
61,71,1399,1108,2816,2465,0
61,72,1399,1108,2231,1907,0
61,73,1399,1108,1470,2429,0
61,74,1399,1108,2847,1382,0
61,75,1399,1108,1398,2370,0
61,76,1399,1108,1762,2756,0
61,77,1399,1108,95,1819,0
61,78,1399,1108,2814,2784,0
61,79,1399,1108,2728,847,0
61,80,1399,1108,1380,2542,0
61,81,1399,1108,1722,2778,0
61,82,1399,1108,2181,2634,0
61,83,1399,1108,2405,2720,0
61,84,1399,1108,2862,2797,0
61,85,1399,1108,598,2000,0
61,86,1399,1108,2675,1916,0
61,87,1399,1108,2094,513,0
61,88,1399,1108,89,2129,0
61,89,1399,1108,1347,973,1
61,90,1399,1108,1412,647,0
61,91,1399,1108,2716,1699,0
61,92,1399,1108,2679,301,0
61,93,1399,1108,2086,1982,0
61,94,1399,1108,750,2399,0
61,95,1399,1108,503,2249,0
61,96,1399,1108,1529,2820,0
61,97,1399,1108,116,1176,0
61,98,1399,1108,692,2813,0
61,99,1399,1108,231,639,0
61,100,1399,1108,2740,2598,0
61,101,1399,1108,224,2208,0
61,102,1399,1108,1683,724,0
61,103,1399,1108,1276,2330,0
61,104,1399,1108,107,933,0
61,105,1399,1108,1480,2153,0
61,106,1399,1108,891,1933,0
61,107,1399,1108,2849,2170,0
61,108,1399,1108,1226,2205,0
61,109,1399,1108,1117,460,0
61,110,1399,1108,1597,111,0
61,111,1399,1108,2174,2704,0
61,112,1399,1108,811,90,0
61,113,1399,1108,260,692,0
61,114,1399,1108,1967,1969,0
61,115,1399,1108,1133,2946,0
61,116,1399,1108,786,2901,0
61,117,1399,1108,312,1389,0
61,118,1399,1108,2476,340,0
61,119,1399,1108,2362,2436,0
61,120,1399,1108,1679,1396,0
61,121,1399,1108,2646,1977,0
61,122,1399,1108,1769,2613,0
61,123,1399,1108,636,2906,0
61,124,1399,1108,2503,2888,0
61,125,1399,1108,727,2051,0
61,126,1399,1108,339,2092,0
61,127,1399,1108,2559,1995,0
61,128,1399,1108,1491,2896,0
61,129,1399,1108,2256,1576,0
61,130,1399,1108,335,2848,0
61,131,1399,1108,1279,994,0
61,132,1399,1108,191,2042,0
61,133,1399,1108,2815,2594,0
61,134,1399,1108,1341,659,0
61,135,1399,1108,202,1952,0
61,136,1399,1108,2049,235,0
61,137,1399,1108,949,365,0
61,138,1399,1108,442,484,0
61,139,1399,1108,1496,989,0
61,140,1399,1108,1432,2260,0
61,141,1399,1108,378,1386,0
61,142,1399,1108,251,778,0
61,143,1399,1108,483,113,0
61,144,1399,1108,2426,100,0
61,145,1399,1108,2388,1563,0
61,146,1399,1108,2427,2993,0
61,147,1399,1108,1415,940,0
61,148,1399,1108,40,1221,0
61,149,1399,1108,415,137,0
61,150,1399,1108,256,2140,0
61,151,1399,1108,90,1522,0
61,152,1399,1108,1589,989,0
61,153,1399,1108,341,205,0
61,154,1399,1108,883,1339,0
61,155,1399,1108,280,1464,0
61,156,1399,1108,1201,2822,0
61,157,1399,1108,2942,1389,0
61,158,1399,1108,1138,2750,0
61,159,1399,1108,2639,1778,0
61,160,1399,1108,662,429,0
61,161,1399,1108,652,7,0
61,162,1399,1108,2034,2057,0
61,163,1399,1108,2854,2051,0
61,164,1399,1108,1441,1791,0
61,165,1399,1108,2428,256,0
61,166,1399,1108,112,2528,0
61,167,1399,1108,2873,2538,0
61,168,1399,1108,2900,823,0
61,169,1399,1108,263,2591,0
61,170,1399,1108,486,2698,0
61,171,1399,1108,568,150,0
61,172,1399,1108,1194,2604,0
61,173,1399,1108,1563,2193,0
61,174,1399,1108,882,2764,0
61,175,1399,1108,1800,2849,0
61,176,1399,1108,58,2694,0
61,177,1399,1108,2845,282,0
61,178,1399,1108,2776,2400,0
61,179,1399,1108,2493,1574,0
61,180,1399,1108,1075,1910,0
61,181,1399,1108,449,428,0
61,182,1399,1108,2039,1945,0
61,183,1399,1108,2887,271,0
61,184,1399,1108,1400,2901,0
61,185,1399,1108,2908,1118,0
61,186,1399,1108,1650,1604,0
61,187,1399,1108,2331,1718,0
61,188,1399,1108,1439,133,0
61,189,1399,1108,42,79,0
61,190,1399,1108,1558,1707,0
61,191,1399,1108,177,1143,0
61,192,1399,1108,2585,1501,0
61,193,1399,1108,888,374,0
61,194,1399,1108,263,2834,0
61,195,1399,1108,1595,2302,0
62,0,2643,1912,434,320,0
62,1,2643,1912,571,1612,0
62,2,2643,1912,135,2521,0
62,3,2643,1912,1047,2342,0
62,4,2643,1912,1231,1324,0
62,5,2643,1912,675,751,0
62,6,2643,1912,1122,987,0
62,7,2643,1912,242,2916,0
62,8,2643,1912,1743,2319,0
62,9,2643,1912,2618,754,0
62,10,2643,1912,2910,1478,0
62,11,2643,1912,2108,832,0
62,12,2643,1912,2,1143,0
62,13,2643,1912,1115,2279,0
62,14,2643,1912,1977,415,0
62,15,2643,1912,2226,1439,0
62,16,2643,1912,2325,1601,0
62,17,2643,1912,2489,1612,0
62,18,2643,1912,488,2077,0
62,19,2643,1912,1366,798,0
62,20,2643,1912,190,1364,0
62,21,2643,1912,2898,1873,0
62,22,2643,1912,2802,484,0
62,23,2643,1912,1769,1361,0
62,24,2643,1912,1719,2907,0
62,25,2643,1912,203,816,0
62,26,2643,1912,1401,1966,0
62,27,2643,1912,565,2022,0
62,28,2643,1912,2418,1484,0
62,29,2643,1912,2744,2458,0
62,30,2643,1912,2840,2909,0
62,31,2643,1912,2633,2565,0
62,32,2643,1912,2705,1885,0
62,33,2643,1912,2153,2262,0
62,34,2643,1912,387,708,0
62,35,2643,1912,2510,1697,0
62,36,2643,1912,648,2898,0
62,37,2643,1912,652,1817,0
62,38,2643,1912,1578,698,0
62,39,2643,1912,2296,2101,0
62,40,2643,1912,1931,2689,0
62,41,2643,1912,526,1595,0
62,42,2643,1912,2293,1825,0
62,43,2643,1912,533,1404,0
62,44,2643,1912,2655,608,0
62,45,2643,1912,1891,927,0
62,46,2643,1912,362,551,0
62,47,2643,1912,517,432,0
62,48,2643,1912,554,2611,0
62,49,2643,1912,2495,1015,0
62,50,2643,1912,582,952,0
62,51,2643,1912,2325,1655,0
62,52,2643,1912,627,564,0
62,53,2643,1912,118,1718,0
62,54,2643,1912,1703,700,0
62,55,2643,1912,1698,1595,0
62,56,2643,1912,2867,2916,0
62,57,2643,1912,2436,1514,0
62,58,2643,1912,2012,2768,0
62,59,2643,1912,2307,1019,0
62,60,2643,1912,59,2441,0
62,61,2643,1912,1399,1108,0
62,63,2643,1912,2219,2119,0
62,64,2643,1912,2401,2202,0
62,65,2643,1912,387,1838,0
62,66,2643,1912,1601,1532,0
62,67,2643,1912,2837,72,0
62,68,2643,1912,1391,2951,0
62,69,2643,1912,595,1317,0
62,70,2643,1912,2920,540,0
62,71,2643,1912,2816,2465,0
62,72,2643,1912,2231,1907,0
62,73,2643,1912,1470,2429,0
62,74,2643,1912,2847,1382,0
62,75,2643,1912,1398,2370,0
62,76,2643,1912,1762,2756,0
62,77,2643,1912,95,1819,0
62,78,2643,1912,2814,2784,0
62,79,2643,1912,2728,847,0
62,80,2643,1912,1380,2542,0
62,81,2643,1912,1722,2778,0
62,82,2643,1912,2181,2634,0
62,83,2643,1912,2405,2720,0
62,84,2643,1912,2862,2797,0
62,85,2643,1912,598,2000,0
62,86,2643,1912,2675,1916,1
62,87,2643,1912,2094,513,0
62,88,2643,1912,89,2129,0
62,89,2643,1912,1347,973,0
62,90,2643,1912,1412,647,0
62,91,2643,1912,2716,1699,0
62,92,2643,1912,2679,301,0
62,93,2643,1912,2086,1982,0
62,94,2643,1912,750,2399,0
62,95,2643,1912,503,2249,0
62,96,2643,1912,1529,2820,0
62,97,2643,1912,116,1176,0
62,98,2643,1912,692,2813,0
62,99,2643,1912,231,639,0
62,100,2643,1912,2740,2598,0
62,101,2643,1912,224,2208,0
62,102,2643,1912,1683,724,0
62,103,2643,1912,1276,2330,0
62,104,2643,1912,107,933,0
62,105,2643,1912,1480,2153,0
62,106,2643,1912,891,1933,0
62,107,2643,1912,2849,2170,0
62,108,2643,1912,1226,2205,0
62,109,2643,1912,1117,460,0
62,110,2643,1912,1597,111,0
62,111,2643,1912,2174,2704,0
62,112,2643,1912,811,90,0
62,113,2643,1912,260,692,0
62,114,2643,1912,1967,1969,0
62,115,2643,1912,1133,2946,0
62,116,2643,1912,786,2901,0
62,117,2643,1912,312,1389,0
62,118,2643,1912,2476,340,0
62,119,2643,1912,2362,2436,0
62,120,2643,1912,1679,1396,0
62,121,2643,1912,2646,1977,0
62,122,2643,1912,1769,2613,0
62,123,2643,1912,636,2906,0
62,124,2643,1912,2503,2888,0
62,125,2643,1912,727,2051,0
62,126,2643,1912,339,2092,0
62,127,2643,1912,2559,1995,0
62,128,2643,1912,1491,2896,0
62,129,2643,1912,2256,1576,0
62,130,2643,1912,335,2848,0
62,131,2643,1912,1279,994,0
62,132,2643,1912,191,2042,0
62,133,2643,1912,2815,2594,0
62,134,2643,1912,1341,659,0
62,135,2643,1912,202,1952,0
62,136,2643,1912,2049,235,0
62,137,2643,1912,949,365,0
62,138,2643,1912,442,484,0
62,139,2643,1912,1496,989,0
62,140,2643,1912,1432,2260,0
62,141,2643,1912,378,1386,0
62,142,2643,1912,251,778,0
62,143,2643,1912,483,113,0
62,144,2643,1912,2426,100,0
62,145,2643,1912,2388,1563,0
62,146,2643,1912,2427,2993,0
62,147,2643,1912,1415,940,0
62,148,2643,1912,40,1221,0
62,149,2643,1912,415,137,0
62,150,2643,1912,256,2140,0
62,151,2643,1912,90,1522,0
62,152,2643,1912,1589,989,0
62,153,2643,1912,341,205,0
62,154,2643,1912,883,1339,0
62,155,2643,1912,280,1464,0
62,156,2643,1912,1201,2822,0
62,157,2643,1912,2942,1389,0
62,158,2643,1912,1138,2750,0
62,159,2643,1912,2639,1778,0
62,160,2643,1912,662,429,0
62,161,2643,1912,652,7,0
62,162,2643,1912,2034,2057,0
62,163,2643,1912,2854,2051,0
62,164,2643,1912,1441,1791,0
62,165,2643,1912,2428,256,0
62,166,2643,1912,112,2528,0
62,167,2643,1912,2873,2538,0
62,168,2643,1912,2900,823,0
62,169,2643,1912,263,2591,0
62,170,2643,1912,486,2698,0
62,171,2643,1912,568,150,0
62,172,2643,1912,1194,2604,0
62,173,2643,1912,1563,2193,0
62,174,2643,1912,882,2764,0
62,175,2643,1912,1800,2849,0
62,176,2643,1912,58,2694,0
62,177,2643,1912,2845,282,0
62,178,2643,1912,2776,2400,0
62,179,2643,1912,2493,1574,0
62,180,2643,1912,1075,1910,0
62,181,2643,1912,449,428,0
62,182,2643,1912,2039,1945,0
62,183,2643,1912,2887,271,0
62,184,2643,1912,1400,2901,0
62,185,2643,1912,2908,1118,0
62,186,2643,1912,1650,1604,0
62,187,2643,1912,2331,1718,0
62,188,2643,1912,1439,133,0
62,189,2643,1912,42,79,0
62,190,2643,1912,1558,1707,0
62,191,2643,1912,177,1143,0
62,192,2643,1912,2585,1501,0
62,193,2643,1912,888,374,0
62,194,2643,1912,263,2834,0
62,195,2643,1912,1595,2302,0
63,0,2219,2119,434,320,0
63,1,2219,2119,571,1612,0
63,2,2219,2119,135,2521,0
63,3,2219,2119,1047,2342,0
63,4,2219,2119,1231,1324,0
63,5,2219,2119,675,751,0
63,6,2219,2119,1122,987,0
63,7,2219,2119,242,2916,0
63,8,2219,2119,1743,2319,0
63,9,2219,2119,2618,754,0
63,10,2219,2119,2910,1478,0
63,11,2219,2119,2108,832,0
63,12,2219,2119,2,1143,0
63,13,2219,2119,1115,2279,0
63,14,2219,2119,1977,415,0
63,15,2219,2119,2226,1439,0
63,16,2219,2119,2325,1601,0
63,17,2219,2119,2489,1612,0
63,18,2219,2119,488,2077,0
63,19,2219,2119,1366,798,0
63,20,2219,2119,190,1364,0
63,21,2219,2119,2898,1873,0
63,22,2219,2119,2802,484,0
63,23,2219,2119,1769,1361,0
63,24,2219,2119,1719,2907,0
63,25,2219,2119,203,816,0
63,26,2219,2119,1401,1966,0
63,27,2219,2119,565,2022,0
63,28,2219,2119,2418,1484,0
63,29,2219,2119,2744,2458,0
63,30,2219,2119,2840,2909,0
63,31,2219,2119,2633,2565,0
63,32,2219,2119,2705,1885,0
63,33,2219,2119,2153,2262,0
63,34,2219,2119,387,708,0
63,35,2219,2119,2510,1697,0
63,36,2219,2119,648,2898,0
63,37,2219,2119,652,1817,0
63,38,2219,2119,1578,698,0
63,39,2219,2119,2296,2101,1
63,40,2219,2119,1931,2689,0
63,41,2219,2119,526,1595,0
63,42,2219,2119,2293,1825,0
63,43,2219,2119,533,1404,0
63,44,2219,2119,2655,608,0
63,45,2219,2119,1891,927,0
63,46,2219,2119,362,551,0
63,47,2219,2119,517,432,0
63,48,2219,2119,554,2611,0
63,49,2219,2119,2495,1015,0
63,50,2219,2119,582,952,0
63,51,2219,2119,2325,1655,0
63,52,2219,2119,627,564,0
63,53,2219,2119,118,1718,0
63,54,2219,2119,1703,700,0
63,55,2219,2119,1698,1595,0
63,56,2219,2119,2867,2916,0
63,57,2219,2119,2436,1514,0
63,58,2219,2119,2012,2768,0
63,59,2219,2119,2307,1019,0
63,60,2219,2119,59,2441,0
63,61,2219,2119,1399,1108,0
63,62,2219,2119,2643,1912,0
63,64,2219,2119,2401,2202,0
63,65,2219,2119,387,1838,0
63,66,2219,2119,1601,1532,0
63,67,2219,2119,2837,72,0
63,68,2219,2119,1391,2951,0
63,69,2219,2119,595,1317,0
63,70,2219,2119,2920,540,0
63,71,2219,2119,2816,2465,0
63,72,2219,2119,2231,1907,0
63,73,2219,2119,1470,2429,0
63,74,2219,2119,2847,1382,0
63,75,2219,2119,1398,2370,0
63,76,2219,2119,1762,2756,0
63,77,2219,2119,95,1819,0
63,78,2219,2119,2814,2784,0
63,79,2219,2119,2728,847,0
63,80,2219,2119,1380,2542,0
63,81,2219,2119,1722,2778,0
63,82,2219,2119,2181,2634,0
63,83,2219,2119,2405,2720,0
63,84,2219,2119,2862,2797,0
63,85,2219,2119,598,2000,0
63,86,2219,2119,2675,1916,0
63,87,2219,2119,2094,513,0
63,88,2219,2119,89,2129,0
63,89,2219,2119,1347,973,0
63,90,2219,2119,1412,647,0
63,91,2219,2119,2716,1699,0
63,92,2219,2119,2679,301,0
63,93,2219,2119,2086,1982,0
63,94,2219,2119,750,2399,0
63,95,2219,2119,503,2249,0
63,96,2219,2119,1529,2820,0
63,97,2219,2119,116,1176,0
63,98,2219,2119,692,2813,0
63,99,2219,2119,231,639,0
63,100,2219,2119,2740,2598,0
63,101,2219,2119,224,2208,0
63,102,2219,2119,1683,724,0
63,103,2219,2119,1276,2330,0
63,104,2219,2119,107,933,0
63,105,2219,2119,1480,2153,0
63,106,2219,2119,891,1933,0
63,107,2219,2119,2849,2170,0
63,108,2219,2119,1226,2205,0
63,109,2219,2119,1117,460,0
63,110,2219,2119,1597,111,0
63,111,2219,2119,2174,2704,0
63,112,2219,2119,811,90,0
63,113,2219,2119,260,692,0
63,114,2219,2119,1967,1969,0
63,115,2219,2119,1133,2946,0
63,116,2219,2119,786,2901,0
63,117,2219,2119,312,1389,0
63,118,2219,2119,2476,340,0
63,119,2219,2119,2362,2436,0
63,120,2219,2119,1679,1396,0
63,121,2219,2119,2646,1977,0
63,122,2219,2119,1769,2613,0
63,123,2219,2119,636,2906,0
63,124,2219,2119,2503,2888,0
63,125,2219,2119,727,2051,0
63,126,2219,2119,339,2092,0
63,127,2219,2119,2559,1995,0
63,128,2219,2119,1491,2896,0
63,129,2219,2119,2256,1576,0
63,130,2219,2119,335,2848,0
63,131,2219,2119,1279,994,0
63,132,2219,2119,191,2042,0
63,133,2219,2119,2815,2594,0
63,134,2219,2119,1341,659,0
63,135,2219,2119,202,1952,0
63,136,2219,2119,2049,235,0
63,137,2219,2119,949,365,0
63,138,2219,2119,442,484,0
63,139,2219,2119,1496,989,0
63,140,2219,2119,1432,2260,0
63,141,2219,2119,378,1386,0
63,142,2219,2119,251,778,0
63,143,2219,2119,483,113,0
63,144,2219,2119,2426,100,0
63,145,2219,2119,2388,1563,0
63,146,2219,2119,2427,2993,0
63,147,2219,2119,1415,940,0
63,148,2219,2119,40,1221,0
63,149,2219,2119,415,137,0
63,150,2219,2119,256,2140,0
63,151,2219,2119,90,1522,0
63,152,2219,2119,1589,989,0
63,153,2219,2119,341,205,0
63,154,2219,2119,883,1339,0
63,155,2219,2119,280,1464,0
63,156,2219,2119,1201,2822,0
63,157,2219,2119,2942,1389,0
63,158,2219,2119,1138,2750,0
63,159,2219,2119,2639,1778,0
63,160,2219,2119,662,429,0
63,161,2219,2119,652,7,0
63,162,2219,2119,2034,2057,0
63,163,2219,2119,2854,2051,0
63,164,2219,2119,1441,1791,0
63,165,2219,2119,2428,256,0
63,166,2219,2119,112,2528,0
63,167,2219,2119,2873,2538,0
63,168,2219,2119,2900,823,0
63,169,2219,2119,263,2591,0
63,170,2219,2119,486,2698,0
63,171,2219,2119,568,150,0
63,172,2219,2119,1194,2604,0
63,173,2219,2119,1563,2193,0
63,174,2219,2119,882,2764,0
63,175,2219,2119,1800,2849,0
63,176,2219,2119,58,2694,0
63,177,2219,2119,2845,282,0
63,178,2219,2119,2776,2400,0
63,179,2219,2119,2493,1574,0
63,180,2219,2119,1075,1910,0
63,181,2219,2119,449,428,0
63,182,2219,2119,2039,1945,0
63,183,2219,2119,2887,271,0
63,184,2219,2119,1400,2901,0
63,185,2219,2119,2908,1118,0
63,186,2219,2119,1650,1604,0
63,187,2219,2119,2331,1718,0
63,188,2219,2119,1439,133,0
63,189,2219,2119,42,79,0
63,190,2219,2119,1558,1707,0
63,191,2219,2119,177,1143,0
63,192,2219,2119,2585,1501,0
63,193,2219,2119,888,374,0
63,194,2219,2119,263,2834,0
63,195,2219,2119,1595,2302,0
64,0,2401,2202,434,320,0
64,1,2401,2202,571,1612,0
64,2,2401,2202,135,2521,0
64,3,2401,2202,1047,2342,0
64,4,2401,2202,1231,1324,0
64,5,2401,2202,675,751,0
64,6,2401,2202,1122,987,0
64,7,2401,2202,242,2916,0
64,8,2401,2202,1743,2319,0
64,9,2401,2202,2618,754,0
64,10,2401,2202,2910,1478,0
64,11,2401,2202,2108,832,0
64,12,2401,2202,2,1143,0
64,13,2401,2202,1115,2279,0
64,14,2401,2202,1977,415,0
64,15,2401,2202,2226,1439,0
64,16,2401,2202,2325,1601,0
64,17,2401,2202,2489,1612,0
64,18,2401,2202,488,2077,0
64,19,2401,2202,1366,798,0
64,20,2401,2202,190,1364,0
64,21,2401,2202,2898,1873,0
64,22,2401,2202,2802,484,0
64,23,2401,2202,1769,1361,0
64,24,2401,2202,1719,2907,0
64,25,2401,2202,203,816,0
64,26,2401,2202,1401,1966,0
64,27,2401,2202,565,2022,0
64,28,2401,2202,2418,1484,0
64,29,2401,2202,2744,2458,0
64,30,2401,2202,2840,2909,0
64,31,2401,2202,2633,2565,0
64,32,2401,2202,2705,1885,0
64,33,2401,2202,2153,2262,0
64,34,2401,2202,387,708,0
64,35,2401,2202,2510,1697,0
64,36,2401,2202,648,2898,0
64,37,2401,2202,652,1817,0
64,38,2401,2202,1578,698,0
64,39,2401,2202,2296,2101,0
64,40,2401,2202,1931,2689,0
64,41,2401,2202,526,1595,0
64,42,2401,2202,2293,1825,0
64,43,2401,2202,533,1404,0
64,44,2401,2202,2655,608,0
64,45,2401,2202,1891,927,0
64,46,2401,2202,362,551,0
64,47,2401,2202,517,432,0
64,48,2401,2202,554,2611,0
64,49,2401,2202,2495,1015,0
64,50,2401,2202,582,952,0
64,51,2401,2202,2325,1655,0
64,52,2401,2202,627,564,0
64,53,2401,2202,118,1718,0
64,54,2401,2202,1703,700,0
64,55,2401,2202,1698,1595,0
64,56,2401,2202,2867,2916,0
64,57,2401,2202,2436,1514,0
64,58,2401,2202,2012,2768,0
64,59,2401,2202,2307,1019,0
64,60,2401,2202,59,2441,0
64,61,2401,2202,1399,1108,0
64,62,2401,2202,2643,1912,0
64,63,2401,2202,2219,2119,0
64,65,2401,2202,387,1838,0
64,66,2401,2202,1601,1532,0
64,67,2401,2202,2837,72,0
64,68,2401,2202,1391,2951,0
64,69,2401,2202,595,1317,0
64,70,2401,2202,2920,540,0
64,71,2401,2202,2816,2465,0
64,72,2401,2202,2231,1907,0
64,73,2401,2202,1470,2429,0
64,74,2401,2202,2847,1382,0
64,75,2401,2202,1398,2370,0
64,76,2401,2202,1762,2756,0
64,77,2401,2202,95,1819,0
64,78,2401,2202,2814,2784,0
64,79,2401,2202,2728,847,0
64,80,2401,2202,1380,2542,0
64,81,2401,2202,1722,2778,0
64,82,2401,2202,2181,2634,0
64,83,2401,2202,2405,2720,0
64,84,2401,2202,2862,2797,0
64,85,2401,2202,598,2000,0
64,86,2401,2202,2675,1916,0
64,87,2401,2202,2094,513,0
64,88,2401,2202,89,2129,0
64,89,2401,2202,1347,973,0
64,90,2401,2202,1412,647,0
64,91,2401,2202,2716,1699,0
64,92,2401,2202,2679,301,0
64,93,2401,2202,2086,1982,0
64,94,2401,2202,750,2399,0
64,95,2401,2202,503,2249,0
64,96,2401,2202,1529,2820,0
64,97,2401,2202,116,1176,0
64,98,2401,2202,692,2813,0
64,99,2401,2202,231,639,0
64,100,2401,2202,2740,2598,0
64,101,2401,2202,224,2208,0
64,102,2401,2202,1683,724,0
64,103,2401,2202,1276,2330,0
64,104,2401,2202,107,933,0
64,105,2401,2202,1480,2153,0
64,106,2401,2202,891,1933,0
64,107,2401,2202,2849,2170,0
64,108,2401,2202,1226,2205,0
64,109,2401,2202,1117,460,0
64,110,2401,2202,1597,111,0
64,111,2401,2202,2174,2704,0
64,112,2401,2202,811,90,0
64,113,2401,2202,260,692,0
64,114,2401,2202,1967,1969,0
64,115,2401,2202,1133,2946,0
64,116,2401,2202,786,2901,0
64,117,2401,2202,312,1389,0
64,118,2401,2202,2476,340,0
64,119,2401,2202,2362,2436,0
64,120,2401,2202,1679,1396,0
64,121,2401,2202,2646,1977,0
64,122,2401,2202,1769,2613,0
64,123,2401,2202,636,2906,0
64,124,2401,2202,2503,2888,0
64,125,2401,2202,727,2051,0
64,126,2401,2202,339,2092,0
64,127,2401,2202,2559,1995,1
64,128,2401,2202,1491,2896,0
64,129,2401,2202,2256,1576,0
64,130,2401,2202,335,2848,0
64,131,2401,2202,1279,994,0
64,132,2401,2202,191,2042,0
64,133,2401,2202,2815,2594,0
64,134,2401,2202,1341,659,0
64,135,2401,2202,202,1952,0
64,136,2401,2202,2049,235,0
64,137,2401,2202,949,365,0
64,138,2401,2202,442,484,0
64,139,2401,2202,1496,989,0
64,140,2401,2202,1432,2260,0
64,141,2401,2202,378,1386,0
64,142,2401,2202,251,778,0
64,143,2401,2202,483,113,0
64,144,2401,2202,2426,100,0
64,145,2401,2202,2388,1563,0
64,146,2401,2202,2427,2993,0
64,147,2401,2202,1415,940,0
64,148,2401,2202,40,1221,0
64,149,2401,2202,415,137,0
64,150,2401,2202,256,2140,0
64,151,2401,2202,90,1522,0
64,152,2401,2202,1589,989,0
64,153,2401,2202,341,205,0
64,154,2401,2202,883,1339,0
64,155,2401,2202,280,1464,0
64,156,2401,2202,1201,2822,0
64,157,2401,2202,2942,1389,0
64,158,2401,2202,1138,2750,0
64,159,2401,2202,2639,1778,0
64,160,2401,2202,662,429,0
64,161,2401,2202,652,7,0
64,162,2401,2202,2034,2057,0
64,163,2401,2202,2854,2051,0
64,164,2401,2202,1441,1791,0
64,165,2401,2202,2428,256,0
64,166,2401,2202,112,2528,0
64,167,2401,2202,2873,2538,0
64,168,2401,2202,2900,823,0
64,169,2401,2202,263,2591,0
64,170,2401,2202,486,2698,0
64,171,2401,2202,568,150,0
64,172,2401,2202,1194,2604,0
64,173,2401,2202,1563,2193,0
64,174,2401,2202,882,2764,0
64,175,2401,2202,1800,2849,0
64,176,2401,2202,58,2694,0
64,177,2401,2202,2845,282,0
64,178,2401,2202,2776,2400,0
64,179,2401,2202,2493,1574,0
64,180,2401,2202,1075,1910,0
64,181,2401,2202,449,428,0
64,182,2401,2202,2039,1945,0
64,183,2401,2202,2887,271,0
64,184,2401,2202,1400,2901,0
64,185,2401,2202,2908,1118,0
64,186,2401,2202,1650,1604,0
64,187,2401,2202,2331,1718,0
64,188,2401,2202,1439,133,0
64,189,2401,2202,42,79,0
64,190,2401,2202,1558,1707,0
64,191,2401,2202,177,1143,0
64,192,2401,2202,2585,1501,0
64,193,2401,2202,888,374,0
64,194,2401,2202,263,2834,0
64,195,2401,2202,1595,2302,0
65,0,387,1838,434,320,0
65,1,387,1838,571,1612,0
65,2,387,1838,135,2521,0
65,3,387,1838,1047,2342,0
65,4,387,1838,1231,1324,0
65,5,387,1838,675,751,0
65,6,387,1838,1122,987,0
65,7,387,1838,242,2916,0
65,8,387,1838,1743,2319,0
65,9,387,1838,2618,754,0
65,10,387,1838,2910,1478,0
65,11,387,1838,2108,832,0
65,12,387,1838,2,1143,0
65,13,387,1838,1115,2279,0
65,14,387,1838,1977,415,0
65,15,387,1838,2226,1439,0
65,16,387,1838,2325,1601,0
65,17,387,1838,2489,1612,0
65,18,387,1838,488,2077,0
65,19,387,1838,1366,798,0
65,20,387,1838,190,1364,0
65,21,387,1838,2898,1873,0
65,22,387,1838,2802,484,0
65,23,387,1838,1769,1361,0
65,24,387,1838,1719,2907,0
65,25,387,1838,203,816,0
65,26,387,1838,1401,1966,0
65,27,387,1838,565,2022,0
65,28,387,1838,2418,1484,0
65,29,387,1838,2744,2458,0
65,30,387,1838,2840,2909,0
65,31,387,1838,2633,2565,0
65,32,387,1838,2705,1885,0
65,33,387,1838,2153,2262,0
65,34,387,1838,387,708,0
65,35,387,1838,2510,1697,0
65,36,387,1838,648,2898,0
65,37,387,1838,652,1817,0
65,38,387,1838,1578,698,0
65,39,387,1838,2296,2101,0
65,40,387,1838,1931,2689,0
65,41,387,1838,526,1595,0
65,42,387,1838,2293,1825,0
65,43,387,1838,533,1404,0
65,44,387,1838,2655,608,0
65,45,387,1838,1891,927,0
65,46,387,1838,362,551,0
65,47,387,1838,517,432,0
65,48,387,1838,554,2611,0
65,49,387,1838,2495,1015,0
65,50,387,1838,582,952,0
65,51,387,1838,2325,1655,0
65,52,387,1838,627,564,0
65,53,387,1838,118,1718,0
65,54,387,1838,1703,700,0
65,55,387,1838,1698,1595,0
65,56,387,1838,2867,2916,0
65,57,387,1838,2436,1514,0
65,58,387,1838,2012,2768,0
65,59,387,1838,2307,1019,0
65,60,387,1838,59,2441,0
65,61,387,1838,1399,1108,0
65,62,387,1838,2643,1912,0
65,63,387,1838,2219,2119,0
65,64,387,1838,2401,2202,0
65,66,387,1838,1601,1532,0
65,67,387,1838,2837,72,0
65,68,387,1838,1391,2951,0
65,69,387,1838,595,1317,0
65,70,387,1838,2920,540,0
65,71,387,1838,2816,2465,0
65,72,387,1838,2231,1907,0
65,73,387,1838,1470,2429,0
65,74,387,1838,2847,1382,0
65,75,387,1838,1398,2370,0
65,76,387,1838,1762,2756,0
65,77,387,1838,95,1819,0
65,78,387,1838,2814,2784,0
65,79,387,1838,2728,847,0
65,80,387,1838,1380,2542,0
65,81,387,1838,1722,2778,0
65,82,387,1838,2181,2634,0
65,83,387,1838,2405,2720,0
65,84,387,1838,2862,2797,0
65,85,387,1838,598,2000,0
65,86,387,1838,2675,1916,0
65,87,387,1838,2094,513,0
65,88,387,1838,89,2129,0
65,89,387,1838,1347,973,0
65,90,387,1838,1412,647,0
65,91,387,1838,2716,1699,0
65,92,387,1838,2679,301,0
65,93,387,1838,2086,1982,0
65,94,387,1838,750,2399,0
65,95,387,1838,503,2249,0
65,96,387,1838,1529,2820,0
65,97,387,1838,116,1176,0
65,98,387,1838,692,2813,0
65,99,387,1838,231,639,0
65,100,387,1838,2740,2598,0
65,101,387,1838,224,2208,0
65,102,387,1838,1683,724,0
65,103,387,1838,1276,2330,0
65,104,387,1838,107,933,0
65,105,387,1838,1480,2153,0
65,106,387,1838,891,1933,0
65,107,387,1838,2849,2170,0
65,108,387,1838,1226,2205,0
65,109,387,1838,1117,460,0
65,110,387,1838,1597,111,0
65,111,387,1838,2174,2704,0
65,112,387,1838,811,90,0
65,113,387,1838,260,692,0
65,114,387,1838,1967,1969,0
65,115,387,1838,1133,2946,0
65,116,387,1838,786,2901,0
65,117,387,1838,312,1389,0
65,118,387,1838,2476,340,0
65,119,387,1838,2362,2436,0
65,120,387,1838,1679,1396,0
65,121,387,1838,2646,1977,0
65,122,387,1838,1769,2613,0
65,123,387,1838,636,2906,0
65,124,387,1838,2503,2888,0
65,125,387,1838,727,2051,0
65,126,387,1838,339,2092,0
65,127,387,1838,2559,1995,0
65,128,387,1838,1491,2896,0
65,129,387,1838,2256,1576,0
65,130,387,1838,335,2848,0
65,131,387,1838,1279,994,0
65,132,387,1838,191,2042,0
65,133,387,1838,2815,2594,0
65,134,387,1838,1341,659,0
65,135,387,1838,202,1952,1
65,136,387,1838,2049,235,0
65,137,387,1838,949,365,0
65,138,387,1838,442,484,0
65,139,387,1838,1496,989,0
65,140,387,1838,1432,2260,0
65,141,387,1838,378,1386,0
65,142,387,1838,251,778,0
65,143,387,1838,483,113,0
65,144,387,1838,2426,100,0
65,145,387,1838,2388,1563,0
65,146,387,1838,2427,2993,0
65,147,387,1838,1415,940,0
65,148,387,1838,40,1221,0
65,149,387,1838,415,137,0
65,150,387,1838,256,2140,0
65,151,387,1838,90,1522,0
65,152,387,1838,1589,989,0
65,153,387,1838,341,205,0
65,154,387,1838,883,1339,0
65,155,387,1838,280,1464,0
65,156,387,1838,1201,2822,0
65,157,387,1838,2942,1389,0
65,158,387,1838,1138,2750,0
65,159,387,1838,2639,1778,0
65,160,387,1838,662,429,0
65,161,387,1838,652,7,0
65,162,387,1838,2034,2057,0
65,163,387,1838,2854,2051,0
65,164,387,1838,1441,1791,0
65,165,387,1838,2428,256,0
65,166,387,1838,112,2528,0
65,167,387,1838,2873,2538,0
65,168,387,1838,2900,823,0
65,169,387,1838,263,2591,0
65,170,387,1838,486,2698,0
65,171,387,1838,568,150,0
65,172,387,1838,1194,2604,0
65,173,387,1838,1563,2193,0
65,174,387,1838,882,2764,0
65,175,387,1838,1800,2849,0
65,176,387,1838,58,2694,0
65,177,387,1838,2845,282,0
65,178,387,1838,2776,2400,0
65,179,387,1838,2493,1574,0
65,180,387,1838,1075,1910,0
65,181,387,1838,449,428,0
65,182,387,1838,2039,1945,0
65,183,387,1838,2887,271,0
65,184,387,1838,1400,2901,0
65,185,387,1838,2908,1118,0
65,186,387,1838,1650,1604,0
65,187,387,1838,2331,1718,0
65,188,387,1838,1439,133,0
65,189,387,1838,42,79,0
65,190,387,1838,1558,1707,0
65,191,387,1838,177,1143,0
65,192,387,1838,2585,1501,0
65,193,387,1838,888,374,0
65,194,387,1838,263,2834,0
65,195,387,1838,1595,2302,0
66,0,1601,1532,434,320,0
66,1,1601,1532,571,1612,0
66,2,1601,1532,135,2521,0
66,3,1601,1532,1047,2342,0
66,4,1601,1532,1231,1324,0
66,5,1601,1532,675,751,0
66,6,1601,1532,1122,987,0
66,7,1601,1532,242,2916,0
66,8,1601,1532,1743,2319,0
66,9,1601,1532,2618,754,0
66,10,1601,1532,2910,1478,0
66,11,1601,1532,2108,832,0
66,12,1601,1532,2,1143,0
66,13,1601,1532,1115,2279,0
66,14,1601,1532,1977,415,0
66,15,1601,1532,2226,1439,0
66,16,1601,1532,2325,1601,0
66,17,1601,1532,2489,1612,0
66,18,1601,1532,488,2077,0
66,19,1601,1532,1366,798,0
66,20,1601,1532,190,1364,0
66,21,1601,1532,2898,1873,0
66,22,1601,1532,2802,484,0
66,23,1601,1532,1769,1361,0
66,24,1601,1532,1719,2907,0
66,25,1601,1532,203,816,0
66,26,1601,1532,1401,1966,0
66,27,1601,1532,565,2022,0
66,28,1601,1532,2418,1484,0
66,29,1601,1532,2744,2458,0
66,30,1601,1532,2840,2909,0
66,31,1601,1532,2633,2565,0
66,32,1601,1532,2705,1885,0
66,33,1601,1532,2153,2262,0
66,34,1601,1532,387,708,0
66,35,1601,1532,2510,1697,0
66,36,1601,1532,648,2898,0
66,37,1601,1532,652,1817,0
66,38,1601,1532,1578,698,0
66,39,1601,1532,2296,2101,0
66,40,1601,1532,1931,2689,0
66,41,1601,1532,526,1595,0
66,42,1601,1532,2293,1825,0
66,43,1601,1532,533,1404,0
66,44,1601,1532,2655,608,0
66,45,1601,1532,1891,927,0
66,46,1601,1532,362,551,0
66,47,1601,1532,517,432,0
66,48,1601,1532,554,2611,0
66,49,1601,1532,2495,1015,0
66,50,1601,1532,582,952,0
66,51,1601,1532,2325,1655,0
66,52,1601,1532,627,564,0
66,53,1601,1532,118,1718,0
66,54,1601,1532,1703,700,0
66,55,1601,1532,1698,1595,0
66,56,1601,1532,2867,2916,0
66,57,1601,1532,2436,1514,0
66,58,1601,1532,2012,2768,0
66,59,1601,1532,2307,1019,0
66,60,1601,1532,59,2441,0
66,61,1601,1532,1399,1108,0
66,62,1601,1532,2643,1912,0
66,63,1601,1532,2219,2119,0
66,64,1601,1532,2401,2202,0
66,65,1601,1532,387,1838,0
66,67,1601,1532,2837,72,0
66,68,1601,1532,1391,2951,0
66,69,1601,1532,595,1317,0
66,70,1601,1532,2920,540,0
66,71,1601,1532,2816,2465,0
66,72,1601,1532,2231,1907,0
66,73,1601,1532,1470,2429,0
66,74,1601,1532,2847,1382,0
66,75,1601,1532,1398,2370,0
66,76,1601,1532,1762,2756,0
66,77,1601,1532,95,1819,0
66,78,1601,1532,2814,2784,0
66,79,1601,1532,2728,847,0
66,80,1601,1532,1380,2542,0
66,81,1601,1532,1722,2778,0
66,82,1601,1532,2181,2634,0
66,83,1601,1532,2405,2720,0
66,84,1601,1532,2862,2797,0
66,85,1601,1532,598,2000,0
66,86,1601,1532,2675,1916,0
66,87,1601,1532,2094,513,0
66,88,1601,1532,89,2129,0
66,89,1601,1532,1347,973,0
66,90,1601,1532,1412,647,0
66,91,1601,1532,2716,1699,0
66,92,1601,1532,2679,301,0
66,93,1601,1532,2086,1982,0
66,94,1601,1532,750,2399,0
66,95,1601,1532,503,2249,0
66,96,1601,1532,1529,2820,0
66,97,1601,1532,116,1176,0
66,98,1601,1532,692,2813,0
66,99,1601,1532,231,639,0
66,100,1601,1532,2740,2598,0
66,101,1601,1532,224,2208,0
66,102,1601,1532,1683,724,0
66,103,1601,1532,1276,2330,0
66,104,1601,1532,107,933,0
66,105,1601,1532,1480,2153,0
66,106,1601,1532,891,1933,0
66,107,1601,1532,2849,2170,0
66,108,1601,1532,1226,2205,0
66,109,1601,1532,1117,460,0
66,110,1601,1532,1597,111,0
66,111,1601,1532,2174,2704,0
66,112,1601,1532,811,90,0
66,113,1601,1532,260,692,0
66,114,1601,1532,1967,1969,0
66,115,1601,1532,1133,2946,0
66,116,1601,1532,786,2901,0
66,117,1601,1532,312,1389,0
66,118,1601,1532,2476,340,0
66,119,1601,1532,2362,2436,0
66,120,1601,1532,1679,1396,1
66,121,1601,1532,2646,1977,0
66,122,1601,1532,1769,2613,0
66,123,1601,1532,636,2906,0
66,124,1601,1532,2503,2888,0
66,125,1601,1532,727,2051,0
66,126,1601,1532,339,2092,0
66,127,1601,1532,2559,1995,0
66,128,1601,1532,1491,2896,0
66,129,1601,1532,2256,1576,0
66,130,1601,1532,335,2848,0
66,131,1601,1532,1279,994,0
66,132,1601,1532,191,2042,0
66,133,1601,1532,2815,2594,0
66,134,1601,1532,1341,659,0
66,135,1601,1532,202,1952,0
66,136,1601,1532,2049,235,0
66,137,1601,1532,949,365,0
66,138,1601,1532,442,484,0
66,139,1601,1532,1496,989,0
66,140,1601,1532,1432,2260,0
66,141,1601,1532,378,1386,0
66,142,1601,1532,251,778,0
66,143,1601,1532,483,113,0
66,144,1601,1532,2426,100,0
66,145,1601,1532,2388,1563,0
66,146,1601,1532,2427,2993,0
66,147,1601,1532,1415,940,0
66,148,1601,1532,40,1221,0
66,149,1601,1532,415,137,0
66,150,1601,1532,256,2140,0
66,151,1601,1532,90,1522,0
66,152,1601,1532,1589,989,0
66,153,1601,1532,341,205,0
66,154,1601,1532,883,1339,0
66,155,1601,1532,280,1464,0
66,156,1601,1532,1201,2822,0
66,157,1601,1532,2942,1389,0
66,158,1601,1532,1138,2750,0
66,159,1601,1532,2639,1778,0
66,160,1601,1532,662,429,0
66,161,1601,1532,652,7,0
66,162,1601,1532,2034,2057,0
66,163,1601,1532,2854,2051,0
66,164,1601,1532,1441,1791,0
66,165,1601,1532,2428,256,0
66,166,1601,1532,112,2528,0
66,167,1601,1532,2873,2538,0
66,168,1601,1532,2900,823,0
66,169,1601,1532,263,2591,0
66,170,1601,1532,486,2698,0
66,171,1601,1532,568,150,0
66,172,1601,1532,1194,2604,0
66,173,1601,1532,1563,2193,0
66,174,1601,1532,882,2764,0
66,175,1601,1532,1800,2849,0
66,176,1601,1532,58,2694,0
66,177,1601,1532,2845,282,0
66,178,1601,1532,2776,2400,0
66,179,1601,1532,2493,1574,0
66,180,1601,1532,1075,1910,0
66,181,1601,1532,449,428,0
66,182,1601,1532,2039,1945,0
66,183,1601,1532,2887,271,0
66,184,1601,1532,1400,2901,0
66,185,1601,1532,2908,1118,0
66,186,1601,1532,1650,1604,0
66,187,1601,1532,2331,1718,0
66,188,1601,1532,1439,133,0
66,189,1601,1532,42,79,0
66,190,1601,1532,1558,1707,0
66,191,1601,1532,177,1143,0
66,192,1601,1532,2585,1501,0
66,193,1601,1532,888,374,0
66,194,1601,1532,263,2834,0
66,195,1601,1532,1595,2302,0
67,0,2837,72,434,320,0
67,1,2837,72,571,1612,0
67,2,2837,72,135,2521,0
67,3,2837,72,1047,2342,0
67,4,2837,72,1231,1324,0
67,5,2837,72,675,751,0
67,6,2837,72,1122,987,0
67,7,2837,72,242,2916,0
67,8,2837,72,1743,2319,0
67,9,2837,72,2618,754,0
67,10,2837,72,2910,1478,0
67,11,2837,72,2108,832,0
67,12,2837,72,2,1143,0
67,13,2837,72,1115,2279,0
67,14,2837,72,1977,415,0
67,15,2837,72,2226,1439,0
67,16,2837,72,2325,1601,0
67,17,2837,72,2489,1612,0
67,18,2837,72,488,2077,0
67,19,2837,72,1366,798,0
67,20,2837,72,190,1364,0
67,21,2837,72,2898,1873,0
67,22,2837,72,2802,484,0
67,23,2837,72,1769,1361,0
67,24,2837,72,1719,2907,0
67,25,2837,72,203,816,0
67,26,2837,72,1401,1966,0
67,27,2837,72,565,2022,0
67,28,2837,72,2418,1484,0
67,29,2837,72,2744,2458,0
67,30,2837,72,2840,2909,0
67,31,2837,72,2633,2565,0
67,32,2837,72,2705,1885,0
67,33,2837,72,2153,2262,0
67,34,2837,72,387,708,0
67,35,2837,72,2510,1697,0
67,36,2837,72,648,2898,0
67,37,2837,72,652,1817,0
67,38,2837,72,1578,698,0
67,39,2837,72,2296,2101,0
67,40,2837,72,1931,2689,0
67,41,2837,72,526,1595,0
67,42,2837,72,2293,1825,0
67,43,2837,72,533,1404,0
67,44,2837,72,2655,608,0
67,45,2837,72,1891,927,0
67,46,2837,72,362,551,0
67,47,2837,72,517,432,0
67,48,2837,72,554,2611,0
67,49,2837,72,2495,1015,0
67,50,2837,72,582,952,0
67,51,2837,72,2325,1655,0
67,52,2837,72,627,564,0
67,53,2837,72,118,1718,0
67,54,2837,72,1703,700,0
67,55,2837,72,1698,1595,0
67,56,2837,72,2867,2916,0
67,57,2837,72,2436,1514,0
67,58,2837,72,2012,2768,0
67,59,2837,72,2307,1019,0
67,60,2837,72,59,2441,0
67,61,2837,72,1399,1108,0
67,62,2837,72,2643,1912,0
67,63,2837,72,2219,2119,0
67,64,2837,72,2401,2202,0
67,65,2837,72,387,1838,0
67,66,2837,72,1601,1532,0
67,68,2837,72,1391,2951,0
67,69,2837,72,595,1317,0
67,70,2837,72,2920,540,0
67,71,2837,72,2816,2465,0
67,72,2837,72,2231,1907,0
67,73,2837,72,1470,2429,0
67,74,2837,72,2847,1382,0
67,75,2837,72,1398,2370,0
67,76,2837,72,1762,2756,0
67,77,2837,72,95,1819,0
67,78,2837,72,2814,2784,0
67,79,2837,72,2728,847,0
67,80,2837,72,1380,2542,0
67,81,2837,72,1722,2778,0
67,82,2837,72,2181,2634,0
67,83,2837,72,2405,2720,0
67,84,2837,72,2862,2797,0
67,85,2837,72,598,2000,0
67,86,2837,72,2675,1916,0
67,87,2837,72,2094,513,0
67,88,2837,72,89,2129,0
67,89,2837,72,1347,973,0
67,90,2837,72,1412,647,0
67,91,2837,72,2716,1699,0
67,92,2837,72,2679,301,0
67,93,2837,72,2086,1982,0
67,94,2837,72,750,2399,0
67,95,2837,72,503,2249,0
67,96,2837,72,1529,2820,0
67,97,2837,72,116,1176,0
67,98,2837,72,692,2813,0
67,99,2837,72,231,639,0
67,100,2837,72,2740,2598,0
67,101,2837,72,224,2208,0
67,102,2837,72,1683,724,0
67,103,2837,72,1276,2330,0
67,104,2837,72,107,933,0
67,105,2837,72,1480,2153,0
67,106,2837,72,891,1933,0
67,107,2837,72,2849,2170,0
67,108,2837,72,1226,2205,0
67,109,2837,72,1117,460,0
67,110,2837,72,1597,111,0
67,111,2837,72,2174,2704,0
67,112,2837,72,811,90,0
67,113,2837,72,260,692,0
67,114,2837,72,1967,1969,0
67,115,2837,72,1133,2946,0
67,116,2837,72,786,2901,0
67,117,2837,72,312,1389,0
67,118,2837,72,2476,340,0
67,119,2837,72,2362,2436,0
67,120,2837,72,1679,1396,0
67,121,2837,72,2646,1977,0
67,122,2837,72,1769,2613,0
67,123,2837,72,636,2906,0
67,124,2837,72,2503,2888,0
67,125,2837,72,727,2051,0
67,126,2837,72,339,2092,0
67,127,2837,72,2559,1995,0
67,128,2837,72,1491,2896,0
67,129,2837,72,2256,1576,0
67,130,2837,72,335,2848,0
67,131,2837,72,1279,994,0
67,132,2837,72,191,2042,0
67,133,2837,72,2815,2594,0
67,134,2837,72,1341,659,0
67,135,2837,72,202,1952,0
67,136,2837,72,2049,235,0
67,137,2837,72,949,365,0
67,138,2837,72,442,484,0
67,139,2837,72,1496,989,0
67,140,2837,72,1432,2260,0
67,141,2837,72,378,1386,0
67,142,2837,72,251,778,0
67,143,2837,72,483,113,0
67,144,2837,72,2426,100,0
67,145,2837,72,2388,1563,0
67,146,2837,72,2427,2993,0
67,147,2837,72,1415,940,0
67,148,2837,72,40,1221,0
67,149,2837,72,415,137,0
67,150,2837,72,256,2140,0
67,151,2837,72,90,1522,0
67,152,2837,72,1589,989,0
67,153,2837,72,341,205,0
67,154,2837,72,883,1339,0
67,155,2837,72,280,1464,0
67,156,2837,72,1201,2822,0
67,157,2837,72,2942,1389,0
67,158,2837,72,1138,2750,0
67,159,2837,72,2639,1778,0
67,160,2837,72,662,429,0
67,161,2837,72,652,7,0
67,162,2837,72,2034,2057,0
67,163,2837,72,2854,2051,0
67,164,2837,72,1441,1791,0
67,165,2837,72,2428,256,0
67,166,2837,72,112,2528,0
67,167,2837,72,2873,2538,0
67,168,2837,72,2900,823,0
67,169,2837,72,263,2591,0
67,170,2837,72,486,2698,0
67,171,2837,72,568,150,0
67,172,2837,72,1194,2604,0
67,173,2837,72,1563,2193,0
67,174,2837,72,882,2764,0
67,175,2837,72,1800,2849,0
67,176,2837,72,58,2694,0
67,177,2837,72,2845,282,0
67,178,2837,72,2776,2400,0
67,179,2837,72,2493,1574,0
67,180,2837,72,1075,1910,0
67,181,2837,72,449,428,0
67,182,2837,72,2039,1945,0
67,183,2837,72,2887,271,1
67,184,2837,72,1400,2901,0
67,185,2837,72,2908,1118,0
67,186,2837,72,1650,1604,0
67,187,2837,72,2331,1718,0
67,188,2837,72,1439,133,0
67,189,2837,72,42,79,0
67,190,2837,72,1558,1707,0
67,191,2837,72,177,1143,0
67,192,2837,72,2585,1501,0
67,193,2837,72,888,374,0
67,194,2837,72,263,2834,0
67,195,2837,72,1595,2302,0
68,0,1391,2951,434,320,0
68,1,1391,2951,571,1612,0
68,2,1391,2951,135,2521,0
68,3,1391,2951,1047,2342,0
68,4,1391,2951,1231,1324,0
68,5,1391,2951,675,751,0
68,6,1391,2951,1122,987,0
68,7,1391,2951,242,2916,0
68,8,1391,2951,1743,2319,0
68,9,1391,2951,2618,754,0
68,10,1391,2951,2910,1478,0
68,11,1391,2951,2108,832,0
68,12,1391,2951,2,1143,0
68,13,1391,2951,1115,2279,0
68,14,1391,2951,1977,415,0
68,15,1391,2951,2226,1439,0
68,16,1391,2951,2325,1601,0
68,17,1391,2951,2489,1612,0
68,18,1391,2951,488,2077,0
68,19,1391,2951,1366,798,0
68,20,1391,2951,190,1364,0
68,21,1391,2951,2898,1873,0
68,22,1391,2951,2802,484,0
68,23,1391,2951,1769,1361,0
68,24,1391,2951,1719,2907,0
68,25,1391,2951,203,816,0
68,26,1391,2951,1401,1966,0
68,27,1391,2951,565,2022,0
68,28,1391,2951,2418,1484,0
68,29,1391,2951,2744,2458,0
68,30,1391,2951,2840,2909,0
68,31,1391,2951,2633,2565,0
68,32,1391,2951,2705,1885,0
68,33,1391,2951,2153,2262,0
68,34,1391,2951,387,708,0
68,35,1391,2951,2510,1697,0
68,36,1391,2951,648,2898,0
68,37,1391,2951,652,1817,0
68,38,1391,2951,1578,698,0
68,39,1391,2951,2296,2101,0
68,40,1391,2951,1931,2689,0
68,41,1391,2951,526,1595,0
68,42,1391,2951,2293,1825,0
68,43,1391,2951,533,1404,0
68,44,1391,2951,2655,608,0
68,45,1391,2951,1891,927,0
68,46,1391,2951,362,551,0
68,47,1391,2951,517,432,0
68,48,1391,2951,554,2611,0
68,49,1391,2951,2495,1015,0
68,50,1391,2951,582,952,0
68,51,1391,2951,2325,1655,0
68,52,1391,2951,627,564,0
68,53,1391,2951,118,1718,0
68,54,1391,2951,1703,700,0
68,55,1391,2951,1698,1595,0
68,56,1391,2951,2867,2916,0
68,57,1391,2951,2436,1514,0
68,58,1391,2951,2012,2768,0
68,59,1391,2951,2307,1019,0
68,60,1391,2951,59,2441,0
68,61,1391,2951,1399,1108,0
68,62,1391,2951,2643,1912,0
68,63,1391,2951,2219,2119,0
68,64,1391,2951,2401,2202,0
68,65,1391,2951,387,1838,0
68,66,1391,2951,1601,1532,0
68,67,1391,2951,2837,72,0
68,69,1391,2951,595,1317,0
68,70,1391,2951,2920,540,0
68,71,1391,2951,2816,2465,0
68,72,1391,2951,2231,1907,0
68,73,1391,2951,1470,2429,0
68,74,1391,2951,2847,1382,0
68,75,1391,2951,1398,2370,0
68,76,1391,2951,1762,2756,0
68,77,1391,2951,95,1819,0
68,78,1391,2951,2814,2784,0
68,79,1391,2951,2728,847,0
68,80,1391,2951,1380,2542,0
68,81,1391,2951,1722,2778,0
68,82,1391,2951,2181,2634,0
68,83,1391,2951,2405,2720,0
68,84,1391,2951,2862,2797,0
68,85,1391,2951,598,2000,0
68,86,1391,2951,2675,1916,0
68,87,1391,2951,2094,513,0
68,88,1391,2951,89,2129,0
68,89,1391,2951,1347,973,0
68,90,1391,2951,1412,647,0
68,91,1391,2951,2716,1699,0
68,92,1391,2951,2679,301,0
68,93,1391,2951,2086,1982,0
68,94,1391,2951,750,2399,0
68,95,1391,2951,503,2249,0
68,96,1391,2951,1529,2820,0
68,97,1391,2951,116,1176,0
68,98,1391,2951,692,2813,0
68,99,1391,2951,231,639,0
68,100,1391,2951,2740,2598,0
68,101,1391,2951,224,2208,0
68,102,1391,2951,1683,724,0
68,103,1391,2951,1276,2330,0
68,104,1391,2951,107,933,0
68,105,1391,2951,1480,2153,0
68,106,1391,2951,891,1933,0
68,107,1391,2951,2849,2170,0
68,108,1391,2951,1226,2205,0
68,109,1391,2951,1117,460,0
68,110,1391,2951,1597,111,0
68,111,1391,2951,2174,2704,0
68,112,1391,2951,811,90,0
68,113,1391,2951,260,692,0
68,114,1391,2951,1967,1969,0
68,115,1391,2951,1133,2946,1
68,116,1391,2951,786,2901,0
68,117,1391,2951,312,1389,0
68,118,1391,2951,2476,340,0
68,119,1391,2951,2362,2436,0
68,120,1391,2951,1679,1396,0
68,121,1391,2951,2646,1977,0
68,122,1391,2951,1769,2613,0
68,123,1391,2951,636,2906,0
68,124,1391,2951,2503,2888,0
68,125,1391,2951,727,2051,0
68,126,1391,2951,339,2092,0
68,127,1391,2951,2559,1995,0
68,128,1391,2951,1491,2896,0
68,129,1391,2951,2256,1576,0
68,130,1391,2951,335,2848,0
68,131,1391,2951,1279,994,0
68,132,1391,2951,191,2042,0
68,133,1391,2951,2815,2594,0
68,134,1391,2951,1341,659,0
68,135,1391,2951,202,1952,0
68,136,1391,2951,2049,235,0
68,137,1391,2951,949,365,0
68,138,1391,2951,442,484,0
68,139,1391,2951,1496,989,0
68,140,1391,2951,1432,2260,0
68,141,1391,2951,378,1386,0
68,142,1391,2951,251,778,0
68,143,1391,2951,483,113,0
68,144,1391,2951,2426,100,0
68,145,1391,2951,2388,1563,0
68,146,1391,2951,2427,2993,0
68,147,1391,2951,1415,940,0
68,148,1391,2951,40,1221,0
68,149,1391,2951,415,137,0
68,150,1391,2951,256,2140,0
68,151,1391,2951,90,1522,0
68,152,1391,2951,1589,989,0
68,153,1391,2951,341,205,0
68,154,1391,2951,883,1339,0
68,155,1391,2951,280,1464,0
68,156,1391,2951,1201,2822,0
68,157,1391,2951,2942,1389,0
68,158,1391,2951,1138,2750,0
68,159,1391,2951,2639,1778,0
68,160,1391,2951,662,429,0
68,161,1391,2951,652,7,0
68,162,1391,2951,2034,2057,0
68,163,1391,2951,2854,2051,0
68,164,1391,2951,1441,1791,0
68,165,1391,2951,2428,256,0
68,166,1391,2951,112,2528,0
68,167,1391,2951,2873,2538,0
68,168,1391,2951,2900,823,0
68,169,1391,2951,263,2591,0
68,170,1391,2951,486,2698,0
68,171,1391,2951,568,150,0
68,172,1391,2951,1194,2604,0
68,173,1391,2951,1563,2193,0
68,174,1391,2951,882,2764,0
68,175,1391,2951,1800,2849,0
68,176,1391,2951,58,2694,0
68,177,1391,2951,2845,282,0
68,178,1391,2951,2776,2400,0
68,179,1391,2951,2493,1574,0
68,180,1391,2951,1075,1910,0
68,181,1391,2951,449,428,0
68,182,1391,2951,2039,1945,0
68,183,1391,2951,2887,271,0
68,184,1391,2951,1400,2901,0
68,185,1391,2951,2908,1118,0
68,186,1391,2951,1650,1604,0
68,187,1391,2951,2331,1718,0
68,188,1391,2951,1439,133,0
68,189,1391,2951,42,79,0
68,190,1391,2951,1558,1707,0
68,191,1391,2951,177,1143,0
68,192,1391,2951,2585,1501,0
68,193,1391,2951,888,374,0
68,194,1391,2951,263,2834,0
68,195,1391,2951,1595,2302,0
69,0,595,1317,434,320,0
69,1,595,1317,571,1612,0
69,2,595,1317,135,2521,0
69,3,595,1317,1047,2342,0
69,4,595,1317,1231,1324,0
69,5,595,1317,675,751,0
69,6,595,1317,1122,987,0
69,7,595,1317,242,2916,0
69,8,595,1317,1743,2319,0
69,9,595,1317,2618,754,0
69,10,595,1317,2910,1478,0
69,11,595,1317,2108,832,0
69,12,595,1317,2,1143,0
69,13,595,1317,1115,2279,0
69,14,595,1317,1977,415,0
69,15,595,1317,2226,1439,0
69,16,595,1317,2325,1601,0
69,17,595,1317,2489,1612,0
69,18,595,1317,488,2077,0
69,19,595,1317,1366,798,0
69,20,595,1317,190,1364,0
69,21,595,1317,2898,1873,0
69,22,595,1317,2802,484,0
69,23,595,1317,1769,1361,0
69,24,595,1317,1719,2907,0
69,25,595,1317,203,816,0
69,26,595,1317,1401,1966,0
69,27,595,1317,565,2022,0
69,28,595,1317,2418,1484,0
69,29,595,1317,2744,2458,0
69,30,595,1317,2840,2909,0
69,31,595,1317,2633,2565,0
69,32,595,1317,2705,1885,0
69,33,595,1317,2153,2262,0
69,34,595,1317,387,708,0
69,35,595,1317,2510,1697,0
69,36,595,1317,648,2898,0
69,37,595,1317,652,1817,0
69,38,595,1317,1578,698,0
69,39,595,1317,2296,2101,0
69,40,595,1317,1931,2689,0
69,41,595,1317,526,1595,0
69,42,595,1317,2293,1825,0
69,43,595,1317,533,1404,1
69,44,595,1317,2655,608,0
69,45,595,1317,1891,927,0
69,46,595,1317,362,551,0
69,47,595,1317,517,432,0
69,48,595,1317,554,2611,0
69,49,595,1317,2495,1015,0
69,50,595,1317,582,952,0
69,51,595,1317,2325,1655,0
69,52,595,1317,627,564,0
69,53,595,1317,118,1718,0
69,54,595,1317,1703,700,0
69,55,595,1317,1698,1595,0
69,56,595,1317,2867,2916,0
69,57,595,1317,2436,1514,0
69,58,595,1317,2012,2768,0
69,59,595,1317,2307,1019,0
69,60,595,1317,59,2441,0
69,61,595,1317,1399,1108,0
69,62,595,1317,2643,1912,0
69,63,595,1317,2219,2119,0
69,64,595,1317,2401,2202,0
69,65,595,1317,387,1838,0
69,66,595,1317,1601,1532,0
69,67,595,1317,2837,72,0
69,68,595,1317,1391,2951,0
69,70,595,1317,2920,540,0
69,71,595,1317,2816,2465,0
69,72,595,1317,2231,1907,0
69,73,595,1317,1470,2429,0
69,74,595,1317,2847,1382,0
69,75,595,1317,1398,2370,0
69,76,595,1317,1762,2756,0
69,77,595,1317,95,1819,0
69,78,595,1317,2814,2784,0
69,79,595,1317,2728,847,0
69,80,595,1317,1380,2542,0
69,81,595,1317,1722,2778,0
69,82,595,1317,2181,2634,0
69,83,595,1317,2405,2720,0
69,84,595,1317,2862,2797,0
69,85,595,1317,598,2000,0
69,86,595,1317,2675,1916,0
69,87,595,1317,2094,513,0
69,88,595,1317,89,2129,0
69,89,595,1317,1347,973,0
69,90,595,1317,1412,647,0
69,91,595,1317,2716,1699,0
69,92,595,1317,2679,301,0
69,93,595,1317,2086,1982,0
69,94,595,1317,750,2399,0
69,95,595,1317,503,2249,0
69,96,595,1317,1529,2820,0
69,97,595,1317,116,1176,0
69,98,595,1317,692,2813,0
69,99,595,1317,231,639,0
69,100,595,1317,2740,2598,0
69,101,595,1317,224,2208,0
69,102,595,1317,1683,724,0
69,103,595,1317,1276,2330,0
69,104,595,1317,107,933,0
69,105,595,1317,1480,2153,0
69,106,595,1317,891,1933,0
69,107,595,1317,2849,2170,0
69,108,595,1317,1226,2205,0
69,109,595,1317,1117,460,0
69,110,595,1317,1597,111,0
69,111,595,1317,2174,2704,0
69,112,595,1317,811,90,0
69,113,595,1317,260,692,0
69,114,595,1317,1967,1969,0
69,115,595,1317,1133,2946,0
69,116,595,1317,786,2901,0
69,117,595,1317,312,1389,0
69,118,595,1317,2476,340,0
69,119,595,1317,2362,2436,0
69,120,595,1317,1679,1396,0
69,121,595,1317,2646,1977,0
69,122,595,1317,1769,2613,0
69,123,595,1317,636,2906,0
69,124,595,1317,2503,2888,0
69,125,595,1317,727,2051,0
69,126,595,1317,339,2092,0
69,127,595,1317,2559,1995,0
69,128,595,1317,1491,2896,0
69,129,595,1317,2256,1576,0
69,130,595,1317,335,2848,0
69,131,595,1317,1279,994,0
69,132,595,1317,191,2042,0
69,133,595,1317,2815,2594,0
69,134,595,1317,1341,659,0
69,135,595,1317,202,1952,0
69,136,595,1317,2049,235,0
69,137,595,1317,949,365,0
69,138,595,1317,442,484,0
69,139,595,1317,1496,989,0
69,140,595,1317,1432,2260,0
69,141,595,1317,378,1386,0
69,142,595,1317,251,778,0
69,143,595,1317,483,113,0
69,144,595,1317,2426,100,0
69,145,595,1317,2388,1563,0
69,146,595,1317,2427,2993,0
69,147,595,1317,1415,940,0
69,148,595,1317,40,1221,0
69,149,595,1317,415,137,0
69,150,595,1317,256,2140,0
69,151,595,1317,90,1522,0
69,152,595,1317,1589,989,0
69,153,595,1317,341,205,0
69,154,595,1317,883,1339,0
69,155,595,1317,280,1464,0
69,156,595,1317,1201,2822,0
69,157,595,1317,2942,1389,0
69,158,595,1317,1138,2750,0
69,159,595,1317,2639,1778,0
69,160,595,1317,662,429,0
69,161,595,1317,652,7,0
69,162,595,1317,2034,2057,0
69,163,595,1317,2854,2051,0
69,164,595,1317,1441,1791,0
69,165,595,1317,2428,256,0
69,166,595,1317,112,2528,0
69,167,595,1317,2873,2538,0
69,168,595,1317,2900,823,0
69,169,595,1317,263,2591,0
69,170,595,1317,486,2698,0
69,171,595,1317,568,150,0
69,172,595,1317,1194,2604,0
69,173,595,1317,1563,2193,0
69,174,595,1317,882,2764,0
69,175,595,1317,1800,2849,0
69,176,595,1317,58,2694,0
69,177,595,1317,2845,282,0
69,178,595,1317,2776,2400,0
69,179,595,1317,2493,1574,0
69,180,595,1317,1075,1910,0
69,181,595,1317,449,428,0
69,182,595,1317,2039,1945,0
69,183,595,1317,2887,271,0
69,184,595,1317,1400,2901,0
69,185,595,1317,2908,1118,0
69,186,595,1317,1650,1604,0
69,187,595,1317,2331,1718,0
69,188,595,1317,1439,133,0
69,189,595,1317,42,79,0
69,190,595,1317,1558,1707,0
69,191,595,1317,177,1143,0
69,192,595,1317,2585,1501,0
69,193,595,1317,888,374,0
69,194,595,1317,263,2834,0
69,195,595,1317,1595,2302,0
70,0,2920,540,434,320,0
70,1,2920,540,571,1612,0
70,2,2920,540,135,2521,0
70,3,2920,540,1047,2342,0
70,4,2920,540,1231,1324,0
70,5,2920,540,675,751,0
70,6,2920,540,1122,987,0
70,7,2920,540,242,2916,0
70,8,2920,540,1743,2319,0
70,9,2920,540,2618,754,0
70,10,2920,540,2910,1478,0
70,11,2920,540,2108,832,0
70,12,2920,540,2,1143,0
70,13,2920,540,1115,2279,0
70,14,2920,540,1977,415,0
70,15,2920,540,2226,1439,0
70,16,2920,540,2325,1601,0
70,17,2920,540,2489,1612,0
70,18,2920,540,488,2077,0
70,19,2920,540,1366,798,0
70,20,2920,540,190,1364,0
70,21,2920,540,2898,1873,0
70,22,2920,540,2802,484,0
70,23,2920,540,1769,1361,0
70,24,2920,540,1719,2907,0
70,25,2920,540,203,816,0
70,26,2920,540,1401,1966,0
70,27,2920,540,565,2022,0
70,28,2920,540,2418,1484,0
70,29,2920,540,2744,2458,0
70,30,2920,540,2840,2909,0
70,31,2920,540,2633,2565,0
70,32,2920,540,2705,1885,0
70,33,2920,540,2153,2262,0
70,34,2920,540,387,708,0
70,35,2920,540,2510,1697,0
70,36,2920,540,648,2898,0
70,37,2920,540,652,1817,0
70,38,2920,540,1578,698,0
70,39,2920,540,2296,2101,0
70,40,2920,540,1931,2689,0
70,41,2920,540,526,1595,0
70,42,2920,540,2293,1825,0
70,43,2920,540,533,1404,0
70,44,2920,540,2655,608,0
70,45,2920,540,1891,927,0
70,46,2920,540,362,551,0
70,47,2920,540,517,432,0
70,48,2920,540,554,2611,0
70,49,2920,540,2495,1015,0
70,50,2920,540,582,952,0
70,51,2920,540,2325,1655,0
70,52,2920,540,627,564,0
70,53,2920,540,118,1718,0
70,54,2920,540,1703,700,0
70,55,2920,540,1698,1595,0
70,56,2920,540,2867,2916,0
70,57,2920,540,2436,1514,0
70,58,2920,540,2012,2768,0
70,59,2920,540,2307,1019,0
70,60,2920,540,59,2441,0
70,61,2920,540,1399,1108,0
70,62,2920,540,2643,1912,0
70,63,2920,540,2219,2119,0
70,64,2920,540,2401,2202,0
70,65,2920,540,387,1838,0
70,66,2920,540,1601,1532,0
70,67,2920,540,2837,72,0
70,68,2920,540,1391,2951,0
70,69,2920,540,595,1317,0
70,71,2920,540,2816,2465,0
70,72,2920,540,2231,1907,0
70,73,2920,540,1470,2429,0
70,74,2920,540,2847,1382,0
70,75,2920,540,1398,2370,0
70,76,2920,540,1762,2756,0
70,77,2920,540,95,1819,0
70,78,2920,540,2814,2784,0
70,79,2920,540,2728,847,0
70,80,2920,540,1380,2542,0
70,81,2920,540,1722,2778,0
70,82,2920,540,2181,2634,0
70,83,2920,540,2405,2720,0
70,84,2920,540,2862,2797,0
70,85,2920,540,598,2000,0
70,86,2920,540,2675,1916,0
70,87,2920,540,2094,513,0
70,88,2920,540,89,2129,0
70,89,2920,540,1347,973,0
70,90,2920,540,1412,647,0
70,91,2920,540,2716,1699,0
70,92,2920,540,2679,301,0
70,93,2920,540,2086,1982,0
70,94,2920,540,750,2399,0
70,95,2920,540,503,2249,0
70,96,2920,540,1529,2820,0
70,97,2920,540,116,1176,0
70,98,2920,540,692,2813,0
70,99,2920,540,231,639,0
70,100,2920,540,2740,2598,0
70,101,2920,540,224,2208,0
70,102,2920,540,1683,724,0
70,103,2920,540,1276,2330,0
70,104,2920,540,107,933,0
70,105,2920,540,1480,2153,0
70,106,2920,540,891,1933,0
70,107,2920,540,2849,2170,0
70,108,2920,540,1226,2205,0
70,109,2920,540,1117,460,0
70,110,2920,540,1597,111,0
70,111,2920,540,2174,2704,0
70,112,2920,540,811,90,0
70,113,2920,540,260,692,0
70,114,2920,540,1967,1969,0
70,115,2920,540,1133,2946,0
70,116,2920,540,786,2901,0
70,117,2920,540,312,1389,0
70,118,2920,540,2476,340,0
70,119,2920,540,2362,2436,0
70,120,2920,540,1679,1396,0
70,121,2920,540,2646,1977,0
70,122,2920,540,1769,2613,0
70,123,2920,540,636,2906,0
70,124,2920,540,2503,2888,0
70,125,2920,540,727,2051,0
70,126,2920,540,339,2092,0
70,127,2920,540,2559,1995,0
70,128,2920,540,1491,2896,0
70,129,2920,540,2256,1576,0
70,130,2920,540,335,2848,0
70,131,2920,540,1279,994,0
70,132,2920,540,191,2042,0
70,133,2920,540,2815,2594,0
70,134,2920,540,1341,659,0
70,135,2920,540,202,1952,0
70,136,2920,540,2049,235,0
70,137,2920,540,949,365,0
70,138,2920,540,442,484,0
70,139,2920,540,1496,989,0
70,140,2920,540,1432,2260,0
70,141,2920,540,378,1386,0
70,142,2920,540,251,778,0
70,143,2920,540,483,113,0
70,144,2920,540,2426,100,0
70,145,2920,540,2388,1563,0
70,146,2920,540,2427,2993,0
70,147,2920,540,1415,940,0
70,148,2920,540,40,1221,0
70,149,2920,540,415,137,0
70,150,2920,540,256,2140,0
70,151,2920,540,90,1522,0
70,152,2920,540,1589,989,0
70,153,2920,540,341,205,0
70,154,2920,540,883,1339,0
70,155,2920,540,280,1464,0
70,156,2920,540,1201,2822,0
70,157,2920,540,2942,1389,0
70,158,2920,540,1138,2750,0
70,159,2920,540,2639,1778,0
70,160,2920,540,662,429,0
70,161,2920,540,652,7,0
70,162,2920,540,2034,2057,0
70,163,2920,540,2854,2051,0
70,164,2920,540,1441,1791,0
70,165,2920,540,2428,256,0
70,166,2920,540,112,2528,0
70,167,2920,540,2873,2538,0
70,168,2920,540,2900,823,1
70,169,2920,540,263,2591,0
70,170,2920,540,486,2698,0
70,171,2920,540,568,150,0
70,172,2920,540,1194,2604,0
70,173,2920,540,1563,2193,0
70,174,2920,540,882,2764,0
70,175,2920,540,1800,2849,0
70,176,2920,540,58,2694,0
70,177,2920,540,2845,282,0
70,178,2920,540,2776,2400,0
70,179,2920,540,2493,1574,0
70,180,2920,540,1075,1910,0
70,181,2920,540,449,428,0
70,182,2920,540,2039,1945,0
70,183,2920,540,2887,271,0
70,184,2920,540,1400,2901,0
70,185,2920,540,2908,1118,0
70,186,2920,540,1650,1604,0
70,187,2920,540,2331,1718,0
70,188,2920,540,1439,133,0
70,189,2920,540,42,79,0
70,190,2920,540,1558,1707,0
70,191,2920,540,177,1143,0
70,192,2920,540,2585,1501,0
70,193,2920,540,888,374,0
70,194,2920,540,263,2834,0
70,195,2920,540,1595,2302,0
71,0,2816,2465,434,320,0
71,1,2816,2465,571,1612,0
71,2,2816,2465,135,2521,0
71,3,2816,2465,1047,2342,0
71,4,2816,2465,1231,1324,0
71,5,2816,2465,675,751,0
71,6,2816,2465,1122,987,0
71,7,2816,2465,242,2916,0
71,8,2816,2465,1743,2319,0
71,9,2816,2465,2618,754,0
71,10,2816,2465,2910,1478,0
71,11,2816,2465,2108,832,0
71,12,2816,2465,2,1143,0
71,13,2816,2465,1115,2279,0
71,14,2816,2465,1977,415,0
71,15,2816,2465,2226,1439,0
71,16,2816,2465,2325,1601,0
71,17,2816,2465,2489,1612,0
71,18,2816,2465,488,2077,0
71,19,2816,2465,1366,798,0
71,20,2816,2465,190,1364,0
71,21,2816,2465,2898,1873,0
71,22,2816,2465,2802,484,0
71,23,2816,2465,1769,1361,0
71,24,2816,2465,1719,2907,0
71,25,2816,2465,203,816,0
71,26,2816,2465,1401,1966,0
71,27,2816,2465,565,2022,0
71,28,2816,2465,2418,1484,0
71,29,2816,2465,2744,2458,0
71,30,2816,2465,2840,2909,0
71,31,2816,2465,2633,2565,0
71,32,2816,2465,2705,1885,0
71,33,2816,2465,2153,2262,0
71,34,2816,2465,387,708,0
71,35,2816,2465,2510,1697,0
71,36,2816,2465,648,2898,0
71,37,2816,2465,652,1817,0
71,38,2816,2465,1578,698,0
71,39,2816,2465,2296,2101,0
71,40,2816,2465,1931,2689,0
71,41,2816,2465,526,1595,0
71,42,2816,2465,2293,1825,0
71,43,2816,2465,533,1404,0
71,44,2816,2465,2655,608,0
71,45,2816,2465,1891,927,0
71,46,2816,2465,362,551,0
71,47,2816,2465,517,432,0
71,48,2816,2465,554,2611,0
71,49,2816,2465,2495,1015,0
71,50,2816,2465,582,952,0
71,51,2816,2465,2325,1655,0
71,52,2816,2465,627,564,0
71,53,2816,2465,118,1718,0
71,54,2816,2465,1703,700,0
71,55,2816,2465,1698,1595,0
71,56,2816,2465,2867,2916,0
71,57,2816,2465,2436,1514,0
71,58,2816,2465,2012,2768,0
71,59,2816,2465,2307,1019,0
71,60,2816,2465,59,2441,0
71,61,2816,2465,1399,1108,0
71,62,2816,2465,2643,1912,0
71,63,2816,2465,2219,2119,0
71,64,2816,2465,2401,2202,0
71,65,2816,2465,387,1838,0
71,66,2816,2465,1601,1532,0
71,67,2816,2465,2837,72,0
71,68,2816,2465,1391,2951,0
71,69,2816,2465,595,1317,0
71,70,2816,2465,2920,540,0
71,72,2816,2465,2231,1907,0
71,73,2816,2465,1470,2429,0
71,74,2816,2465,2847,1382,0
71,75,2816,2465,1398,2370,0
71,76,2816,2465,1762,2756,0
71,77,2816,2465,95,1819,0
71,78,2816,2465,2814,2784,0
71,79,2816,2465,2728,847,0
71,80,2816,2465,1380,2542,0
71,81,2816,2465,1722,2778,0
71,82,2816,2465,2181,2634,0
71,83,2816,2465,2405,2720,0
71,84,2816,2465,2862,2797,0
71,85,2816,2465,598,2000,0
71,86,2816,2465,2675,1916,0
71,87,2816,2465,2094,513,0
71,88,2816,2465,89,2129,0
71,89,2816,2465,1347,973,0
71,90,2816,2465,1412,647,0
71,91,2816,2465,2716,1699,0
71,92,2816,2465,2679,301,0
71,93,2816,2465,2086,1982,0
71,94,2816,2465,750,2399,0
71,95,2816,2465,503,2249,0
71,96,2816,2465,1529,2820,0
71,97,2816,2465,116,1176,0
71,98,2816,2465,692,2813,0
71,99,2816,2465,231,639,0
71,100,2816,2465,2740,2598,0
71,101,2816,2465,224,2208,0
71,102,2816,2465,1683,724,0
71,103,2816,2465,1276,2330,0
71,104,2816,2465,107,933,0
71,105,2816,2465,1480,2153,0
71,106,2816,2465,891,1933,0
71,107,2816,2465,2849,2170,0
71,108,2816,2465,1226,2205,0
71,109,2816,2465,1117,460,0
71,110,2816,2465,1597,111,0
71,111,2816,2465,2174,2704,0
71,112,2816,2465,811,90,0
71,113,2816,2465,260,692,0
71,114,2816,2465,1967,1969,0
71,115,2816,2465,1133,2946,0
71,116,2816,2465,786,2901,0
71,117,2816,2465,312,1389,0
71,118,2816,2465,2476,340,0
71,119,2816,2465,2362,2436,0
71,120,2816,2465,1679,1396,0
71,121,2816,2465,2646,1977,0
71,122,2816,2465,1769,2613,0
71,123,2816,2465,636,2906,0
71,124,2816,2465,2503,2888,0
71,125,2816,2465,727,2051,0
71,126,2816,2465,339,2092,0
71,127,2816,2465,2559,1995,0
71,128,2816,2465,1491,2896,0
71,129,2816,2465,2256,1576,0
71,130,2816,2465,335,2848,0
71,131,2816,2465,1279,994,0
71,132,2816,2465,191,2042,0
71,133,2816,2465,2815,2594,0
71,134,2816,2465,1341,659,0
71,135,2816,2465,202,1952,0
71,136,2816,2465,2049,235,0
71,137,2816,2465,949,365,0
71,138,2816,2465,442,484,0
71,139,2816,2465,1496,989,0
71,140,2816,2465,1432,2260,0
71,141,2816,2465,378,1386,0
71,142,2816,2465,251,778,0
71,143,2816,2465,483,113,0
71,144,2816,2465,2426,100,0
71,145,2816,2465,2388,1563,0
71,146,2816,2465,2427,2993,0
71,147,2816,2465,1415,940,0
71,148,2816,2465,40,1221,0
71,149,2816,2465,415,137,0
71,150,2816,2465,256,2140,0
71,151,2816,2465,90,1522,0
71,152,2816,2465,1589,989,0
71,153,2816,2465,341,205,0
71,154,2816,2465,883,1339,0
71,155,2816,2465,280,1464,0
71,156,2816,2465,1201,2822,0
71,157,2816,2465,2942,1389,0
71,158,2816,2465,1138,2750,0
71,159,2816,2465,2639,1778,0
71,160,2816,2465,662,429,0
71,161,2816,2465,652,7,0
71,162,2816,2465,2034,2057,0
71,163,2816,2465,2854,2051,0
71,164,2816,2465,1441,1791,0
71,165,2816,2465,2428,256,0
71,166,2816,2465,112,2528,0
71,167,2816,2465,2873,2538,1
71,168,2816,2465,2900,823,0
71,169,2816,2465,263,2591,0
71,170,2816,2465,486,2698,0
71,171,2816,2465,568,150,0
71,172,2816,2465,1194,2604,0
71,173,2816,2465,1563,2193,0
71,174,2816,2465,882,2764,0
71,175,2816,2465,1800,2849,0
71,176,2816,2465,58,2694,0
71,177,2816,2465,2845,282,0
71,178,2816,2465,2776,2400,0
71,179,2816,2465,2493,1574,0
71,180,2816,2465,1075,1910,0
71,181,2816,2465,449,428,0
71,182,2816,2465,2039,1945,0
71,183,2816,2465,2887,271,0
71,184,2816,2465,1400,2901,0
71,185,2816,2465,2908,1118,0
71,186,2816,2465,1650,1604,0
71,187,2816,2465,2331,1718,0
71,188,2816,2465,1439,133,0
71,189,2816,2465,42,79,0
71,190,2816,2465,1558,1707,0
71,191,2816,2465,177,1143,0
71,192,2816,2465,2585,1501,0
71,193,2816,2465,888,374,0
71,194,2816,2465,263,2834,0
71,195,2816,2465,1595,2302,0
72,0,2231,1907,434,320,0
72,1,2231,1907,571,1612,0
72,2,2231,1907,135,2521,0
72,3,2231,1907,1047,2342,0
72,4,2231,1907,1231,1324,0
72,5,2231,1907,675,751,0
72,6,2231,1907,1122,987,0
72,7,2231,1907,242,2916,0
72,8,2231,1907,1743,2319,0
72,9,2231,1907,2618,754,0
72,10,2231,1907,2910,1478,0
72,11,2231,1907,2108,832,0
72,12,2231,1907,2,1143,0
72,13,2231,1907,1115,2279,0
72,14,2231,1907,1977,415,0
72,15,2231,1907,2226,1439,0
72,16,2231,1907,2325,1601,0
72,17,2231,1907,2489,1612,0
72,18,2231,1907,488,2077,0
72,19,2231,1907,1366,798,0
72,20,2231,1907,190,1364,0
72,21,2231,1907,2898,1873,0
72,22,2231,1907,2802,484,0
72,23,2231,1907,1769,1361,0
72,24,2231,1907,1719,2907,0
72,25,2231,1907,203,816,0
72,26,2231,1907,1401,1966,0
72,27,2231,1907,565,2022,0
72,28,2231,1907,2418,1484,0
72,29,2231,1907,2744,2458,0
72,30,2231,1907,2840,2909,0
72,31,2231,1907,2633,2565,0
72,32,2231,1907,2705,1885,0
72,33,2231,1907,2153,2262,0
72,34,2231,1907,387,708,0
72,35,2231,1907,2510,1697,0
72,36,2231,1907,648,2898,0
72,37,2231,1907,652,1817,0
72,38,2231,1907,1578,698,0
72,39,2231,1907,2296,2101,0
72,40,2231,1907,1931,2689,0
72,41,2231,1907,526,1595,0
72,42,2231,1907,2293,1825,0
72,43,2231,1907,533,1404,0
72,44,2231,1907,2655,608,0
72,45,2231,1907,1891,927,0
72,46,2231,1907,362,551,0
72,47,2231,1907,517,432,0
72,48,2231,1907,554,2611,0
72,49,2231,1907,2495,1015,0
72,50,2231,1907,582,952,0
72,51,2231,1907,2325,1655,0
72,52,2231,1907,627,564,0
72,53,2231,1907,118,1718,0
72,54,2231,1907,1703,700,0
72,55,2231,1907,1698,1595,0
72,56,2231,1907,2867,2916,0
72,57,2231,1907,2436,1514,0
72,58,2231,1907,2012,2768,0
72,59,2231,1907,2307,1019,0
72,60,2231,1907,59,2441,0
72,61,2231,1907,1399,1108,0
72,62,2231,1907,2643,1912,0
72,63,2231,1907,2219,2119,0
72,64,2231,1907,2401,2202,0
72,65,2231,1907,387,1838,0
72,66,2231,1907,1601,1532,0
72,67,2231,1907,2837,72,0
72,68,2231,1907,1391,2951,0
72,69,2231,1907,595,1317,0
72,70,2231,1907,2920,540,0
72,71,2231,1907,2816,2465,0
72,73,2231,1907,1470,2429,0
72,74,2231,1907,2847,1382,0
72,75,2231,1907,1398,2370,0
72,76,2231,1907,1762,2756,0
72,77,2231,1907,95,1819,0
72,78,2231,1907,2814,2784,0
72,79,2231,1907,2728,847,0
72,80,2231,1907,1380,2542,0
72,81,2231,1907,1722,2778,0
72,82,2231,1907,2181,2634,0
72,83,2231,1907,2405,2720,0
72,84,2231,1907,2862,2797,0
72,85,2231,1907,598,2000,0
72,86,2231,1907,2675,1916,0
72,87,2231,1907,2094,513,0
72,88,2231,1907,89,2129,0
72,89,2231,1907,1347,973,0
72,90,2231,1907,1412,647,0
72,91,2231,1907,2716,1699,0
72,92,2231,1907,2679,301,0
72,93,2231,1907,2086,1982,1
72,94,2231,1907,750,2399,0
72,95,2231,1907,503,2249,0
72,96,2231,1907,1529,2820,0
72,97,2231,1907,116,1176,0
72,98,2231,1907,692,2813,0
72,99,2231,1907,231,639,0
72,100,2231,1907,2740,2598,0
72,101,2231,1907,224,2208,0
72,102,2231,1907,1683,724,0
72,103,2231,1907,1276,2330,0
72,104,2231,1907,107,933,0
72,105,2231,1907,1480,2153,0
72,106,2231,1907,891,1933,0
72,107,2231,1907,2849,2170,0
72,108,2231,1907,1226,2205,0
72,109,2231,1907,1117,460,0
72,110,2231,1907,1597,111,0
72,111,2231,1907,2174,2704,0
72,112,2231,1907,811,90,0
72,113,2231,1907,260,692,0
72,114,2231,1907,1967,1969,0
72,115,2231,1907,1133,2946,0
72,116,2231,1907,786,2901,0
72,117,2231,1907,312,1389,0
72,118,2231,1907,2476,340,0
72,119,2231,1907,2362,2436,0
72,120,2231,1907,1679,1396,0
72,121,2231,1907,2646,1977,0
72,122,2231,1907,1769,2613,0
72,123,2231,1907,636,2906,0
72,124,2231,1907,2503,2888,0
72,125,2231,1907,727,2051,0
72,126,2231,1907,339,2092,0
72,127,2231,1907,2559,1995,0
72,128,2231,1907,1491,2896,0
72,129,2231,1907,2256,1576,0
72,130,2231,1907,335,2848,0
72,131,2231,1907,1279,994,0
72,132,2231,1907,191,2042,0
72,133,2231,1907,2815,2594,0
72,134,2231,1907,1341,659,0
72,135,2231,1907,202,1952,0
72,136,2231,1907,2049,235,0
72,137,2231,1907,949,365,0
72,138,2231,1907,442,484,0
72,139,2231,1907,1496,989,0
72,140,2231,1907,1432,2260,0
72,141,2231,1907,378,1386,0
72,142,2231,1907,251,778,0
72,143,2231,1907,483,113,0
72,144,2231,1907,2426,100,0
72,145,2231,1907,2388,1563,0
72,146,2231,1907,2427,2993,0
72,147,2231,1907,1415,940,0
72,148,2231,1907,40,1221,0
72,149,2231,1907,415,137,0
72,150,2231,1907,256,2140,0
72,151,2231,1907,90,1522,0
72,152,2231,1907,1589,989,0
72,153,2231,1907,341,205,0
72,154,2231,1907,883,1339,0
72,155,2231,1907,280,1464,0
72,156,2231,1907,1201,2822,0
72,157,2231,1907,2942,1389,0
72,158,2231,1907,1138,2750,0
72,159,2231,1907,2639,1778,0
72,160,2231,1907,662,429,0
72,161,2231,1907,652,7,0
72,162,2231,1907,2034,2057,0
72,163,2231,1907,2854,2051,0
72,164,2231,1907,1441,1791,0
72,165,2231,1907,2428,256,0
72,166,2231,1907,112,2528,0
72,167,2231,1907,2873,2538,0
72,168,2231,1907,2900,823,0
72,169,2231,1907,263,2591,0
72,170,2231,1907,486,2698,0
72,171,2231,1907,568,150,0
72,172,2231,1907,1194,2604,0
72,173,2231,1907,1563,2193,0
72,174,2231,1907,882,2764,0
72,175,2231,1907,1800,2849,0
72,176,2231,1907,58,2694,0
72,177,2231,1907,2845,282,0
72,178,2231,1907,2776,2400,0
72,179,2231,1907,2493,1574,0
72,180,2231,1907,1075,1910,0
72,181,2231,1907,449,428,0
72,182,2231,1907,2039,1945,0
72,183,2231,1907,2887,271,0
72,184,2231,1907,1400,2901,0
72,185,2231,1907,2908,1118,0
72,186,2231,1907,1650,1604,0
72,187,2231,1907,2331,1718,0
72,188,2231,1907,1439,133,0
72,189,2231,1907,42,79,0
72,190,2231,1907,1558,1707,0
72,191,2231,1907,177,1143,0
72,192,2231,1907,2585,1501,0
72,193,2231,1907,888,374,0
72,194,2231,1907,263,2834,0
72,195,2231,1907,1595,2302,0
73,0,1470,2429,434,320,0
73,1,1470,2429,571,1612,0
73,2,1470,2429,135,2521,0
73,3,1470,2429,1047,2342,0
73,4,1470,2429,1231,1324,0
73,5,1470,2429,675,751,0
73,6,1470,2429,1122,987,0
73,7,1470,2429,242,2916,0
73,8,1470,2429,1743,2319,0
73,9,1470,2429,2618,754,0
73,10,1470,2429,2910,1478,0
73,11,1470,2429,2108,832,0
73,12,1470,2429,2,1143,0
73,13,1470,2429,1115,2279,0
73,14,1470,2429,1977,415,0
73,15,1470,2429,2226,1439,0
73,16,1470,2429,2325,1601,0
73,17,1470,2429,2489,1612,0
73,18,1470,2429,488,2077,0
73,19,1470,2429,1366,798,0
73,20,1470,2429,190,1364,0
73,21,1470,2429,2898,1873,0
73,22,1470,2429,2802,484,0
73,23,1470,2429,1769,1361,0
73,24,1470,2429,1719,2907,0
73,25,1470,2429,203,816,0
73,26,1470,2429,1401,1966,0
73,27,1470,2429,565,2022,0
73,28,1470,2429,2418,1484,0
73,29,1470,2429,2744,2458,0
73,30,1470,2429,2840,2909,0
73,31,1470,2429,2633,2565,0
73,32,1470,2429,2705,1885,0
73,33,1470,2429,2153,2262,0
73,34,1470,2429,387,708,0
73,35,1470,2429,2510,1697,0
73,36,1470,2429,648,2898,0
73,37,1470,2429,652,1817,0
73,38,1470,2429,1578,698,0
73,39,1470,2429,2296,2101,0
73,40,1470,2429,1931,2689,0
73,41,1470,2429,526,1595,0
73,42,1470,2429,2293,1825,0
73,43,1470,2429,533,1404,0
73,44,1470,2429,2655,608,0
73,45,1470,2429,1891,927,0
73,46,1470,2429,362,551,0
73,47,1470,2429,517,432,0
73,48,1470,2429,554,2611,0
73,49,1470,2429,2495,1015,0
73,50,1470,2429,582,952,0
73,51,1470,2429,2325,1655,0
73,52,1470,2429,627,564,0
73,53,1470,2429,118,1718,0
73,54,1470,2429,1703,700,0
73,55,1470,2429,1698,1595,0
73,56,1470,2429,2867,2916,0
73,57,1470,2429,2436,1514,0
73,58,1470,2429,2012,2768,0
73,59,1470,2429,2307,1019,0
73,60,1470,2429,59,2441,0
73,61,1470,2429,1399,1108,0
73,62,1470,2429,2643,1912,0
73,63,1470,2429,2219,2119,0
73,64,1470,2429,2401,2202,0
73,65,1470,2429,387,1838,0
73,66,1470,2429,1601,1532,0
73,67,1470,2429,2837,72,0
73,68,1470,2429,1391,2951,0
73,69,1470,2429,595,1317,0
73,70,1470,2429,2920,540,0
73,71,1470,2429,2816,2465,0
73,72,1470,2429,2231,1907,0
73,74,1470,2429,2847,1382,0
73,75,1470,2429,1398,2370,0
73,76,1470,2429,1762,2756,0
73,77,1470,2429,95,1819,0
73,78,1470,2429,2814,2784,0
73,79,1470,2429,2728,847,0
73,80,1470,2429,1380,2542,0
73,81,1470,2429,1722,2778,0
73,82,1470,2429,2181,2634,0
73,83,1470,2429,2405,2720,0
73,84,1470,2429,2862,2797,0
73,85,1470,2429,598,2000,0
73,86,1470,2429,2675,1916,0
73,87,1470,2429,2094,513,0
73,88,1470,2429,89,2129,0
73,89,1470,2429,1347,973,0
73,90,1470,2429,1412,647,0
73,91,1470,2429,2716,1699,0
73,92,1470,2429,2679,301,0
73,93,1470,2429,2086,1982,0
73,94,1470,2429,750,2399,0
73,95,1470,2429,503,2249,0
73,96,1470,2429,1529,2820,0
73,97,1470,2429,116,1176,0
73,98,1470,2429,692,2813,0
73,99,1470,2429,231,639,0
73,100,1470,2429,2740,2598,0
73,101,1470,2429,224,2208,0
73,102,1470,2429,1683,724,0
73,103,1470,2429,1276,2330,0
73,104,1470,2429,107,933,0
73,105,1470,2429,1480,2153,0
73,106,1470,2429,891,1933,0
73,107,1470,2429,2849,2170,0
73,108,1470,2429,1226,2205,0
73,109,1470,2429,1117,460,0
73,110,1470,2429,1597,111,0
73,111,1470,2429,2174,2704,0
73,112,1470,2429,811,90,0
73,113,1470,2429,260,692,0
73,114,1470,2429,1967,1969,0
73,115,1470,2429,1133,2946,0
73,116,1470,2429,786,2901,0
73,117,1470,2429,312,1389,0
73,118,1470,2429,2476,340,0
73,119,1470,2429,2362,2436,0
73,120,1470,2429,1679,1396,0
73,121,1470,2429,2646,1977,0
73,122,1470,2429,1769,2613,0
73,123,1470,2429,636,2906,0
73,124,1470,2429,2503,2888,0
73,125,1470,2429,727,2051,0
73,126,1470,2429,339,2092,0
73,127,1470,2429,2559,1995,0
73,128,1470,2429,1491,2896,0
73,129,1470,2429,2256,1576,0
73,130,1470,2429,335,2848,0
73,131,1470,2429,1279,994,0
73,132,1470,2429,191,2042,0
73,133,1470,2429,2815,2594,0
73,134,1470,2429,1341,659,0
73,135,1470,2429,202,1952,0
73,136,1470,2429,2049,235,0
73,137,1470,2429,949,365,0
73,138,1470,2429,442,484,0
73,139,1470,2429,1496,989,0
73,140,1470,2429,1432,2260,0
73,141,1470,2429,378,1386,0
73,142,1470,2429,251,778,0
73,143,1470,2429,483,113,0
73,144,1470,2429,2426,100,0
73,145,1470,2429,2388,1563,0
73,146,1470,2429,2427,2993,0
73,147,1470,2429,1415,940,0
73,148,1470,2429,40,1221,0
73,149,1470,2429,415,137,0
73,150,1470,2429,256,2140,0
73,151,1470,2429,90,1522,0
73,152,1470,2429,1589,989,0
73,153,1470,2429,341,205,0
73,154,1470,2429,883,1339,0
73,155,1470,2429,280,1464,0
73,156,1470,2429,1201,2822,0
73,157,1470,2429,2942,1389,0
73,158,1470,2429,1138,2750,0
73,159,1470,2429,2639,1778,0
73,160,1470,2429,662,429,0
73,161,1470,2429,652,7,0
73,162,1470,2429,2034,2057,0
73,163,1470,2429,2854,2051,0
73,164,1470,2429,1441,1791,0
73,165,1470,2429,2428,256,0
73,166,1470,2429,112,2528,0
73,167,1470,2429,2873,2538,0
73,168,1470,2429,2900,823,0
73,169,1470,2429,263,2591,0
73,170,1470,2429,486,2698,0
73,171,1470,2429,568,150,0
73,172,1470,2429,1194,2604,0
73,173,1470,2429,1563,2193,0
73,174,1470,2429,882,2764,0
73,175,1470,2429,1800,2849,0
73,176,1470,2429,58,2694,0
73,177,1470,2429,2845,282,0
73,178,1470,2429,2776,2400,0
73,179,1470,2429,2493,1574,0
73,180,1470,2429,1075,1910,0
73,181,1470,2429,449,428,0
73,182,1470,2429,2039,1945,0
73,183,1470,2429,2887,271,0
73,184,1470,2429,1400,2901,0
73,185,1470,2429,2908,1118,0
73,186,1470,2429,1650,1604,0
73,187,1470,2429,2331,1718,0
73,188,1470,2429,1439,133,0
73,189,1470,2429,42,79,0
73,190,1470,2429,1558,1707,0
73,191,1470,2429,177,1143,0
73,192,1470,2429,2585,1501,0
73,193,1470,2429,888,374,0
73,194,1470,2429,263,2834,0
73,195,1470,2429,1595,2302,1
74,0,2847,1382,434,320,0
74,1,2847,1382,571,1612,0
74,2,2847,1382,135,2521,0
74,3,2847,1382,1047,2342,0
74,4,2847,1382,1231,1324,0
74,5,2847,1382,675,751,0
74,6,2847,1382,1122,987,0
74,7,2847,1382,242,2916,0
74,8,2847,1382,1743,2319,0
74,9,2847,1382,2618,754,0
74,10,2847,1382,2910,1478,0
74,11,2847,1382,2108,832,0
74,12,2847,1382,2,1143,0
74,13,2847,1382,1115,2279,0
74,14,2847,1382,1977,415,0
74,15,2847,1382,2226,1439,0
74,16,2847,1382,2325,1601,0
74,17,2847,1382,2489,1612,0
74,18,2847,1382,488,2077,0
74,19,2847,1382,1366,798,0
74,20,2847,1382,190,1364,0
74,21,2847,1382,2898,1873,0
74,22,2847,1382,2802,484,0
74,23,2847,1382,1769,1361,0
74,24,2847,1382,1719,2907,0
74,25,2847,1382,203,816,0
74,26,2847,1382,1401,1966,0
74,27,2847,1382,565,2022,0
74,28,2847,1382,2418,1484,0
74,29,2847,1382,2744,2458,0
74,30,2847,1382,2840,2909,0
74,31,2847,1382,2633,2565,0
74,32,2847,1382,2705,1885,0
74,33,2847,1382,2153,2262,0
74,34,2847,1382,387,708,0
74,35,2847,1382,2510,1697,0
74,36,2847,1382,648,2898,0
74,37,2847,1382,652,1817,0
74,38,2847,1382,1578,698,0
74,39,2847,1382,2296,2101,0
74,40,2847,1382,1931,2689,0
74,41,2847,1382,526,1595,0
74,42,2847,1382,2293,1825,0
74,43,2847,1382,533,1404,0
74,44,2847,1382,2655,608,0
74,45,2847,1382,1891,927,0
74,46,2847,1382,362,551,0
74,47,2847,1382,517,432,0
74,48,2847,1382,554,2611,0
74,49,2847,1382,2495,1015,0
74,50,2847,1382,582,952,0
74,51,2847,1382,2325,1655,0
74,52,2847,1382,627,564,0
74,53,2847,1382,118,1718,0
74,54,2847,1382,1703,700,0
74,55,2847,1382,1698,1595,0
74,56,2847,1382,2867,2916,0
74,57,2847,1382,2436,1514,0
74,58,2847,1382,2012,2768,0
74,59,2847,1382,2307,1019,0
74,60,2847,1382,59,2441,0
74,61,2847,1382,1399,1108,0
74,62,2847,1382,2643,1912,0
74,63,2847,1382,2219,2119,0
74,64,2847,1382,2401,2202,0
74,65,2847,1382,387,1838,0
74,66,2847,1382,1601,1532,0
74,67,2847,1382,2837,72,0
74,68,2847,1382,1391,2951,0
74,69,2847,1382,595,1317,0
74,70,2847,1382,2920,540,0
74,71,2847,1382,2816,2465,0
74,72,2847,1382,2231,1907,0
74,73,2847,1382,1470,2429,0
74,75,2847,1382,1398,2370,0
74,76,2847,1382,1762,2756,0
74,77,2847,1382,95,1819,0
74,78,2847,1382,2814,2784,0
74,79,2847,1382,2728,847,0
74,80,2847,1382,1380,2542,0
74,81,2847,1382,1722,2778,0
74,82,2847,1382,2181,2634,0
74,83,2847,1382,2405,2720,0
74,84,2847,1382,2862,2797,0
74,85,2847,1382,598,2000,0
74,86,2847,1382,2675,1916,0
74,87,2847,1382,2094,513,0
74,88,2847,1382,89,2129,0
74,89,2847,1382,1347,973,0
74,90,2847,1382,1412,647,0
74,91,2847,1382,2716,1699,0
74,92,2847,1382,2679,301,0
74,93,2847,1382,2086,1982,0
74,94,2847,1382,750,2399,0
74,95,2847,1382,503,2249,0
74,96,2847,1382,1529,2820,0
74,97,2847,1382,116,1176,0
74,98,2847,1382,692,2813,0
74,99,2847,1382,231,639,0
74,100,2847,1382,2740,2598,0
74,101,2847,1382,224,2208,0
74,102,2847,1382,1683,724,0
74,103,2847,1382,1276,2330,0
74,104,2847,1382,107,933,0
74,105,2847,1382,1480,2153,0
74,106,2847,1382,891,1933,0
74,107,2847,1382,2849,2170,0
74,108,2847,1382,1226,2205,0
74,109,2847,1382,1117,460,0
74,110,2847,1382,1597,111,0
74,111,2847,1382,2174,2704,0
74,112,2847,1382,811,90,0
74,113,2847,1382,260,692,0
74,114,2847,1382,1967,1969,0
74,115,2847,1382,1133,2946,0
74,116,2847,1382,786,2901,0
74,117,2847,1382,312,1389,0
74,118,2847,1382,2476,340,0
74,119,2847,1382,2362,2436,0
74,120,2847,1382,1679,1396,0
74,121,2847,1382,2646,1977,0
74,122,2847,1382,1769,2613,0
74,123,2847,1382,636,2906,0
74,124,2847,1382,2503,2888,0
74,125,2847,1382,727,2051,0
74,126,2847,1382,339,2092,0
74,127,2847,1382,2559,1995,0
74,128,2847,1382,1491,2896,0
74,129,2847,1382,2256,1576,0
74,130,2847,1382,335,2848,0
74,131,2847,1382,1279,994,0
74,132,2847,1382,191,2042,0
74,133,2847,1382,2815,2594,0
74,134,2847,1382,1341,659,0
74,135,2847,1382,202,1952,0
74,136,2847,1382,2049,235,0
74,137,2847,1382,949,365,0
74,138,2847,1382,442,484,0
74,139,2847,1382,1496,989,0
74,140,2847,1382,1432,2260,0
74,141,2847,1382,378,1386,0
74,142,2847,1382,251,778,0
74,143,2847,1382,483,113,0
74,144,2847,1382,2426,100,0
74,145,2847,1382,2388,1563,0
74,146,2847,1382,2427,2993,0
74,147,2847,1382,1415,940,0
74,148,2847,1382,40,1221,0
74,149,2847,1382,415,137,0
74,150,2847,1382,256,2140,0
74,151,2847,1382,90,1522,0
74,152,2847,1382,1589,989,0
74,153,2847,1382,341,205,0
74,154,2847,1382,883,1339,0
74,155,2847,1382,280,1464,0
74,156,2847,1382,1201,2822,0
74,157,2847,1382,2942,1389,1
74,158,2847,1382,1138,2750,0
74,159,2847,1382,2639,1778,0
74,160,2847,1382,662,429,0
74,161,2847,1382,652,7,0
74,162,2847,1382,2034,2057,0
74,163,2847,1382,2854,2051,0
74,164,2847,1382,1441,1791,0
74,165,2847,1382,2428,256,0
74,166,2847,1382,112,2528,0
74,167,2847,1382,2873,2538,0
74,168,2847,1382,2900,823,0
74,169,2847,1382,263,2591,0
74,170,2847,1382,486,2698,0
74,171,2847,1382,568,150,0
74,172,2847,1382,1194,2604,0
74,173,2847,1382,1563,2193,0
74,174,2847,1382,882,2764,0
74,175,2847,1382,1800,2849,0
74,176,2847,1382,58,2694,0
74,177,2847,1382,2845,282,0
74,178,2847,1382,2776,2400,0
74,179,2847,1382,2493,1574,0
74,180,2847,1382,1075,1910,0
74,181,2847,1382,449,428,0
74,182,2847,1382,2039,1945,0
74,183,2847,1382,2887,271,0
74,184,2847,1382,1400,2901,0
74,185,2847,1382,2908,1118,0
74,186,2847,1382,1650,1604,0
74,187,2847,1382,2331,1718,0
74,188,2847,1382,1439,133,0
74,189,2847,1382,42,79,0
74,190,2847,1382,1558,1707,0
74,191,2847,1382,177,1143,0
74,192,2847,1382,2585,1501,0
74,193,2847,1382,888,374,0
74,194,2847,1382,263,2834,0
74,195,2847,1382,1595,2302,0
75,0,1398,2370,434,320,0
75,1,1398,2370,571,1612,0
75,2,1398,2370,135,2521,0
75,3,1398,2370,1047,2342,0
75,4,1398,2370,1231,1324,0
75,5,1398,2370,675,751,0
75,6,1398,2370,1122,987,0
75,7,1398,2370,242,2916,0
75,8,1398,2370,1743,2319,0
75,9,1398,2370,2618,754,0
75,10,1398,2370,2910,1478,0
75,11,1398,2370,2108,832,0
75,12,1398,2370,2,1143,0
75,13,1398,2370,1115,2279,0
75,14,1398,2370,1977,415,0
75,15,1398,2370,2226,1439,0
75,16,1398,2370,2325,1601,0
75,17,1398,2370,2489,1612,0
75,18,1398,2370,488,2077,0
75,19,1398,2370,1366,798,0
75,20,1398,2370,190,1364,0
75,21,1398,2370,2898,1873,0
75,22,1398,2370,2802,484,0
75,23,1398,2370,1769,1361,0
75,24,1398,2370,1719,2907,0
75,25,1398,2370,203,816,0
75,26,1398,2370,1401,1966,0
75,27,1398,2370,565,2022,0
75,28,1398,2370,2418,1484,0
75,29,1398,2370,2744,2458,0
75,30,1398,2370,2840,2909,0
75,31,1398,2370,2633,2565,0
75,32,1398,2370,2705,1885,0
75,33,1398,2370,2153,2262,0
75,34,1398,2370,387,708,0
75,35,1398,2370,2510,1697,0
75,36,1398,2370,648,2898,0
75,37,1398,2370,652,1817,0
75,38,1398,2370,1578,698,0
75,39,1398,2370,2296,2101,0
75,40,1398,2370,1931,2689,0
75,41,1398,2370,526,1595,0
75,42,1398,2370,2293,1825,0
75,43,1398,2370,533,1404,0
75,44,1398,2370,2655,608,0
75,45,1398,2370,1891,927,0
75,46,1398,2370,362,551,0
75,47,1398,2370,517,432,0
75,48,1398,2370,554,2611,0
75,49,1398,2370,2495,1015,0
75,50,1398,2370,582,952,0
75,51,1398,2370,2325,1655,0
75,52,1398,2370,627,564,0
75,53,1398,2370,118,1718,0
75,54,1398,2370,1703,700,0
75,55,1398,2370,1698,1595,0
75,56,1398,2370,2867,2916,0
75,57,1398,2370,2436,1514,0
75,58,1398,2370,2012,2768,0
75,59,1398,2370,2307,1019,0
75,60,1398,2370,59,2441,0
75,61,1398,2370,1399,1108,0
75,62,1398,2370,2643,1912,0
75,63,1398,2370,2219,2119,0
75,64,1398,2370,2401,2202,0
75,65,1398,2370,387,1838,0
75,66,1398,2370,1601,1532,0
75,67,1398,2370,2837,72,0
75,68,1398,2370,1391,2951,0
75,69,1398,2370,595,1317,0
75,70,1398,2370,2920,540,0
75,71,1398,2370,2816,2465,0
75,72,1398,2370,2231,1907,0
75,73,1398,2370,1470,2429,0
75,74,1398,2370,2847,1382,0
75,76,1398,2370,1762,2756,0
75,77,1398,2370,95,1819,0
75,78,1398,2370,2814,2784,0
75,79,1398,2370,2728,847,0
75,80,1398,2370,1380,2542,0
75,81,1398,2370,1722,2778,0
75,82,1398,2370,2181,2634,0
75,83,1398,2370,2405,2720,0
75,84,1398,2370,2862,2797,0
75,85,1398,2370,598,2000,0
75,86,1398,2370,2675,1916,0
75,87,1398,2370,2094,513,0
75,88,1398,2370,89,2129,0
75,89,1398,2370,1347,973,0
75,90,1398,2370,1412,647,0
75,91,1398,2370,2716,1699,0
75,92,1398,2370,2679,301,0
75,93,1398,2370,2086,1982,0
75,94,1398,2370,750,2399,0
75,95,1398,2370,503,2249,0
75,96,1398,2370,1529,2820,0
75,97,1398,2370,116,1176,0
75,98,1398,2370,692,2813,0
75,99,1398,2370,231,639,0
75,100,1398,2370,2740,2598,0
75,101,1398,2370,224,2208,0
75,102,1398,2370,1683,724,0
75,103,1398,2370,1276,2330,1
75,104,1398,2370,107,933,0
75,105,1398,2370,1480,2153,0
75,106,1398,2370,891,1933,0
75,107,1398,2370,2849,2170,0
75,108,1398,2370,1226,2205,0
75,109,1398,2370,1117,460,0
75,110,1398,2370,1597,111,0
75,111,1398,2370,2174,2704,0
75,112,1398,2370,811,90,0
75,113,1398,2370,260,692,0
75,114,1398,2370,1967,1969,0
75,115,1398,2370,1133,2946,0
75,116,1398,2370,786,2901,0
75,117,1398,2370,312,1389,0
75,118,1398,2370,2476,340,0
75,119,1398,2370,2362,2436,0
75,120,1398,2370,1679,1396,0
75,121,1398,2370,2646,1977,0
75,122,1398,2370,1769,2613,0
75,123,1398,2370,636,2906,0
75,124,1398,2370,2503,2888,0
75,125,1398,2370,727,2051,0
75,126,1398,2370,339,2092,0
75,127,1398,2370,2559,1995,0
75,128,1398,2370,1491,2896,0
75,129,1398,2370,2256,1576,0
75,130,1398,2370,335,2848,0
75,131,1398,2370,1279,994,0
75,132,1398,2370,191,2042,0
75,133,1398,2370,2815,2594,0
75,134,1398,2370,1341,659,0
75,135,1398,2370,202,1952,0
75,136,1398,2370,2049,235,0
75,137,1398,2370,949,365,0
75,138,1398,2370,442,484,0
75,139,1398,2370,1496,989,0
75,140,1398,2370,1432,2260,0
75,141,1398,2370,378,1386,0
75,142,1398,2370,251,778,0
75,143,1398,2370,483,113,0
75,144,1398,2370,2426,100,0
75,145,1398,2370,2388,1563,0
75,146,1398,2370,2427,2993,0
75,147,1398,2370,1415,940,0
75,148,1398,2370,40,1221,0
75,149,1398,2370,415,137,0
75,150,1398,2370,256,2140,0
75,151,1398,2370,90,1522,0
75,152,1398,2370,1589,989,0
75,153,1398,2370,341,205,0
75,154,1398,2370,883,1339,0
75,155,1398,2370,280,1464,0
75,156,1398,2370,1201,2822,0
75,157,1398,2370,2942,1389,0
75,158,1398,2370,1138,2750,0
75,159,1398,2370,2639,1778,0
75,160,1398,2370,662,429,0
75,161,1398,2370,652,7,0
75,162,1398,2370,2034,2057,0
75,163,1398,2370,2854,2051,0
75,164,1398,2370,1441,1791,0
75,165,1398,2370,2428,256,0
75,166,1398,2370,112,2528,0
75,167,1398,2370,2873,2538,0
75,168,1398,2370,2900,823,0
75,169,1398,2370,263,2591,0
75,170,1398,2370,486,2698,0
75,171,1398,2370,568,150,0
75,172,1398,2370,1194,2604,0
75,173,1398,2370,1563,2193,0
75,174,1398,2370,882,2764,0
75,175,1398,2370,1800,2849,0
75,176,1398,2370,58,2694,0
75,177,1398,2370,2845,282,0
75,178,1398,2370,2776,2400,0
75,179,1398,2370,2493,1574,0
75,180,1398,2370,1075,1910,0
75,181,1398,2370,449,428,0
75,182,1398,2370,2039,1945,0
75,183,1398,2370,2887,271,0
75,184,1398,2370,1400,2901,0
75,185,1398,2370,2908,1118,0
75,186,1398,2370,1650,1604,0
75,187,1398,2370,2331,1718,0
75,188,1398,2370,1439,133,0
75,189,1398,2370,42,79,0
75,190,1398,2370,1558,1707,0
75,191,1398,2370,177,1143,0
75,192,1398,2370,2585,1501,0
75,193,1398,2370,888,374,0
75,194,1398,2370,263,2834,0
75,195,1398,2370,1595,2302,0
76,0,1762,2756,434,320,0
76,1,1762,2756,571,1612,0
76,2,1762,2756,135,2521,0
76,3,1762,2756,1047,2342,0
76,4,1762,2756,1231,1324,0
76,5,1762,2756,675,751,0
76,6,1762,2756,1122,987,0
76,7,1762,2756,242,2916,0
76,8,1762,2756,1743,2319,0
76,9,1762,2756,2618,754,0
76,10,1762,2756,2910,1478,0
76,11,1762,2756,2108,832,0
76,12,1762,2756,2,1143,0
76,13,1762,2756,1115,2279,0
76,14,1762,2756,1977,415,0
76,15,1762,2756,2226,1439,0
76,16,1762,2756,2325,1601,0
76,17,1762,2756,2489,1612,0
76,18,1762,2756,488,2077,0
76,19,1762,2756,1366,798,0
76,20,1762,2756,190,1364,0
76,21,1762,2756,2898,1873,0
76,22,1762,2756,2802,484,0
76,23,1762,2756,1769,1361,0
76,24,1762,2756,1719,2907,0
76,25,1762,2756,203,816,0
76,26,1762,2756,1401,1966,0
76,27,1762,2756,565,2022,0
76,28,1762,2756,2418,1484,0
76,29,1762,2756,2744,2458,0
76,30,1762,2756,2840,2909,0
76,31,1762,2756,2633,2565,0
76,32,1762,2756,2705,1885,0
76,33,1762,2756,2153,2262,0
76,34,1762,2756,387,708,0
76,35,1762,2756,2510,1697,0
76,36,1762,2756,648,2898,0
76,37,1762,2756,652,1817,0
76,38,1762,2756,1578,698,0
76,39,1762,2756,2296,2101,0
76,40,1762,2756,1931,2689,0
76,41,1762,2756,526,1595,0
76,42,1762,2756,2293,1825,0
76,43,1762,2756,533,1404,0
76,44,1762,2756,2655,608,0
76,45,1762,2756,1891,927,0
76,46,1762,2756,362,551,0
76,47,1762,2756,517,432,0
76,48,1762,2756,554,2611,0
76,49,1762,2756,2495,1015,0
76,50,1762,2756,582,952,0
76,51,1762,2756,2325,1655,0
76,52,1762,2756,627,564,0
76,53,1762,2756,118,1718,0
76,54,1762,2756,1703,700,0
76,55,1762,2756,1698,1595,0
76,56,1762,2756,2867,2916,0
76,57,1762,2756,2436,1514,0
76,58,1762,2756,2012,2768,0
76,59,1762,2756,2307,1019,0
76,60,1762,2756,59,2441,0
76,61,1762,2756,1399,1108,0
76,62,1762,2756,2643,1912,0
76,63,1762,2756,2219,2119,0
76,64,1762,2756,2401,2202,0
76,65,1762,2756,387,1838,0
76,66,1762,2756,1601,1532,0
76,67,1762,2756,2837,72,0
76,68,1762,2756,1391,2951,0
76,69,1762,2756,595,1317,0
76,70,1762,2756,2920,540,0
76,71,1762,2756,2816,2465,0
76,72,1762,2756,2231,1907,0
76,73,1762,2756,1470,2429,0
76,74,1762,2756,2847,1382,0
76,75,1762,2756,1398,2370,0
76,77,1762,2756,95,1819,0
76,78,1762,2756,2814,2784,0
76,79,1762,2756,2728,847,0
76,80,1762,2756,1380,2542,0
76,81,1762,2756,1722,2778,1
76,82,1762,2756,2181,2634,0
76,83,1762,2756,2405,2720,0
76,84,1762,2756,2862,2797,0
76,85,1762,2756,598,2000,0
76,86,1762,2756,2675,1916,0
76,87,1762,2756,2094,513,0
76,88,1762,2756,89,2129,0
76,89,1762,2756,1347,973,0
76,90,1762,2756,1412,647,0
76,91,1762,2756,2716,1699,0
76,92,1762,2756,2679,301,0
76,93,1762,2756,2086,1982,0
76,94,1762,2756,750,2399,0
76,95,1762,2756,503,2249,0
76,96,1762,2756,1529,2820,0
76,97,1762,2756,116,1176,0
76,98,1762,2756,692,2813,0
76,99,1762,2756,231,639,0
76,100,1762,2756,2740,2598,0
76,101,1762,2756,224,2208,0
76,102,1762,2756,1683,724,0
76,103,1762,2756,1276,2330,0
76,104,1762,2756,107,933,0
76,105,1762,2756,1480,2153,0
76,106,1762,2756,891,1933,0
76,107,1762,2756,2849,2170,0
76,108,1762,2756,1226,2205,0
76,109,1762,2756,1117,460,0
76,110,1762,2756,1597,111,0
76,111,1762,2756,2174,2704,0
76,112,1762,2756,811,90,0
76,113,1762,2756,260,692,0
76,114,1762,2756,1967,1969,0
76,115,1762,2756,1133,2946,0
76,116,1762,2756,786,2901,0
76,117,1762,2756,312,1389,0
76,118,1762,2756,2476,340,0
76,119,1762,2756,2362,2436,0
76,120,1762,2756,1679,1396,0
76,121,1762,2756,2646,1977,0
76,122,1762,2756,1769,2613,0
76,123,1762,2756,636,2906,0
76,124,1762,2756,2503,2888,0
76,125,1762,2756,727,2051,0
76,126,1762,2756,339,2092,0
76,127,1762,2756,2559,1995,0
76,128,1762,2756,1491,2896,0
76,129,1762,2756,2256,1576,0
76,130,1762,2756,335,2848,0
76,131,1762,2756,1279,994,0
76,132,1762,2756,191,2042,0
76,133,1762,2756,2815,2594,0
76,134,1762,2756,1341,659,0
76,135,1762,2756,202,1952,0
76,136,1762,2756,2049,235,0
76,137,1762,2756,949,365,0
76,138,1762,2756,442,484,0
76,139,1762,2756,1496,989,0
76,140,1762,2756,1432,2260,0
76,141,1762,2756,378,1386,0
76,142,1762,2756,251,778,0
76,143,1762,2756,483,113,0
76,144,1762,2756,2426,100,0
76,145,1762,2756,2388,1563,0
76,146,1762,2756,2427,2993,0
76,147,1762,2756,1415,940,0
76,148,1762,2756,40,1221,0
76,149,1762,2756,415,137,0
76,150,1762,2756,256,2140,0
76,151,1762,2756,90,1522,0
76,152,1762,2756,1589,989,0
76,153,1762,2756,341,205,0
76,154,1762,2756,883,1339,0
76,155,1762,2756,280,1464,0
76,156,1762,2756,1201,2822,0
76,157,1762,2756,2942,1389,0
76,158,1762,2756,1138,2750,0
76,159,1762,2756,2639,1778,0
76,160,1762,2756,662,429,0
76,161,1762,2756,652,7,0
76,162,1762,2756,2034,2057,0
76,163,1762,2756,2854,2051,0
76,164,1762,2756,1441,1791,0
76,165,1762,2756,2428,256,0
76,166,1762,2756,112,2528,0
76,167,1762,2756,2873,2538,0
76,168,1762,2756,2900,823,0
76,169,1762,2756,263,2591,0
76,170,1762,2756,486,2698,0
76,171,1762,2756,568,150,0
76,172,1762,2756,1194,2604,0
76,173,1762,2756,1563,2193,0
76,174,1762,2756,882,2764,0
76,175,1762,2756,1800,2849,0
76,176,1762,2756,58,2694,0
76,177,1762,2756,2845,282,0
76,178,1762,2756,2776,2400,0
76,179,1762,2756,2493,1574,0
76,180,1762,2756,1075,1910,0
76,181,1762,2756,449,428,0
76,182,1762,2756,2039,1945,0
76,183,1762,2756,2887,271,0
76,184,1762,2756,1400,2901,0
76,185,1762,2756,2908,1118,0
76,186,1762,2756,1650,1604,0
76,187,1762,2756,2331,1718,0
76,188,1762,2756,1439,133,0
76,189,1762,2756,42,79,0
76,190,1762,2756,1558,1707,0
76,191,1762,2756,177,1143,0
76,192,1762,2756,2585,1501,0
76,193,1762,2756,888,374,0
76,194,1762,2756,263,2834,0
76,195,1762,2756,1595,2302,0
77,0,95,1819,434,320,0
77,1,95,1819,571,1612,0
77,2,95,1819,135,2521,0
77,3,95,1819,1047,2342,0
77,4,95,1819,1231,1324,0
77,5,95,1819,675,751,0
77,6,95,1819,1122,987,0
77,7,95,1819,242,2916,0
77,8,95,1819,1743,2319,0
77,9,95,1819,2618,754,0
77,10,95,1819,2910,1478,0
77,11,95,1819,2108,832,0
77,12,95,1819,2,1143,0
77,13,95,1819,1115,2279,0
77,14,95,1819,1977,415,0
77,15,95,1819,2226,1439,0
77,16,95,1819,2325,1601,0
77,17,95,1819,2489,1612,0
77,18,95,1819,488,2077,0
77,19,95,1819,1366,798,0
77,20,95,1819,190,1364,0
77,21,95,1819,2898,1873,0
77,22,95,1819,2802,484,0
77,23,95,1819,1769,1361,0
77,24,95,1819,1719,2907,0
77,25,95,1819,203,816,0
77,26,95,1819,1401,1966,0
77,27,95,1819,565,2022,0
77,28,95,1819,2418,1484,0
77,29,95,1819,2744,2458,0
77,30,95,1819,2840,2909,0
77,31,95,1819,2633,2565,0
77,32,95,1819,2705,1885,0
77,33,95,1819,2153,2262,0
77,34,95,1819,387,708,0
77,35,95,1819,2510,1697,0
77,36,95,1819,648,2898,0
77,37,95,1819,652,1817,0
77,38,95,1819,1578,698,0
77,39,95,1819,2296,2101,0
77,40,95,1819,1931,2689,0
77,41,95,1819,526,1595,0
77,42,95,1819,2293,1825,0
77,43,95,1819,533,1404,0
77,44,95,1819,2655,608,0
77,45,95,1819,1891,927,0
77,46,95,1819,362,551,0
77,47,95,1819,517,432,0
77,48,95,1819,554,2611,0
77,49,95,1819,2495,1015,0
77,50,95,1819,582,952,0
77,51,95,1819,2325,1655,0
77,52,95,1819,627,564,0
77,53,95,1819,118,1718,1
77,54,95,1819,1703,700,0
77,55,95,1819,1698,1595,0
77,56,95,1819,2867,2916,0
77,57,95,1819,2436,1514,0
77,58,95,1819,2012,2768,0
77,59,95,1819,2307,1019,0
77,60,95,1819,59,2441,0
77,61,95,1819,1399,1108,0
77,62,95,1819,2643,1912,0
77,63,95,1819,2219,2119,0
77,64,95,1819,2401,2202,0
77,65,95,1819,387,1838,0
77,66,95,1819,1601,1532,0
77,67,95,1819,2837,72,0
77,68,95,1819,1391,2951,0
77,69,95,1819,595,1317,0
77,70,95,1819,2920,540,0
77,71,95,1819,2816,2465,0
77,72,95,1819,2231,1907,0
77,73,95,1819,1470,2429,0
77,74,95,1819,2847,1382,0
77,75,95,1819,1398,2370,0
77,76,95,1819,1762,2756,0
77,78,95,1819,2814,2784,0
77,79,95,1819,2728,847,0
77,80,95,1819,1380,2542,0
77,81,95,1819,1722,2778,0
77,82,95,1819,2181,2634,0
77,83,95,1819,2405,2720,0
77,84,95,1819,2862,2797,0
77,85,95,1819,598,2000,0
77,86,95,1819,2675,1916,0
77,87,95,1819,2094,513,0
77,88,95,1819,89,2129,0
77,89,95,1819,1347,973,0
77,90,95,1819,1412,647,0
77,91,95,1819,2716,1699,0
77,92,95,1819,2679,301,0
77,93,95,1819,2086,1982,0
77,94,95,1819,750,2399,0
77,95,95,1819,503,2249,0
77,96,95,1819,1529,2820,0
77,97,95,1819,116,1176,0
77,98,95,1819,692,2813,0
77,99,95,1819,231,639,0
77,100,95,1819,2740,2598,0
77,101,95,1819,224,2208,0
77,102,95,1819,1683,724,0
77,103,95,1819,1276,2330,0
77,104,95,1819,107,933,0
77,105,95,1819,1480,2153,0
77,106,95,1819,891,1933,0
77,107,95,1819,2849,2170,0
77,108,95,1819,1226,2205,0
77,109,95,1819,1117,460,0
77,110,95,1819,1597,111,0
77,111,95,1819,2174,2704,0
77,112,95,1819,811,90,0
77,113,95,1819,260,692,0
77,114,95,1819,1967,1969,0
77,115,95,1819,1133,2946,0
77,116,95,1819,786,2901,0
77,117,95,1819,312,1389,0
77,118,95,1819,2476,340,0
77,119,95,1819,2362,2436,0
77,120,95,1819,1679,1396,0
77,121,95,1819,2646,1977,0
77,122,95,1819,1769,2613,0
77,123,95,1819,636,2906,0
77,124,95,1819,2503,2888,0
77,125,95,1819,727,2051,0
77,126,95,1819,339,2092,0
77,127,95,1819,2559,1995,0
77,128,95,1819,1491,2896,0
77,129,95,1819,2256,1576,0
77,130,95,1819,335,2848,0
77,131,95,1819,1279,994,0
77,132,95,1819,191,2042,0
77,133,95,1819,2815,2594,0
77,134,95,1819,1341,659,0
77,135,95,1819,202,1952,0
77,136,95,1819,2049,235,0
77,137,95,1819,949,365,0
77,138,95,1819,442,484,0
77,139,95,1819,1496,989,0
77,140,95,1819,1432,2260,0
77,141,95,1819,378,1386,0
77,142,95,1819,251,778,0
77,143,95,1819,483,113,0
77,144,95,1819,2426,100,0
77,145,95,1819,2388,1563,0
77,146,95,1819,2427,2993,0
77,147,95,1819,1415,940,0
77,148,95,1819,40,1221,0
77,149,95,1819,415,137,0
77,150,95,1819,256,2140,0
77,151,95,1819,90,1522,0
77,152,95,1819,1589,989,0
77,153,95,1819,341,205,0
77,154,95,1819,883,1339,0
77,155,95,1819,280,1464,0
77,156,95,1819,1201,2822,0
77,157,95,1819,2942,1389,0
77,158,95,1819,1138,2750,0
77,159,95,1819,2639,1778,0
77,160,95,1819,662,429,0
77,161,95,1819,652,7,0
77,162,95,1819,2034,2057,0
77,163,95,1819,2854,2051,0
77,164,95,1819,1441,1791,0
77,165,95,1819,2428,256,0
77,166,95,1819,112,2528,0
77,167,95,1819,2873,2538,0
77,168,95,1819,2900,823,0
77,169,95,1819,263,2591,0
77,170,95,1819,486,2698,0
77,171,95,1819,568,150,0
77,172,95,1819,1194,2604,0
77,173,95,1819,1563,2193,0
77,174,95,1819,882,2764,0
77,175,95,1819,1800,2849,0
77,176,95,1819,58,2694,0
77,177,95,1819,2845,282,0
77,178,95,1819,2776,2400,0
77,179,95,1819,2493,1574,0
77,180,95,1819,1075,1910,0
77,181,95,1819,449,428,0
77,182,95,1819,2039,1945,0
77,183,95,1819,2887,271,0
77,184,95,1819,1400,2901,0
77,185,95,1819,2908,1118,0
77,186,95,1819,1650,1604,0
77,187,95,1819,2331,1718,0
77,188,95,1819,1439,133,0
77,189,95,1819,42,79,0
77,190,95,1819,1558,1707,0
77,191,95,1819,177,1143,0
77,192,95,1819,2585,1501,0
77,193,95,1819,888,374,0
77,194,95,1819,263,2834,0
77,195,95,1819,1595,2302,0
78,0,2814,2784,434,320,0
78,1,2814,2784,571,1612,0
78,2,2814,2784,135,2521,0
78,3,2814,2784,1047,2342,0
78,4,2814,2784,1231,1324,0
78,5,2814,2784,675,751,0
78,6,2814,2784,1122,987,0
78,7,2814,2784,242,2916,0
78,8,2814,2784,1743,2319,0
78,9,2814,2784,2618,754,0
78,10,2814,2784,2910,1478,0
78,11,2814,2784,2108,832,0
78,12,2814,2784,2,1143,0
78,13,2814,2784,1115,2279,0
78,14,2814,2784,1977,415,0
78,15,2814,2784,2226,1439,0
78,16,2814,2784,2325,1601,0
78,17,2814,2784,2489,1612,0
78,18,2814,2784,488,2077,0
78,19,2814,2784,1366,798,0
78,20,2814,2784,190,1364,0
78,21,2814,2784,2898,1873,0
78,22,2814,2784,2802,484,0
78,23,2814,2784,1769,1361,0
78,24,2814,2784,1719,2907,0
78,25,2814,2784,203,816,0
78,26,2814,2784,1401,1966,0
78,27,2814,2784,565,2022,0
78,28,2814,2784,2418,1484,0
78,29,2814,2784,2744,2458,0
78,30,2814,2784,2840,2909,0
78,31,2814,2784,2633,2565,0
78,32,2814,2784,2705,1885,0
78,33,2814,2784,2153,2262,0
78,34,2814,2784,387,708,0
78,35,2814,2784,2510,1697,0
78,36,2814,2784,648,2898,0
78,37,2814,2784,652,1817,0
78,38,2814,2784,1578,698,0
78,39,2814,2784,2296,2101,0
78,40,2814,2784,1931,2689,0
78,41,2814,2784,526,1595,0
78,42,2814,2784,2293,1825,0
78,43,2814,2784,533,1404,0
78,44,2814,2784,2655,608,0
78,45,2814,2784,1891,927,0
78,46,2814,2784,362,551,0
78,47,2814,2784,517,432,0
78,48,2814,2784,554,2611,0
78,49,2814,2784,2495,1015,0
78,50,2814,2784,582,952,0
78,51,2814,2784,2325,1655,0
78,52,2814,2784,627,564,0
78,53,2814,2784,118,1718,0
78,54,2814,2784,1703,700,0
78,55,2814,2784,1698,1595,0
78,56,2814,2784,2867,2916,0
78,57,2814,2784,2436,1514,0
78,58,2814,2784,2012,2768,0
78,59,2814,2784,2307,1019,0
78,60,2814,2784,59,2441,0
78,61,2814,2784,1399,1108,0
78,62,2814,2784,2643,1912,0
78,63,2814,2784,2219,2119,0
78,64,2814,2784,2401,2202,0
78,65,2814,2784,387,1838,0
78,66,2814,2784,1601,1532,0
78,67,2814,2784,2837,72,0
78,68,2814,2784,1391,2951,0
78,69,2814,2784,595,1317,0
78,70,2814,2784,2920,540,0
78,71,2814,2784,2816,2465,0
78,72,2814,2784,2231,1907,0
78,73,2814,2784,1470,2429,0
78,74,2814,2784,2847,1382,0
78,75,2814,2784,1398,2370,0
78,76,2814,2784,1762,2756,0
78,77,2814,2784,95,1819,0
78,79,2814,2784,2728,847,0
78,80,2814,2784,1380,2542,0
78,81,2814,2784,1722,2778,0
78,82,2814,2784,2181,2634,0
78,83,2814,2784,2405,2720,0
78,84,2814,2784,2862,2797,1
78,85,2814,2784,598,2000,0
78,86,2814,2784,2675,1916,0
78,87,2814,2784,2094,513,0
78,88,2814,2784,89,2129,0
78,89,2814,2784,1347,973,0
78,90,2814,2784,1412,647,0
78,91,2814,2784,2716,1699,0
78,92,2814,2784,2679,301,0
78,93,2814,2784,2086,1982,0
78,94,2814,2784,750,2399,0
78,95,2814,2784,503,2249,0
78,96,2814,2784,1529,2820,0
78,97,2814,2784,116,1176,0
78,98,2814,2784,692,2813,0
78,99,2814,2784,231,639,0
78,100,2814,2784,2740,2598,0
78,101,2814,2784,224,2208,0
78,102,2814,2784,1683,724,0
78,103,2814,2784,1276,2330,0
78,104,2814,2784,107,933,0
78,105,2814,2784,1480,2153,0
78,106,2814,2784,891,1933,0
78,107,2814,2784,2849,2170,0
78,108,2814,2784,1226,2205,0
78,109,2814,2784,1117,460,0
78,110,2814,2784,1597,111,0
78,111,2814,2784,2174,2704,0
78,112,2814,2784,811,90,0
78,113,2814,2784,260,692,0
78,114,2814,2784,1967,1969,0
78,115,2814,2784,1133,2946,0
78,116,2814,2784,786,2901,0
78,117,2814,2784,312,1389,0
78,118,2814,2784,2476,340,0
78,119,2814,2784,2362,2436,0
78,120,2814,2784,1679,1396,0
78,121,2814,2784,2646,1977,0
78,122,2814,2784,1769,2613,0
78,123,2814,2784,636,2906,0
78,124,2814,2784,2503,2888,0
78,125,2814,2784,727,2051,0
78,126,2814,2784,339,2092,0
78,127,2814,2784,2559,1995,0
78,128,2814,2784,1491,2896,0
78,129,2814,2784,2256,1576,0
78,130,2814,2784,335,2848,0
78,131,2814,2784,1279,994,0
78,132,2814,2784,191,2042,0
78,133,2814,2784,2815,2594,0
78,134,2814,2784,1341,659,0
78,135,2814,2784,202,1952,0
78,136,2814,2784,2049,235,0
78,137,2814,2784,949,365,0
78,138,2814,2784,442,484,0
78,139,2814,2784,1496,989,0
78,140,2814,2784,1432,2260,0
78,141,2814,2784,378,1386,0
78,142,2814,2784,251,778,0
78,143,2814,2784,483,113,0
78,144,2814,2784,2426,100,0
78,145,2814,2784,2388,1563,0
78,146,2814,2784,2427,2993,0
78,147,2814,2784,1415,940,0
78,148,2814,2784,40,1221,0
78,149,2814,2784,415,137,0
78,150,2814,2784,256,2140,0
78,151,2814,2784,90,1522,0
78,152,2814,2784,1589,989,0
78,153,2814,2784,341,205,0
78,154,2814,2784,883,1339,0
78,155,2814,2784,280,1464,0
78,156,2814,2784,1201,2822,0
78,157,2814,2784,2942,1389,0
78,158,2814,2784,1138,2750,0
78,159,2814,2784,2639,1778,0
78,160,2814,2784,662,429,0
78,161,2814,2784,652,7,0
78,162,2814,2784,2034,2057,0
78,163,2814,2784,2854,2051,0
78,164,2814,2784,1441,1791,0
78,165,2814,2784,2428,256,0
78,166,2814,2784,112,2528,0
78,167,2814,2784,2873,2538,0
78,168,2814,2784,2900,823,0
78,169,2814,2784,263,2591,0
78,170,2814,2784,486,2698,0
78,171,2814,2784,568,150,0
78,172,2814,2784,1194,2604,0
78,173,2814,2784,1563,2193,0
78,174,2814,2784,882,2764,0
78,175,2814,2784,1800,2849,0
78,176,2814,2784,58,2694,0
78,177,2814,2784,2845,282,0
78,178,2814,2784,2776,2400,0
78,179,2814,2784,2493,1574,0
78,180,2814,2784,1075,1910,0
78,181,2814,2784,449,428,0
78,182,2814,2784,2039,1945,0
78,183,2814,2784,2887,271,0
78,184,2814,2784,1400,2901,0
78,185,2814,2784,2908,1118,0
78,186,2814,2784,1650,1604,0
78,187,2814,2784,2331,1718,0
78,188,2814,2784,1439,133,0
78,189,2814,2784,42,79,0
78,190,2814,2784,1558,1707,0
78,191,2814,2784,177,1143,0
78,192,2814,2784,2585,1501,0
78,193,2814,2784,888,374,0
78,194,2814,2784,263,2834,0
78,195,2814,2784,1595,2302,0
79,0,2728,847,434,320,0
79,1,2728,847,571,1612,0
79,2,2728,847,135,2521,0
79,3,2728,847,1047,2342,0
79,4,2728,847,1231,1324,0
79,5,2728,847,675,751,0
79,6,2728,847,1122,987,0
79,7,2728,847,242,2916,0
79,8,2728,847,1743,2319,0
79,9,2728,847,2618,754,1
79,10,2728,847,2910,1478,0
79,11,2728,847,2108,832,0
79,12,2728,847,2,1143,0
79,13,2728,847,1115,2279,0
79,14,2728,847,1977,415,0
79,15,2728,847,2226,1439,0
79,16,2728,847,2325,1601,0
79,17,2728,847,2489,1612,0
79,18,2728,847,488,2077,0
79,19,2728,847,1366,798,0
79,20,2728,847,190,1364,0
79,21,2728,847,2898,1873,0
79,22,2728,847,2802,484,0
79,23,2728,847,1769,1361,0
79,24,2728,847,1719,2907,0
79,25,2728,847,203,816,0
79,26,2728,847,1401,1966,0
79,27,2728,847,565,2022,0
79,28,2728,847,2418,1484,0
79,29,2728,847,2744,2458,0
79,30,2728,847,2840,2909,0
79,31,2728,847,2633,2565,0
79,32,2728,847,2705,1885,0
79,33,2728,847,2153,2262,0
79,34,2728,847,387,708,0
79,35,2728,847,2510,1697,0
79,36,2728,847,648,2898,0
79,37,2728,847,652,1817,0
79,38,2728,847,1578,698,0
79,39,2728,847,2296,2101,0
79,40,2728,847,1931,2689,0
79,41,2728,847,526,1595,0
79,42,2728,847,2293,1825,0
79,43,2728,847,533,1404,0
79,44,2728,847,2655,608,0
79,45,2728,847,1891,927,0
79,46,2728,847,362,551,0
79,47,2728,847,517,432,0
79,48,2728,847,554,2611,0
79,49,2728,847,2495,1015,0
79,50,2728,847,582,952,0
79,51,2728,847,2325,1655,0
79,52,2728,847,627,564,0
79,53,2728,847,118,1718,0
79,54,2728,847,1703,700,0
79,55,2728,847,1698,1595,0
79,56,2728,847,2867,2916,0
79,57,2728,847,2436,1514,0
79,58,2728,847,2012,2768,0
79,59,2728,847,2307,1019,0
79,60,2728,847,59,2441,0
79,61,2728,847,1399,1108,0
79,62,2728,847,2643,1912,0
79,63,2728,847,2219,2119,0
79,64,2728,847,2401,2202,0
79,65,2728,847,387,1838,0
79,66,2728,847,1601,1532,0
79,67,2728,847,2837,72,0
79,68,2728,847,1391,2951,0
79,69,2728,847,595,1317,0
79,70,2728,847,2920,540,0
79,71,2728,847,2816,2465,0
79,72,2728,847,2231,1907,0
79,73,2728,847,1470,2429,0
79,74,2728,847,2847,1382,0
79,75,2728,847,1398,2370,0
79,76,2728,847,1762,2756,0
79,77,2728,847,95,1819,0
79,78,2728,847,2814,2784,0
79,80,2728,847,1380,2542,0
79,81,2728,847,1722,2778,0
79,82,2728,847,2181,2634,0
79,83,2728,847,2405,2720,0
79,84,2728,847,2862,2797,0
79,85,2728,847,598,2000,0
79,86,2728,847,2675,1916,0
79,87,2728,847,2094,513,0
79,88,2728,847,89,2129,0
79,89,2728,847,1347,973,0
79,90,2728,847,1412,647,0
79,91,2728,847,2716,1699,0
79,92,2728,847,2679,301,0
79,93,2728,847,2086,1982,0
79,94,2728,847,750,2399,0
79,95,2728,847,503,2249,0
79,96,2728,847,1529,2820,0
79,97,2728,847,116,1176,0
79,98,2728,847,692,2813,0
79,99,2728,847,231,639,0
79,100,2728,847,2740,2598,0
79,101,2728,847,224,2208,0
79,102,2728,847,1683,724,0
79,103,2728,847,1276,2330,0
79,104,2728,847,107,933,0
79,105,2728,847,1480,2153,0
79,106,2728,847,891,1933,0
79,107,2728,847,2849,2170,0
79,108,2728,847,1226,2205,0
79,109,2728,847,1117,460,0
79,110,2728,847,1597,111,0
79,111,2728,847,2174,2704,0
79,112,2728,847,811,90,0
79,113,2728,847,260,692,0
79,114,2728,847,1967,1969,0
79,115,2728,847,1133,2946,0
79,116,2728,847,786,2901,0
79,117,2728,847,312,1389,0
79,118,2728,847,2476,340,0
79,119,2728,847,2362,2436,0
79,120,2728,847,1679,1396,0
79,121,2728,847,2646,1977,0
79,122,2728,847,1769,2613,0
79,123,2728,847,636,2906,0
79,124,2728,847,2503,2888,0
79,125,2728,847,727,2051,0
79,126,2728,847,339,2092,0
79,127,2728,847,2559,1995,0
79,128,2728,847,1491,2896,0
79,129,2728,847,2256,1576,0
79,130,2728,847,335,2848,0
79,131,2728,847,1279,994,0
79,132,2728,847,191,2042,0
79,133,2728,847,2815,2594,0
79,134,2728,847,1341,659,0
79,135,2728,847,202,1952,0
79,136,2728,847,2049,235,0
79,137,2728,847,949,365,0
79,138,2728,847,442,484,0
79,139,2728,847,1496,989,0
79,140,2728,847,1432,2260,0
79,141,2728,847,378,1386,0
79,142,2728,847,251,778,0
79,143,2728,847,483,113,0
79,144,2728,847,2426,100,0
79,145,2728,847,2388,1563,0
79,146,2728,847,2427,2993,0
79,147,2728,847,1415,940,0
79,148,2728,847,40,1221,0
79,149,2728,847,415,137,0
79,150,2728,847,256,2140,0
79,151,2728,847,90,1522,0
79,152,2728,847,1589,989,0
79,153,2728,847,341,205,0
79,154,2728,847,883,1339,0
79,155,2728,847,280,1464,0
79,156,2728,847,1201,2822,0
79,157,2728,847,2942,1389,0
79,158,2728,847,1138,2750,0
79,159,2728,847,2639,1778,0
79,160,2728,847,662,429,0
79,161,2728,847,652,7,0
79,162,2728,847,2034,2057,0
79,163,2728,847,2854,2051,0
79,164,2728,847,1441,1791,0
79,165,2728,847,2428,256,0
79,166,2728,847,112,2528,0
79,167,2728,847,2873,2538,0
79,168,2728,847,2900,823,0
79,169,2728,847,263,2591,0
79,170,2728,847,486,2698,0
79,171,2728,847,568,150,0
79,172,2728,847,1194,2604,0
79,173,2728,847,1563,2193,0
79,174,2728,847,882,2764,0
79,175,2728,847,1800,2849,0
79,176,2728,847,58,2694,0
79,177,2728,847,2845,282,0
79,178,2728,847,2776,2400,0
79,179,2728,847,2493,1574,0
79,180,2728,847,1075,1910,0
79,181,2728,847,449,428,0
79,182,2728,847,2039,1945,0
79,183,2728,847,2887,271,0
79,184,2728,847,1400,2901,0
79,185,2728,847,2908,1118,0
79,186,2728,847,1650,1604,0
79,187,2728,847,2331,1718,0
79,188,2728,847,1439,133,0
79,189,2728,847,42,79,0
79,190,2728,847,1558,1707,0
79,191,2728,847,177,1143,0
79,192,2728,847,2585,1501,0
79,193,2728,847,888,374,0
79,194,2728,847,263,2834,0
79,195,2728,847,1595,2302,0
80,0,1380,2542,434,320,0
80,1,1380,2542,571,1612,0
80,2,1380,2542,135,2521,0
80,3,1380,2542,1047,2342,0
80,4,1380,2542,1231,1324,0
80,5,1380,2542,675,751,0
80,6,1380,2542,1122,987,0
80,7,1380,2542,242,2916,0
80,8,1380,2542,1743,2319,0
80,9,1380,2542,2618,754,0
80,10,1380,2542,2910,1478,0
80,11,1380,2542,2108,832,0
80,12,1380,2542,2,1143,0
80,13,1380,2542,1115,2279,0
80,14,1380,2542,1977,415,0
80,15,1380,2542,2226,1439,0
80,16,1380,2542,2325,1601,0
80,17,1380,2542,2489,1612,0
80,18,1380,2542,488,2077,0
80,19,1380,2542,1366,798,0
80,20,1380,2542,190,1364,0
80,21,1380,2542,2898,1873,0
80,22,1380,2542,2802,484,0
80,23,1380,2542,1769,1361,0
80,24,1380,2542,1719,2907,0
80,25,1380,2542,203,816,0
80,26,1380,2542,1401,1966,0
80,27,1380,2542,565,2022,0
80,28,1380,2542,2418,1484,0
80,29,1380,2542,2744,2458,0
80,30,1380,2542,2840,2909,0
80,31,1380,2542,2633,2565,0
80,32,1380,2542,2705,1885,0
80,33,1380,2542,2153,2262,0
80,34,1380,2542,387,708,0
80,35,1380,2542,2510,1697,0
80,36,1380,2542,648,2898,0
80,37,1380,2542,652,1817,0
80,38,1380,2542,1578,698,0
80,39,1380,2542,2296,2101,0
80,40,1380,2542,1931,2689,0
80,41,1380,2542,526,1595,0
80,42,1380,2542,2293,1825,0
80,43,1380,2542,533,1404,0
80,44,1380,2542,2655,608,0
80,45,1380,2542,1891,927,0
80,46,1380,2542,362,551,0
80,47,1380,2542,517,432,0
80,48,1380,2542,554,2611,0
80,49,1380,2542,2495,1015,0
80,50,1380,2542,582,952,0
80,51,1380,2542,2325,1655,0
80,52,1380,2542,627,564,0
80,53,1380,2542,118,1718,0
80,54,1380,2542,1703,700,0
80,55,1380,2542,1698,1595,0
80,56,1380,2542,2867,2916,0
80,57,1380,2542,2436,1514,0
80,58,1380,2542,2012,2768,0
80,59,1380,2542,2307,1019,0
80,60,1380,2542,59,2441,0
80,61,1380,2542,1399,1108,0
80,62,1380,2542,2643,1912,0
80,63,1380,2542,2219,2119,0
80,64,1380,2542,2401,2202,0
80,65,1380,2542,387,1838,0
80,66,1380,2542,1601,1532,0
80,67,1380,2542,2837,72,0
80,68,1380,2542,1391,2951,0
80,69,1380,2542,595,1317,0
80,70,1380,2542,2920,540,0
80,71,1380,2542,2816,2465,0
80,72,1380,2542,2231,1907,0
80,73,1380,2542,1470,2429,1
80,74,1380,2542,2847,1382,0
80,75,1380,2542,1398,2370,0
80,76,1380,2542,1762,2756,0
80,77,1380,2542,95,1819,0
80,78,1380,2542,2814,2784,0
80,79,1380,2542,2728,847,0
80,81,1380,2542,1722,2778,0
80,82,1380,2542,2181,2634,0
80,83,1380,2542,2405,2720,0
80,84,1380,2542,2862,2797,0
80,85,1380,2542,598,2000,0
80,86,1380,2542,2675,1916,0
80,87,1380,2542,2094,513,0
80,88,1380,2542,89,2129,0
80,89,1380,2542,1347,973,0
80,90,1380,2542,1412,647,0
80,91,1380,2542,2716,1699,0
80,92,1380,2542,2679,301,0
80,93,1380,2542,2086,1982,0
80,94,1380,2542,750,2399,0
80,95,1380,2542,503,2249,0
80,96,1380,2542,1529,2820,0
80,97,1380,2542,116,1176,0
80,98,1380,2542,692,2813,0
80,99,1380,2542,231,639,0
80,100,1380,2542,2740,2598,0
80,101,1380,2542,224,2208,0
80,102,1380,2542,1683,724,0
80,103,1380,2542,1276,2330,0
80,104,1380,2542,107,933,0
80,105,1380,2542,1480,2153,0
80,106,1380,2542,891,1933,0
80,107,1380,2542,2849,2170,0
80,108,1380,2542,1226,2205,0
80,109,1380,2542,1117,460,0
80,110,1380,2542,1597,111,0
80,111,1380,2542,2174,2704,0
80,112,1380,2542,811,90,0
80,113,1380,2542,260,692,0
80,114,1380,2542,1967,1969,0
80,115,1380,2542,1133,2946,0
80,116,1380,2542,786,2901,0
80,117,1380,2542,312,1389,0
80,118,1380,2542,2476,340,0
80,119,1380,2542,2362,2436,0
80,120,1380,2542,1679,1396,0
80,121,1380,2542,2646,1977,0
80,122,1380,2542,1769,2613,0
80,123,1380,2542,636,2906,0
80,124,1380,2542,2503,2888,0
80,125,1380,2542,727,2051,0
80,126,1380,2542,339,2092,0
80,127,1380,2542,2559,1995,0
80,128,1380,2542,1491,2896,0
80,129,1380,2542,2256,1576,0
80,130,1380,2542,335,2848,0
80,131,1380,2542,1279,994,0
80,132,1380,2542,191,2042,0
80,133,1380,2542,2815,2594,0
80,134,1380,2542,1341,659,0
80,135,1380,2542,202,1952,0
80,136,1380,2542,2049,235,0
80,137,1380,2542,949,365,0
80,138,1380,2542,442,484,0
80,139,1380,2542,1496,989,0
80,140,1380,2542,1432,2260,0
80,141,1380,2542,378,1386,0
80,142,1380,2542,251,778,0
80,143,1380,2542,483,113,0
80,144,1380,2542,2426,100,0
80,145,1380,2542,2388,1563,0
80,146,1380,2542,2427,2993,0
80,147,1380,2542,1415,940,0
80,148,1380,2542,40,1221,0
80,149,1380,2542,415,137,0
80,150,1380,2542,256,2140,0
80,151,1380,2542,90,1522,0
80,152,1380,2542,1589,989,0
80,153,1380,2542,341,205,0
80,154,1380,2542,883,1339,0
80,155,1380,2542,280,1464,0
80,156,1380,2542,1201,2822,0
80,157,1380,2542,2942,1389,0
80,158,1380,2542,1138,2750,0
80,159,1380,2542,2639,1778,0
80,160,1380,2542,662,429,0
80,161,1380,2542,652,7,0
80,162,1380,2542,2034,2057,0
80,163,1380,2542,2854,2051,0
80,164,1380,2542,1441,1791,0
80,165,1380,2542,2428,256,0
80,166,1380,2542,112,2528,0
80,167,1380,2542,2873,2538,0
80,168,1380,2542,2900,823,0
80,169,1380,2542,263,2591,0
80,170,1380,2542,486,2698,0
80,171,1380,2542,568,150,0
80,172,1380,2542,1194,2604,0
80,173,1380,2542,1563,2193,0
80,174,1380,2542,882,2764,0
80,175,1380,2542,1800,2849,0
80,176,1380,2542,58,2694,0
80,177,1380,2542,2845,282,0
80,178,1380,2542,2776,2400,0
80,179,1380,2542,2493,1574,0
80,180,1380,2542,1075,1910,0
80,181,1380,2542,449,428,0
80,182,1380,2542,2039,1945,0
80,183,1380,2542,2887,271,0
80,184,1380,2542,1400,2901,0
80,185,1380,2542,2908,1118,0
80,186,1380,2542,1650,1604,0
80,187,1380,2542,2331,1718,0
80,188,1380,2542,1439,133,0
80,189,1380,2542,42,79,0
80,190,1380,2542,1558,1707,0
80,191,1380,2542,177,1143,0
80,192,1380,2542,2585,1501,0
80,193,1380,2542,888,374,0
80,194,1380,2542,263,2834,0
80,195,1380,2542,1595,2302,0
81,0,1722,2778,434,320,0
81,1,1722,2778,571,1612,0
81,2,1722,2778,135,2521,0
81,3,1722,2778,1047,2342,0
81,4,1722,2778,1231,1324,0
81,5,1722,2778,675,751,0
81,6,1722,2778,1122,987,0
81,7,1722,2778,242,2916,0
81,8,1722,2778,1743,2319,0
81,9,1722,2778,2618,754,0
81,10,1722,2778,2910,1478,0
81,11,1722,2778,2108,832,0
81,12,1722,2778,2,1143,0
81,13,1722,2778,1115,2279,0
81,14,1722,2778,1977,415,0
81,15,1722,2778,2226,1439,0
81,16,1722,2778,2325,1601,0
81,17,1722,2778,2489,1612,0
81,18,1722,2778,488,2077,0
81,19,1722,2778,1366,798,0
81,20,1722,2778,190,1364,0
81,21,1722,2778,2898,1873,0
81,22,1722,2778,2802,484,0
81,23,1722,2778,1769,1361,0
81,24,1722,2778,1719,2907,0
81,25,1722,2778,203,816,0
81,26,1722,2778,1401,1966,0
81,27,1722,2778,565,2022,0
81,28,1722,2778,2418,1484,0
81,29,1722,2778,2744,2458,0
81,30,1722,2778,2840,2909,0
81,31,1722,2778,2633,2565,0
81,32,1722,2778,2705,1885,0
81,33,1722,2778,2153,2262,0
81,34,1722,2778,387,708,0
81,35,1722,2778,2510,1697,0
81,36,1722,2778,648,2898,0
81,37,1722,2778,652,1817,0
81,38,1722,2778,1578,698,0
81,39,1722,2778,2296,2101,0
81,40,1722,2778,1931,2689,0
81,41,1722,2778,526,1595,0
81,42,1722,2778,2293,1825,0
81,43,1722,2778,533,1404,0
81,44,1722,2778,2655,608,0
81,45,1722,2778,1891,927,0
81,46,1722,2778,362,551,0
81,47,1722,2778,517,432,0
81,48,1722,2778,554,2611,0
81,49,1722,2778,2495,1015,0
81,50,1722,2778,582,952,0
81,51,1722,2778,2325,1655,0
81,52,1722,2778,627,564,0
81,53,1722,2778,118,1718,0
81,54,1722,2778,1703,700,0
81,55,1722,2778,1698,1595,0
81,56,1722,2778,2867,2916,0
81,57,1722,2778,2436,1514,0
81,58,1722,2778,2012,2768,0
81,59,1722,2778,2307,1019,0
81,60,1722,2778,59,2441,0
81,61,1722,2778,1399,1108,0
81,62,1722,2778,2643,1912,0
81,63,1722,2778,2219,2119,0
81,64,1722,2778,2401,2202,0
81,65,1722,2778,387,1838,0
81,66,1722,2778,1601,1532,0
81,67,1722,2778,2837,72,0
81,68,1722,2778,1391,2951,0
81,69,1722,2778,595,1317,0
81,70,1722,2778,2920,540,0
81,71,1722,2778,2816,2465,0
81,72,1722,2778,2231,1907,0
81,73,1722,2778,1470,2429,0
81,74,1722,2778,2847,1382,0
81,75,1722,2778,1398,2370,0
81,76,1722,2778,1762,2756,0
81,77,1722,2778,95,1819,0
81,78,1722,2778,2814,2784,0
81,79,1722,2778,2728,847,0
81,80,1722,2778,1380,2542,0
81,82,1722,2778,2181,2634,0
81,83,1722,2778,2405,2720,0
81,84,1722,2778,2862,2797,0
81,85,1722,2778,598,2000,0
81,86,1722,2778,2675,1916,0
81,87,1722,2778,2094,513,0
81,88,1722,2778,89,2129,0
81,89,1722,2778,1347,973,0
81,90,1722,2778,1412,647,0
81,91,1722,2778,2716,1699,0
81,92,1722,2778,2679,301,0
81,93,1722,2778,2086,1982,0
81,94,1722,2778,750,2399,0
81,95,1722,2778,503,2249,0
81,96,1722,2778,1529,2820,0
81,97,1722,2778,116,1176,0
81,98,1722,2778,692,2813,0
81,99,1722,2778,231,639,0
81,100,1722,2778,2740,2598,0
81,101,1722,2778,224,2208,0
81,102,1722,2778,1683,724,0
81,103,1722,2778,1276,2330,0
81,104,1722,2778,107,933,0
81,105,1722,2778,1480,2153,0
81,106,1722,2778,891,1933,0
81,107,1722,2778,2849,2170,0
81,108,1722,2778,1226,2205,0
81,109,1722,2778,1117,460,0
81,110,1722,2778,1597,111,0
81,111,1722,2778,2174,2704,0
81,112,1722,2778,811,90,0
81,113,1722,2778,260,692,0
81,114,1722,2778,1967,1969,0
81,115,1722,2778,1133,2946,0
81,116,1722,2778,786,2901,0
81,117,1722,2778,312,1389,0
81,118,1722,2778,2476,340,0
81,119,1722,2778,2362,2436,0
81,120,1722,2778,1679,1396,0
81,121,1722,2778,2646,1977,0
81,122,1722,2778,1769,2613,0
81,123,1722,2778,636,2906,0
81,124,1722,2778,2503,2888,0
81,125,1722,2778,727,2051,0
81,126,1722,2778,339,2092,0
81,127,1722,2778,2559,1995,0
81,128,1722,2778,1491,2896,0
81,129,1722,2778,2256,1576,0
81,130,1722,2778,335,2848,0
81,131,1722,2778,1279,994,0
81,132,1722,2778,191,2042,0
81,133,1722,2778,2815,2594,0
81,134,1722,2778,1341,659,0
81,135,1722,2778,202,1952,0
81,136,1722,2778,2049,235,0
81,137,1722,2778,949,365,0
81,138,1722,2778,442,484,0
81,139,1722,2778,1496,989,0
81,140,1722,2778,1432,2260,0
81,141,1722,2778,378,1386,0
81,142,1722,2778,251,778,0
81,143,1722,2778,483,113,0
81,144,1722,2778,2426,100,0
81,145,1722,2778,2388,1563,0
81,146,1722,2778,2427,2993,0
81,147,1722,2778,1415,940,0
81,148,1722,2778,40,1221,0
81,149,1722,2778,415,137,0
81,150,1722,2778,256,2140,0
81,151,1722,2778,90,1522,0
81,152,1722,2778,1589,989,0
81,153,1722,2778,341,205,0
81,154,1722,2778,883,1339,0
81,155,1722,2778,280,1464,0
81,156,1722,2778,1201,2822,0
81,157,1722,2778,2942,1389,0
81,158,1722,2778,1138,2750,0
81,159,1722,2778,2639,1778,0
81,160,1722,2778,662,429,0
81,161,1722,2778,652,7,0
81,162,1722,2778,2034,2057,0
81,163,1722,2778,2854,2051,0
81,164,1722,2778,1441,1791,0
81,165,1722,2778,2428,256,0
81,166,1722,2778,112,2528,0
81,167,1722,2778,2873,2538,0
81,168,1722,2778,2900,823,0
81,169,1722,2778,263,2591,0
81,170,1722,2778,486,2698,0
81,171,1722,2778,568,150,0
81,172,1722,2778,1194,2604,0
81,173,1722,2778,1563,2193,0
81,174,1722,2778,882,2764,0
81,175,1722,2778,1800,2849,1
81,176,1722,2778,58,2694,0
81,177,1722,2778,2845,282,0
81,178,1722,2778,2776,2400,0
81,179,1722,2778,2493,1574,0
81,180,1722,2778,1075,1910,0
81,181,1722,2778,449,428,0
81,182,1722,2778,2039,1945,0
81,183,1722,2778,2887,271,0
81,184,1722,2778,1400,2901,0
81,185,1722,2778,2908,1118,0
81,186,1722,2778,1650,1604,0
81,187,1722,2778,2331,1718,0
81,188,1722,2778,1439,133,0
81,189,1722,2778,42,79,0
81,190,1722,2778,1558,1707,0
81,191,1722,2778,177,1143,0
81,192,1722,2778,2585,1501,0
81,193,1722,2778,888,374,0
81,194,1722,2778,263,2834,0
81,195,1722,2778,1595,2302,0
82,0,2181,2634,434,320,0
82,1,2181,2634,571,1612,0
82,2,2181,2634,135,2521,0
82,3,2181,2634,1047,2342,0
82,4,2181,2634,1231,1324,0
82,5,2181,2634,675,751,0
82,6,2181,2634,1122,987,0
82,7,2181,2634,242,2916,0
82,8,2181,2634,1743,2319,0
82,9,2181,2634,2618,754,0
82,10,2181,2634,2910,1478,0
82,11,2181,2634,2108,832,0
82,12,2181,2634,2,1143,0
82,13,2181,2634,1115,2279,0
82,14,2181,2634,1977,415,0
82,15,2181,2634,2226,1439,0
82,16,2181,2634,2325,1601,0
82,17,2181,2634,2489,1612,0
82,18,2181,2634,488,2077,0
82,19,2181,2634,1366,798,0
82,20,2181,2634,190,1364,0
82,21,2181,2634,2898,1873,0
82,22,2181,2634,2802,484,0
82,23,2181,2634,1769,1361,0
82,24,2181,2634,1719,2907,0
82,25,2181,2634,203,816,0
82,26,2181,2634,1401,1966,0
82,27,2181,2634,565,2022,0
82,28,2181,2634,2418,1484,0
82,29,2181,2634,2744,2458,0
82,30,2181,2634,2840,2909,0
82,31,2181,2634,2633,2565,0
82,32,2181,2634,2705,1885,0
82,33,2181,2634,2153,2262,0
82,34,2181,2634,387,708,0
82,35,2181,2634,2510,1697,0
82,36,2181,2634,648,2898,0
82,37,2181,2634,652,1817,0
82,38,2181,2634,1578,698,0
82,39,2181,2634,2296,2101,0
82,40,2181,2634,1931,2689,0
82,41,2181,2634,526,1595,0
82,42,2181,2634,2293,1825,0
82,43,2181,2634,533,1404,0
82,44,2181,2634,2655,608,0
82,45,2181,2634,1891,927,0
82,46,2181,2634,362,551,0
82,47,2181,2634,517,432,0
82,48,2181,2634,554,2611,0
82,49,2181,2634,2495,1015,0
82,50,2181,2634,582,952,0
82,51,2181,2634,2325,1655,0
82,52,2181,2634,627,564,0
82,53,2181,2634,118,1718,0
82,54,2181,2634,1703,700,0
82,55,2181,2634,1698,1595,0
82,56,2181,2634,2867,2916,0
82,57,2181,2634,2436,1514,0
82,58,2181,2634,2012,2768,0
82,59,2181,2634,2307,1019,0
82,60,2181,2634,59,2441,0
82,61,2181,2634,1399,1108,0
82,62,2181,2634,2643,1912,0
82,63,2181,2634,2219,2119,0
82,64,2181,2634,2401,2202,0
82,65,2181,2634,387,1838,0
82,66,2181,2634,1601,1532,0
82,67,2181,2634,2837,72,0
82,68,2181,2634,1391,2951,0
82,69,2181,2634,595,1317,0
82,70,2181,2634,2920,540,0
82,71,2181,2634,2816,2465,0
82,72,2181,2634,2231,1907,0
82,73,2181,2634,1470,2429,0
82,74,2181,2634,2847,1382,0
82,75,2181,2634,1398,2370,0
82,76,2181,2634,1762,2756,0
82,77,2181,2634,95,1819,0
82,78,2181,2634,2814,2784,0
82,79,2181,2634,2728,847,0
82,80,2181,2634,1380,2542,0
82,81,2181,2634,1722,2778,0
82,83,2181,2634,2405,2720,0
82,84,2181,2634,2862,2797,0
82,85,2181,2634,598,2000,0
82,86,2181,2634,2675,1916,0
82,87,2181,2634,2094,513,0
82,88,2181,2634,89,2129,0
82,89,2181,2634,1347,973,0
82,90,2181,2634,1412,647,0
82,91,2181,2634,2716,1699,0
82,92,2181,2634,2679,301,0
82,93,2181,2634,2086,1982,0
82,94,2181,2634,750,2399,0
82,95,2181,2634,503,2249,0
82,96,2181,2634,1529,2820,0
82,97,2181,2634,116,1176,0
82,98,2181,2634,692,2813,0
82,99,2181,2634,231,639,0
82,100,2181,2634,2740,2598,0
82,101,2181,2634,224,2208,0
82,102,2181,2634,1683,724,0
82,103,2181,2634,1276,2330,0
82,104,2181,2634,107,933,0
82,105,2181,2634,1480,2153,0
82,106,2181,2634,891,1933,0
82,107,2181,2634,2849,2170,0
82,108,2181,2634,1226,2205,0
82,109,2181,2634,1117,460,0
82,110,2181,2634,1597,111,0
82,111,2181,2634,2174,2704,1
82,112,2181,2634,811,90,0
82,113,2181,2634,260,692,0
82,114,2181,2634,1967,1969,0
82,115,2181,2634,1133,2946,0
82,116,2181,2634,786,2901,0
82,117,2181,2634,312,1389,0
82,118,2181,2634,2476,340,0
82,119,2181,2634,2362,2436,0
82,120,2181,2634,1679,1396,0
82,121,2181,2634,2646,1977,0
82,122,2181,2634,1769,2613,0
82,123,2181,2634,636,2906,0
82,124,2181,2634,2503,2888,0
82,125,2181,2634,727,2051,0
82,126,2181,2634,339,2092,0
82,127,2181,2634,2559,1995,0
82,128,2181,2634,1491,2896,0
82,129,2181,2634,2256,1576,0
82,130,2181,2634,335,2848,0
82,131,2181,2634,1279,994,0
82,132,2181,2634,191,2042,0
82,133,2181,2634,2815,2594,0
82,134,2181,2634,1341,659,0
82,135,2181,2634,202,1952,0
82,136,2181,2634,2049,235,0
82,137,2181,2634,949,365,0
82,138,2181,2634,442,484,0
82,139,2181,2634,1496,989,0
82,140,2181,2634,1432,2260,0
82,141,2181,2634,378,1386,0
82,142,2181,2634,251,778,0
82,143,2181,2634,483,113,0
82,144,2181,2634,2426,100,0
82,145,2181,2634,2388,1563,0
82,146,2181,2634,2427,2993,0
82,147,2181,2634,1415,940,0
82,148,2181,2634,40,1221,0
82,149,2181,2634,415,137,0
82,150,2181,2634,256,2140,0
82,151,2181,2634,90,1522,0
82,152,2181,2634,1589,989,0
82,153,2181,2634,341,205,0
82,154,2181,2634,883,1339,0
82,155,2181,2634,280,1464,0
82,156,2181,2634,1201,2822,0
82,157,2181,2634,2942,1389,0
82,158,2181,2634,1138,2750,0
82,159,2181,2634,2639,1778,0
82,160,2181,2634,662,429,0
82,161,2181,2634,652,7,0
82,162,2181,2634,2034,2057,0
82,163,2181,2634,2854,2051,0
82,164,2181,2634,1441,1791,0
82,165,2181,2634,2428,256,0
82,166,2181,2634,112,2528,0
82,167,2181,2634,2873,2538,0
82,168,2181,2634,2900,823,0
82,169,2181,2634,263,2591,0
82,170,2181,2634,486,2698,0
82,171,2181,2634,568,150,0
82,172,2181,2634,1194,2604,0
82,173,2181,2634,1563,2193,0
82,174,2181,2634,882,2764,0
82,175,2181,2634,1800,2849,0
82,176,2181,2634,58,2694,0
82,177,2181,2634,2845,282,0
82,178,2181,2634,2776,2400,0
82,179,2181,2634,2493,1574,0
82,180,2181,2634,1075,1910,0
82,181,2181,2634,449,428,0
82,182,2181,2634,2039,1945,0
82,183,2181,2634,2887,271,0
82,184,2181,2634,1400,2901,0
82,185,2181,2634,2908,1118,0
82,186,2181,2634,1650,1604,0
82,187,2181,2634,2331,1718,0
82,188,2181,2634,1439,133,0
82,189,2181,2634,42,79,0
82,190,2181,2634,1558,1707,0
82,191,2181,2634,177,1143,0
82,192,2181,2634,2585,1501,0
82,193,2181,2634,888,374,0
82,194,2181,2634,263,2834,0
82,195,2181,2634,1595,2302,0
83,0,2405,2720,434,320,0
83,1,2405,2720,571,1612,0
83,2,2405,2720,135,2521,0
83,3,2405,2720,1047,2342,0
83,4,2405,2720,1231,1324,0
83,5,2405,2720,675,751,0
83,6,2405,2720,1122,987,0
83,7,2405,2720,242,2916,0
83,8,2405,2720,1743,2319,0
83,9,2405,2720,2618,754,0
83,10,2405,2720,2910,1478,0
83,11,2405,2720,2108,832,0
83,12,2405,2720,2,1143,0
83,13,2405,2720,1115,2279,0
83,14,2405,2720,1977,415,0
83,15,2405,2720,2226,1439,0
83,16,2405,2720,2325,1601,0
83,17,2405,2720,2489,1612,0
83,18,2405,2720,488,2077,0
83,19,2405,2720,1366,798,0
83,20,2405,2720,190,1364,0
83,21,2405,2720,2898,1873,0
83,22,2405,2720,2802,484,0
83,23,2405,2720,1769,1361,0
83,24,2405,2720,1719,2907,0
83,25,2405,2720,203,816,0
83,26,2405,2720,1401,1966,0
83,27,2405,2720,565,2022,0
83,28,2405,2720,2418,1484,0
83,29,2405,2720,2744,2458,0
83,30,2405,2720,2840,2909,0
83,31,2405,2720,2633,2565,0
83,32,2405,2720,2705,1885,0
83,33,2405,2720,2153,2262,0
83,34,2405,2720,387,708,0
83,35,2405,2720,2510,1697,0
83,36,2405,2720,648,2898,0
83,37,2405,2720,652,1817,0
83,38,2405,2720,1578,698,0
83,39,2405,2720,2296,2101,0
83,40,2405,2720,1931,2689,0
83,41,2405,2720,526,1595,0
83,42,2405,2720,2293,1825,0
83,43,2405,2720,533,1404,0
83,44,2405,2720,2655,608,0
83,45,2405,2720,1891,927,0
83,46,2405,2720,362,551,0
83,47,2405,2720,517,432,0
83,48,2405,2720,554,2611,0
83,49,2405,2720,2495,1015,0
83,50,2405,2720,582,952,0
83,51,2405,2720,2325,1655,0
83,52,2405,2720,627,564,0
83,53,2405,2720,118,1718,0
83,54,2405,2720,1703,700,0
83,55,2405,2720,1698,1595,0
83,56,2405,2720,2867,2916,0
83,57,2405,2720,2436,1514,0
83,58,2405,2720,2012,2768,0
83,59,2405,2720,2307,1019,0
83,60,2405,2720,59,2441,0
83,61,2405,2720,1399,1108,0
83,62,2405,2720,2643,1912,0
83,63,2405,2720,2219,2119,0
83,64,2405,2720,2401,2202,0
83,65,2405,2720,387,1838,0
83,66,2405,2720,1601,1532,0
83,67,2405,2720,2837,72,0
83,68,2405,2720,1391,2951,0
83,69,2405,2720,595,1317,0
83,70,2405,2720,2920,540,0
83,71,2405,2720,2816,2465,0
83,72,2405,2720,2231,1907,0
83,73,2405,2720,1470,2429,0
83,74,2405,2720,2847,1382,0
83,75,2405,2720,1398,2370,0
83,76,2405,2720,1762,2756,0
83,77,2405,2720,95,1819,0
83,78,2405,2720,2814,2784,0
83,79,2405,2720,2728,847,0
83,80,2405,2720,1380,2542,0
83,81,2405,2720,1722,2778,0
83,82,2405,2720,2181,2634,0
83,84,2405,2720,2862,2797,0
83,85,2405,2720,598,2000,0
83,86,2405,2720,2675,1916,0
83,87,2405,2720,2094,513,0
83,88,2405,2720,89,2129,0
83,89,2405,2720,1347,973,0
83,90,2405,2720,1412,647,0
83,91,2405,2720,2716,1699,0
83,92,2405,2720,2679,301,0
83,93,2405,2720,2086,1982,0
83,94,2405,2720,750,2399,0
83,95,2405,2720,503,2249,0
83,96,2405,2720,1529,2820,0
83,97,2405,2720,116,1176,0
83,98,2405,2720,692,2813,0
83,99,2405,2720,231,639,0
83,100,2405,2720,2740,2598,0
83,101,2405,2720,224,2208,0
83,102,2405,2720,1683,724,0
83,103,2405,2720,1276,2330,0
83,104,2405,2720,107,933,0
83,105,2405,2720,1480,2153,0
83,106,2405,2720,891,1933,0
83,107,2405,2720,2849,2170,0
83,108,2405,2720,1226,2205,0
83,109,2405,2720,1117,460,0
83,110,2405,2720,1597,111,0
83,111,2405,2720,2174,2704,0
83,112,2405,2720,811,90,0
83,113,2405,2720,260,692,0
83,114,2405,2720,1967,1969,0
83,115,2405,2720,1133,2946,0
83,116,2405,2720,786,2901,0
83,117,2405,2720,312,1389,0
83,118,2405,2720,2476,340,0
83,119,2405,2720,2362,2436,1
83,120,2405,2720,1679,1396,0
83,121,2405,2720,2646,1977,0
83,122,2405,2720,1769,2613,0
83,123,2405,2720,636,2906,0
83,124,2405,2720,2503,2888,0
83,125,2405,2720,727,2051,0
83,126,2405,2720,339,2092,0
83,127,2405,2720,2559,1995,0
83,128,2405,2720,1491,2896,0
83,129,2405,2720,2256,1576,0
83,130,2405,2720,335,2848,0
83,131,2405,2720,1279,994,0
83,132,2405,2720,191,2042,0
83,133,2405,2720,2815,2594,0
83,134,2405,2720,1341,659,0
83,135,2405,2720,202,1952,0
83,136,2405,2720,2049,235,0
83,137,2405,2720,949,365,0
83,138,2405,2720,442,484,0
83,139,2405,2720,1496,989,0
83,140,2405,2720,1432,2260,0
83,141,2405,2720,378,1386,0
83,142,2405,2720,251,778,0
83,143,2405,2720,483,113,0
83,144,2405,2720,2426,100,0
83,145,2405,2720,2388,1563,0
83,146,2405,2720,2427,2993,0
83,147,2405,2720,1415,940,0
83,148,2405,2720,40,1221,0
83,149,2405,2720,415,137,0
83,150,2405,2720,256,2140,0
83,151,2405,2720,90,1522,0
83,152,2405,2720,1589,989,0
83,153,2405,2720,341,205,0
83,154,2405,2720,883,1339,0
83,155,2405,2720,280,1464,0
83,156,2405,2720,1201,2822,0
83,157,2405,2720,2942,1389,0
83,158,2405,2720,1138,2750,0
83,159,2405,2720,2639,1778,0
83,160,2405,2720,662,429,0
83,161,2405,2720,652,7,0
83,162,2405,2720,2034,2057,0
83,163,2405,2720,2854,2051,0
83,164,2405,2720,1441,1791,0
83,165,2405,2720,2428,256,0
83,166,2405,2720,112,2528,0
83,167,2405,2720,2873,2538,0
83,168,2405,2720,2900,823,0
83,169,2405,2720,263,2591,0
83,170,2405,2720,486,2698,0
83,171,2405,2720,568,150,0
83,172,2405,2720,1194,2604,0
83,173,2405,2720,1563,2193,0
83,174,2405,2720,882,2764,0
83,175,2405,2720,1800,2849,0
83,176,2405,2720,58,2694,0
83,177,2405,2720,2845,282,0
83,178,2405,2720,2776,2400,0
83,179,2405,2720,2493,1574,0
83,180,2405,2720,1075,1910,0
83,181,2405,2720,449,428,0
83,182,2405,2720,2039,1945,0
83,183,2405,2720,2887,271,0
83,184,2405,2720,1400,2901,0
83,185,2405,2720,2908,1118,0
83,186,2405,2720,1650,1604,0
83,187,2405,2720,2331,1718,0
83,188,2405,2720,1439,133,0
83,189,2405,2720,42,79,0
83,190,2405,2720,1558,1707,0
83,191,2405,2720,177,1143,0
83,192,2405,2720,2585,1501,0
83,193,2405,2720,888,374,0
83,194,2405,2720,263,2834,0
83,195,2405,2720,1595,2302,0
84,0,2862,2797,434,320,0
84,1,2862,2797,571,1612,0
84,2,2862,2797,135,2521,0
84,3,2862,2797,1047,2342,0
84,4,2862,2797,1231,1324,0
84,5,2862,2797,675,751,0
84,6,2862,2797,1122,987,0
84,7,2862,2797,242,2916,0
84,8,2862,2797,1743,2319,0
84,9,2862,2797,2618,754,0
84,10,2862,2797,2910,1478,0
84,11,2862,2797,2108,832,0
84,12,2862,2797,2,1143,0
84,13,2862,2797,1115,2279,0
84,14,2862,2797,1977,415,0
84,15,2862,2797,2226,1439,0
84,16,2862,2797,2325,1601,0
84,17,2862,2797,2489,1612,0
84,18,2862,2797,488,2077,0
84,19,2862,2797,1366,798,0
84,20,2862,2797,190,1364,0
84,21,2862,2797,2898,1873,0
84,22,2862,2797,2802,484,0
84,23,2862,2797,1769,1361,0
84,24,2862,2797,1719,2907,0
84,25,2862,2797,203,816,0
84,26,2862,2797,1401,1966,0
84,27,2862,2797,565,2022,0
84,28,2862,2797,2418,1484,0
84,29,2862,2797,2744,2458,0
84,30,2862,2797,2840,2909,0
84,31,2862,2797,2633,2565,0
84,32,2862,2797,2705,1885,0
84,33,2862,2797,2153,2262,0
84,34,2862,2797,387,708,0
84,35,2862,2797,2510,1697,0
84,36,2862,2797,648,2898,0
84,37,2862,2797,652,1817,0
84,38,2862,2797,1578,698,0
84,39,2862,2797,2296,2101,0
84,40,2862,2797,1931,2689,0
84,41,2862,2797,526,1595,0
84,42,2862,2797,2293,1825,0
84,43,2862,2797,533,1404,0
84,44,2862,2797,2655,608,0
84,45,2862,2797,1891,927,0
84,46,2862,2797,362,551,0
84,47,2862,2797,517,432,0
84,48,2862,2797,554,2611,0
84,49,2862,2797,2495,1015,0
84,50,2862,2797,582,952,0
84,51,2862,2797,2325,1655,0
84,52,2862,2797,627,564,0
84,53,2862,2797,118,1718,0
84,54,2862,2797,1703,700,0
84,55,2862,2797,1698,1595,0
84,56,2862,2797,2867,2916,1
84,57,2862,2797,2436,1514,0
84,58,2862,2797,2012,2768,0
84,59,2862,2797,2307,1019,0
84,60,2862,2797,59,2441,0
84,61,2862,2797,1399,1108,0
84,62,2862,2797,2643,1912,0
84,63,2862,2797,2219,2119,0
84,64,2862,2797,2401,2202,0
84,65,2862,2797,387,1838,0
84,66,2862,2797,1601,1532,0
84,67,2862,2797,2837,72,0
84,68,2862,2797,1391,2951,0
84,69,2862,2797,595,1317,0
84,70,2862,2797,2920,540,0
84,71,2862,2797,2816,2465,0
84,72,2862,2797,2231,1907,0
84,73,2862,2797,1470,2429,0
84,74,2862,2797,2847,1382,0
84,75,2862,2797,1398,2370,0
84,76,2862,2797,1762,2756,0
84,77,2862,2797,95,1819,0
84,78,2862,2797,2814,2784,0
84,79,2862,2797,2728,847,0
84,80,2862,2797,1380,2542,0
84,81,2862,2797,1722,2778,0
84,82,2862,2797,2181,2634,0
84,83,2862,2797,2405,2720,0
84,85,2862,2797,598,2000,0
84,86,2862,2797,2675,1916,0
84,87,2862,2797,2094,513,0
84,88,2862,2797,89,2129,0
84,89,2862,2797,1347,973,0
84,90,2862,2797,1412,647,0
84,91,2862,2797,2716,1699,0
84,92,2862,2797,2679,301,0
84,93,2862,2797,2086,1982,0
84,94,2862,2797,750,2399,0
84,95,2862,2797,503,2249,0
84,96,2862,2797,1529,2820,0
84,97,2862,2797,116,1176,0
84,98,2862,2797,692,2813,0
84,99,2862,2797,231,639,0
84,100,2862,2797,2740,2598,0
84,101,2862,2797,224,2208,0
84,102,2862,2797,1683,724,0
84,103,2862,2797,1276,2330,0
84,104,2862,2797,107,933,0
84,105,2862,2797,1480,2153,0
84,106,2862,2797,891,1933,0
84,107,2862,2797,2849,2170,0
84,108,2862,2797,1226,2205,0
84,109,2862,2797,1117,460,0
84,110,2862,2797,1597,111,0
84,111,2862,2797,2174,2704,0
84,112,2862,2797,811,90,0
84,113,2862,2797,260,692,0
84,114,2862,2797,1967,1969,0
84,115,2862,2797,1133,2946,0
84,116,2862,2797,786,2901,0
84,117,2862,2797,312,1389,0
84,118,2862,2797,2476,340,0
84,119,2862,2797,2362,2436,0
84,120,2862,2797,1679,1396,0
84,121,2862,2797,2646,1977,0
84,122,2862,2797,1769,2613,0
84,123,2862,2797,636,2906,0
84,124,2862,2797,2503,2888,0
84,125,2862,2797,727,2051,0
84,126,2862,2797,339,2092,0
84,127,2862,2797,2559,1995,0
84,128,2862,2797,1491,2896,0
84,129,2862,2797,2256,1576,0
84,130,2862,2797,335,2848,0
84,131,2862,2797,1279,994,0
84,132,2862,2797,191,2042,0
84,133,2862,2797,2815,2594,0
84,134,2862,2797,1341,659,0
84,135,2862,2797,202,1952,0
84,136,2862,2797,2049,235,0
84,137,2862,2797,949,365,0
84,138,2862,2797,442,484,0
84,139,2862,2797,1496,989,0
84,140,2862,2797,1432,2260,0
84,141,2862,2797,378,1386,0
84,142,2862,2797,251,778,0
84,143,2862,2797,483,113,0
84,144,2862,2797,2426,100,0
84,145,2862,2797,2388,1563,0
84,146,2862,2797,2427,2993,0
84,147,2862,2797,1415,940,0
84,148,2862,2797,40,1221,0
84,149,2862,2797,415,137,0
84,150,2862,2797,256,2140,0
84,151,2862,2797,90,1522,0
84,152,2862,2797,1589,989,0
84,153,2862,2797,341,205,0
84,154,2862,2797,883,1339,0
84,155,2862,2797,280,1464,0
84,156,2862,2797,1201,2822,0
84,157,2862,2797,2942,1389,0
84,158,2862,2797,1138,2750,0
84,159,2862,2797,2639,1778,0
84,160,2862,2797,662,429,0
84,161,2862,2797,652,7,0
84,162,2862,2797,2034,2057,0
84,163,2862,2797,2854,2051,0
84,164,2862,2797,1441,1791,0
84,165,2862,2797,2428,256,0
84,166,2862,2797,112,2528,0
84,167,2862,2797,2873,2538,0
84,168,2862,2797,2900,823,0
84,169,2862,2797,263,2591,0
84,170,2862,2797,486,2698,0
84,171,2862,2797,568,150,0
84,172,2862,2797,1194,2604,0
84,173,2862,2797,1563,2193,0
84,174,2862,2797,882,2764,0
84,175,2862,2797,1800,2849,0
84,176,2862,2797,58,2694,0
84,177,2862,2797,2845,282,0
84,178,2862,2797,2776,2400,0
84,179,2862,2797,2493,1574,0
84,180,2862,2797,1075,1910,0
84,181,2862,2797,449,428,0
84,182,2862,2797,2039,1945,0
84,183,2862,2797,2887,271,0
84,184,2862,2797,1400,2901,0
84,185,2862,2797,2908,1118,0
84,186,2862,2797,1650,1604,0
84,187,2862,2797,2331,1718,0
84,188,2862,2797,1439,133,0
84,189,2862,2797,42,79,0
84,190,2862,2797,1558,1707,0
84,191,2862,2797,177,1143,0
84,192,2862,2797,2585,1501,0
84,193,2862,2797,888,374,0
84,194,2862,2797,263,2834,0
84,195,2862,2797,1595,2302,0
85,0,598,2000,434,320,0
85,1,598,2000,571,1612,0
85,2,598,2000,135,2521,0
85,3,598,2000,1047,2342,0
85,4,598,2000,1231,1324,0
85,5,598,2000,675,751,0
85,6,598,2000,1122,987,0
85,7,598,2000,242,2916,0
85,8,598,2000,1743,2319,0
85,9,598,2000,2618,754,0
85,10,598,2000,2910,1478,0
85,11,598,2000,2108,832,0
85,12,598,2000,2,1143,0
85,13,598,2000,1115,2279,0
85,14,598,2000,1977,415,0
85,15,598,2000,2226,1439,0
85,16,598,2000,2325,1601,0
85,17,598,2000,2489,1612,0
85,18,598,2000,488,2077,0
85,19,598,2000,1366,798,0
85,20,598,2000,190,1364,0
85,21,598,2000,2898,1873,0
85,22,598,2000,2802,484,0
85,23,598,2000,1769,1361,0
85,24,598,2000,1719,2907,0
85,25,598,2000,203,816,0
85,26,598,2000,1401,1966,0
85,27,598,2000,565,2022,0
85,28,598,2000,2418,1484,0
85,29,598,2000,2744,2458,0
85,30,598,2000,2840,2909,0
85,31,598,2000,2633,2565,0
85,32,598,2000,2705,1885,0
85,33,598,2000,2153,2262,0
85,34,598,2000,387,708,0
85,35,598,2000,2510,1697,0
85,36,598,2000,648,2898,0
85,37,598,2000,652,1817,0
85,38,598,2000,1578,698,0
85,39,598,2000,2296,2101,0
85,40,598,2000,1931,2689,0
85,41,598,2000,526,1595,0
85,42,598,2000,2293,1825,0
85,43,598,2000,533,1404,0
85,44,598,2000,2655,608,0
85,45,598,2000,1891,927,0
85,46,598,2000,362,551,0
85,47,598,2000,517,432,0
85,48,598,2000,554,2611,0
85,49,598,2000,2495,1015,0
85,50,598,2000,582,952,0
85,51,598,2000,2325,1655,0
85,52,598,2000,627,564,0
85,53,598,2000,118,1718,0
85,54,598,2000,1703,700,0
85,55,598,2000,1698,1595,0
85,56,598,2000,2867,2916,0
85,57,598,2000,2436,1514,0
85,58,598,2000,2012,2768,0
85,59,598,2000,2307,1019,0
85,60,598,2000,59,2441,0
85,61,598,2000,1399,1108,0
85,62,598,2000,2643,1912,0
85,63,598,2000,2219,2119,0
85,64,598,2000,2401,2202,0
85,65,598,2000,387,1838,0
85,66,598,2000,1601,1532,0
85,67,598,2000,2837,72,0
85,68,598,2000,1391,2951,0
85,69,598,2000,595,1317,0
85,70,598,2000,2920,540,0
85,71,598,2000,2816,2465,0
85,72,598,2000,2231,1907,0
85,73,598,2000,1470,2429,0
85,74,598,2000,2847,1382,0
85,75,598,2000,1398,2370,0
85,76,598,2000,1762,2756,0
85,77,598,2000,95,1819,0
85,78,598,2000,2814,2784,0
85,79,598,2000,2728,847,0
85,80,598,2000,1380,2542,0
85,81,598,2000,1722,2778,0
85,82,598,2000,2181,2634,0
85,83,598,2000,2405,2720,0
85,84,598,2000,2862,2797,0
85,86,598,2000,2675,1916,0
85,87,598,2000,2094,513,0
85,88,598,2000,89,2129,0
85,89,598,2000,1347,973,0
85,90,598,2000,1412,647,0
85,91,598,2000,2716,1699,0
85,92,598,2000,2679,301,0
85,93,598,2000,2086,1982,0
85,94,598,2000,750,2399,0
85,95,598,2000,503,2249,0
85,96,598,2000,1529,2820,0
85,97,598,2000,116,1176,0
85,98,598,2000,692,2813,0
85,99,598,2000,231,639,0
85,100,598,2000,2740,2598,0
85,101,598,2000,224,2208,0
85,102,598,2000,1683,724,0
85,103,598,2000,1276,2330,0
85,104,598,2000,107,933,0
85,105,598,2000,1480,2153,0
85,106,598,2000,891,1933,0
85,107,598,2000,2849,2170,0
85,108,598,2000,1226,2205,0
85,109,598,2000,1117,460,0
85,110,598,2000,1597,111,0
85,111,598,2000,2174,2704,0
85,112,598,2000,811,90,0
85,113,598,2000,260,692,0
85,114,598,2000,1967,1969,0
85,115,598,2000,1133,2946,0
85,116,598,2000,786,2901,0
85,117,598,2000,312,1389,0
85,118,598,2000,2476,340,0
85,119,598,2000,2362,2436,0
85,120,598,2000,1679,1396,0
85,121,598,2000,2646,1977,0
85,122,598,2000,1769,2613,0
85,123,598,2000,636,2906,0
85,124,598,2000,2503,2888,0
85,125,598,2000,727,2051,1
85,126,598,2000,339,2092,0
85,127,598,2000,2559,1995,0
85,128,598,2000,1491,2896,0
85,129,598,2000,2256,1576,0
85,130,598,2000,335,2848,0
85,131,598,2000,1279,994,0
85,132,598,2000,191,2042,0
85,133,598,2000,2815,2594,0
85,134,598,2000,1341,659,0
85,135,598,2000,202,1952,0
85,136,598,2000,2049,235,0
85,137,598,2000,949,365,0
85,138,598,2000,442,484,0
85,139,598,2000,1496,989,0
85,140,598,2000,1432,2260,0
85,141,598,2000,378,1386,0
85,142,598,2000,251,778,0
85,143,598,2000,483,113,0
85,144,598,2000,2426,100,0
85,145,598,2000,2388,1563,0
85,146,598,2000,2427,2993,0
85,147,598,2000,1415,940,0
85,148,598,2000,40,1221,0
85,149,598,2000,415,137,0
85,150,598,2000,256,2140,0
85,151,598,2000,90,1522,0
85,152,598,2000,1589,989,0
85,153,598,2000,341,205,0
85,154,598,2000,883,1339,0
85,155,598,2000,280,1464,0
85,156,598,2000,1201,2822,0
85,157,598,2000,2942,1389,0
85,158,598,2000,1138,2750,0
85,159,598,2000,2639,1778,0
85,160,598,2000,662,429,0
85,161,598,2000,652,7,0
85,162,598,2000,2034,2057,0
85,163,598,2000,2854,2051,0
85,164,598,2000,1441,1791,0
85,165,598,2000,2428,256,0
85,166,598,2000,112,2528,0
85,167,598,2000,2873,2538,0
85,168,598,2000,2900,823,0
85,169,598,2000,263,2591,0
85,170,598,2000,486,2698,0
85,171,598,2000,568,150,0
85,172,598,2000,1194,2604,0
85,173,598,2000,1563,2193,0
85,174,598,2000,882,2764,0
85,175,598,2000,1800,2849,0
85,176,598,2000,58,2694,0
85,177,598,2000,2845,282,0
85,178,598,2000,2776,2400,0
85,179,598,2000,2493,1574,0
85,180,598,2000,1075,1910,0
85,181,598,2000,449,428,0
85,182,598,2000,2039,1945,0
85,183,598,2000,2887,271,0
85,184,598,2000,1400,2901,0
85,185,598,2000,2908,1118,0
85,186,598,2000,1650,1604,0
85,187,598,2000,2331,1718,0
85,188,598,2000,1439,133,0
85,189,598,2000,42,79,0
85,190,598,2000,1558,1707,0
85,191,598,2000,177,1143,0
85,192,598,2000,2585,1501,0
85,193,598,2000,888,374,0
85,194,598,2000,263,2834,0
85,195,598,2000,1595,2302,0
86,0,2675,1916,434,320,0
86,1,2675,1916,571,1612,0
86,2,2675,1916,135,2521,0
86,3,2675,1916,1047,2342,0
86,4,2675,1916,1231,1324,0
86,5,2675,1916,675,751,0
86,6,2675,1916,1122,987,0
86,7,2675,1916,242,2916,0
86,8,2675,1916,1743,2319,0
86,9,2675,1916,2618,754,0
86,10,2675,1916,2910,1478,0
86,11,2675,1916,2108,832,0
86,12,2675,1916,2,1143,0
86,13,2675,1916,1115,2279,0
86,14,2675,1916,1977,415,0
86,15,2675,1916,2226,1439,0
86,16,2675,1916,2325,1601,0
86,17,2675,1916,2489,1612,0
86,18,2675,1916,488,2077,0
86,19,2675,1916,1366,798,0
86,20,2675,1916,190,1364,0
86,21,2675,1916,2898,1873,0
86,22,2675,1916,2802,484,0
86,23,2675,1916,1769,1361,0
86,24,2675,1916,1719,2907,0
86,25,2675,1916,203,816,0
86,26,2675,1916,1401,1966,0
86,27,2675,1916,565,2022,0
86,28,2675,1916,2418,1484,0
86,29,2675,1916,2744,2458,0
86,30,2675,1916,2840,2909,0
86,31,2675,1916,2633,2565,0
86,32,2675,1916,2705,1885,1
86,33,2675,1916,2153,2262,0
86,34,2675,1916,387,708,0
86,35,2675,1916,2510,1697,0
86,36,2675,1916,648,2898,0
86,37,2675,1916,652,1817,0
86,38,2675,1916,1578,698,0
86,39,2675,1916,2296,2101,0
86,40,2675,1916,1931,2689,0
86,41,2675,1916,526,1595,0
86,42,2675,1916,2293,1825,0
86,43,2675,1916,533,1404,0
86,44,2675,1916,2655,608,0
86,45,2675,1916,1891,927,0
86,46,2675,1916,362,551,0
86,47,2675,1916,517,432,0
86,48,2675,1916,554,2611,0
86,49,2675,1916,2495,1015,0
86,50,2675,1916,582,952,0
86,51,2675,1916,2325,1655,0
86,52,2675,1916,627,564,0
86,53,2675,1916,118,1718,0
86,54,2675,1916,1703,700,0
86,55,2675,1916,1698,1595,0
86,56,2675,1916,2867,2916,0
86,57,2675,1916,2436,1514,0
86,58,2675,1916,2012,2768,0
86,59,2675,1916,2307,1019,0
86,60,2675,1916,59,2441,0
86,61,2675,1916,1399,1108,0
86,62,2675,1916,2643,1912,0
86,63,2675,1916,2219,2119,0
86,64,2675,1916,2401,2202,0
86,65,2675,1916,387,1838,0
86,66,2675,1916,1601,1532,0
86,67,2675,1916,2837,72,0
86,68,2675,1916,1391,2951,0
86,69,2675,1916,595,1317,0
86,70,2675,1916,2920,540,0
86,71,2675,1916,2816,2465,0
86,72,2675,1916,2231,1907,0
86,73,2675,1916,1470,2429,0
86,74,2675,1916,2847,1382,0
86,75,2675,1916,1398,2370,0
86,76,2675,1916,1762,2756,0
86,77,2675,1916,95,1819,0
86,78,2675,1916,2814,2784,0
86,79,2675,1916,2728,847,0
86,80,2675,1916,1380,2542,0
86,81,2675,1916,1722,2778,0
86,82,2675,1916,2181,2634,0
86,83,2675,1916,2405,2720,0
86,84,2675,1916,2862,2797,0
86,85,2675,1916,598,2000,0
86,87,2675,1916,2094,513,0
86,88,2675,1916,89,2129,0
86,89,2675,1916,1347,973,0
86,90,2675,1916,1412,647,0
86,91,2675,1916,2716,1699,0
86,92,2675,1916,2679,301,0
86,93,2675,1916,2086,1982,0
86,94,2675,1916,750,2399,0
86,95,2675,1916,503,2249,0
86,96,2675,1916,1529,2820,0
86,97,2675,1916,116,1176,0
86,98,2675,1916,692,2813,0
86,99,2675,1916,231,639,0
86,100,2675,1916,2740,2598,0
86,101,2675,1916,224,2208,0
86,102,2675,1916,1683,724,0
86,103,2675,1916,1276,2330,0
86,104,2675,1916,107,933,0
86,105,2675,1916,1480,2153,0
86,106,2675,1916,891,1933,0
86,107,2675,1916,2849,2170,0
86,108,2675,1916,1226,2205,0
86,109,2675,1916,1117,460,0
86,110,2675,1916,1597,111,0
86,111,2675,1916,2174,2704,0
86,112,2675,1916,811,90,0
86,113,2675,1916,260,692,0
86,114,2675,1916,1967,1969,0
86,115,2675,1916,1133,2946,0
86,116,2675,1916,786,2901,0
86,117,2675,1916,312,1389,0
86,118,2675,1916,2476,340,0
86,119,2675,1916,2362,2436,0
86,120,2675,1916,1679,1396,0
86,121,2675,1916,2646,1977,0
86,122,2675,1916,1769,2613,0
86,123,2675,1916,636,2906,0
86,124,2675,1916,2503,2888,0
86,125,2675,1916,727,2051,0
86,126,2675,1916,339,2092,0
86,127,2675,1916,2559,1995,0
86,128,2675,1916,1491,2896,0
86,129,2675,1916,2256,1576,0
86,130,2675,1916,335,2848,0
86,131,2675,1916,1279,994,0
86,132,2675,1916,191,2042,0
86,133,2675,1916,2815,2594,0
86,134,2675,1916,1341,659,0
86,135,2675,1916,202,1952,0
86,136,2675,1916,2049,235,0
86,137,2675,1916,949,365,0
86,138,2675,1916,442,484,0
86,139,2675,1916,1496,989,0
86,140,2675,1916,1432,2260,0
86,141,2675,1916,378,1386,0
86,142,2675,1916,251,778,0
86,143,2675,1916,483,113,0
86,144,2675,1916,2426,100,0
86,145,2675,1916,2388,1563,0
86,146,2675,1916,2427,2993,0
86,147,2675,1916,1415,940,0
86,148,2675,1916,40,1221,0
86,149,2675,1916,415,137,0
86,150,2675,1916,256,2140,0
86,151,2675,1916,90,1522,0
86,152,2675,1916,1589,989,0
86,153,2675,1916,341,205,0
86,154,2675,1916,883,1339,0
86,155,2675,1916,280,1464,0
86,156,2675,1916,1201,2822,0
86,157,2675,1916,2942,1389,0
86,158,2675,1916,1138,2750,0
86,159,2675,1916,2639,1778,0
86,160,2675,1916,662,429,0
86,161,2675,1916,652,7,0
86,162,2675,1916,2034,2057,0
86,163,2675,1916,2854,2051,0
86,164,2675,1916,1441,1791,0
86,165,2675,1916,2428,256,0
86,166,2675,1916,112,2528,0
86,167,2675,1916,2873,2538,0
86,168,2675,1916,2900,823,0
86,169,2675,1916,263,2591,0
86,170,2675,1916,486,2698,0
86,171,2675,1916,568,150,0
86,172,2675,1916,1194,2604,0
86,173,2675,1916,1563,2193,0
86,174,2675,1916,882,2764,0
86,175,2675,1916,1800,2849,0
86,176,2675,1916,58,2694,0
86,177,2675,1916,2845,282,0
86,178,2675,1916,2776,2400,0
86,179,2675,1916,2493,1574,0
86,180,2675,1916,1075,1910,0
86,181,2675,1916,449,428,0
86,182,2675,1916,2039,1945,0
86,183,2675,1916,2887,271,0
86,184,2675,1916,1400,2901,0
86,185,2675,1916,2908,1118,0
86,186,2675,1916,1650,1604,0
86,187,2675,1916,2331,1718,0
86,188,2675,1916,1439,133,0
86,189,2675,1916,42,79,0
86,190,2675,1916,1558,1707,0
86,191,2675,1916,177,1143,0
86,192,2675,1916,2585,1501,0
86,193,2675,1916,888,374,0
86,194,2675,1916,263,2834,0
86,195,2675,1916,1595,2302,0
87,0,2094,513,434,320,0
87,1,2094,513,571,1612,0
87,2,2094,513,135,2521,0
87,3,2094,513,1047,2342,0
87,4,2094,513,1231,1324,0
87,5,2094,513,675,751,0
87,6,2094,513,1122,987,0
87,7,2094,513,242,2916,0
87,8,2094,513,1743,2319,0
87,9,2094,513,2618,754,0
87,10,2094,513,2910,1478,0
87,11,2094,513,2108,832,1
87,12,2094,513,2,1143,0
87,13,2094,513,1115,2279,0
87,14,2094,513,1977,415,0
87,15,2094,513,2226,1439,0
87,16,2094,513,2325,1601,0
87,17,2094,513,2489,1612,0
87,18,2094,513,488,2077,0
87,19,2094,513,1366,798,0
87,20,2094,513,190,1364,0
87,21,2094,513,2898,1873,0
87,22,2094,513,2802,484,0
87,23,2094,513,1769,1361,0
87,24,2094,513,1719,2907,0
87,25,2094,513,203,816,0
87,26,2094,513,1401,1966,0
87,27,2094,513,565,2022,0
87,28,2094,513,2418,1484,0
87,29,2094,513,2744,2458,0
87,30,2094,513,2840,2909,0
87,31,2094,513,2633,2565,0
87,32,2094,513,2705,1885,0
87,33,2094,513,2153,2262,0
87,34,2094,513,387,708,0
87,35,2094,513,2510,1697,0
87,36,2094,513,648,2898,0
87,37,2094,513,652,1817,0
87,38,2094,513,1578,698,0
87,39,2094,513,2296,2101,0
87,40,2094,513,1931,2689,0
87,41,2094,513,526,1595,0
87,42,2094,513,2293,1825,0
87,43,2094,513,533,1404,0
87,44,2094,513,2655,608,0
87,45,2094,513,1891,927,0
87,46,2094,513,362,551,0
87,47,2094,513,517,432,0
87,48,2094,513,554,2611,0
87,49,2094,513,2495,1015,0
87,50,2094,513,582,952,0
87,51,2094,513,2325,1655,0
87,52,2094,513,627,564,0
87,53,2094,513,118,1718,0
87,54,2094,513,1703,700,0
87,55,2094,513,1698,1595,0
87,56,2094,513,2867,2916,0
87,57,2094,513,2436,1514,0
87,58,2094,513,2012,2768,0
87,59,2094,513,2307,1019,0
87,60,2094,513,59,2441,0
87,61,2094,513,1399,1108,0
87,62,2094,513,2643,1912,0
87,63,2094,513,2219,2119,0
87,64,2094,513,2401,2202,0
87,65,2094,513,387,1838,0
87,66,2094,513,1601,1532,0
87,67,2094,513,2837,72,0
87,68,2094,513,1391,2951,0
87,69,2094,513,595,1317,0
87,70,2094,513,2920,540,0
87,71,2094,513,2816,2465,0
87,72,2094,513,2231,1907,0
87,73,2094,513,1470,2429,0
87,74,2094,513,2847,1382,0
87,75,2094,513,1398,2370,0
87,76,2094,513,1762,2756,0
87,77,2094,513,95,1819,0
87,78,2094,513,2814,2784,0
87,79,2094,513,2728,847,0
87,80,2094,513,1380,2542,0
87,81,2094,513,1722,2778,0
87,82,2094,513,2181,2634,0
87,83,2094,513,2405,2720,0
87,84,2094,513,2862,2797,0
87,85,2094,513,598,2000,0
87,86,2094,513,2675,1916,0
87,88,2094,513,89,2129,0
87,89,2094,513,1347,973,0
87,90,2094,513,1412,647,0
87,91,2094,513,2716,1699,0
87,92,2094,513,2679,301,0
87,93,2094,513,2086,1982,0
87,94,2094,513,750,2399,0
87,95,2094,513,503,2249,0
87,96,2094,513,1529,2820,0
87,97,2094,513,116,1176,0
87,98,2094,513,692,2813,0
87,99,2094,513,231,639,0
87,100,2094,513,2740,2598,0
87,101,2094,513,224,2208,0
87,102,2094,513,1683,724,0
87,103,2094,513,1276,2330,0
87,104,2094,513,107,933,0
87,105,2094,513,1480,2153,0
87,106,2094,513,891,1933,0
87,107,2094,513,2849,2170,0
87,108,2094,513,1226,2205,0
87,109,2094,513,1117,460,0
87,110,2094,513,1597,111,0
87,111,2094,513,2174,2704,0
87,112,2094,513,811,90,0
87,113,2094,513,260,692,0
87,114,2094,513,1967,1969,0
87,115,2094,513,1133,2946,0
87,116,2094,513,786,2901,0
87,117,2094,513,312,1389,0
87,118,2094,513,2476,340,0
87,119,2094,513,2362,2436,0
87,120,2094,513,1679,1396,0
87,121,2094,513,2646,1977,0
87,122,2094,513,1769,2613,0
87,123,2094,513,636,2906,0
87,124,2094,513,2503,2888,0
87,125,2094,513,727,2051,0
87,126,2094,513,339,2092,0
87,127,2094,513,2559,1995,0
87,128,2094,513,1491,2896,0
87,129,2094,513,2256,1576,0
87,130,2094,513,335,2848,0
87,131,2094,513,1279,994,0
87,132,2094,513,191,2042,0
87,133,2094,513,2815,2594,0
87,134,2094,513,1341,659,0
87,135,2094,513,202,1952,0
87,136,2094,513,2049,235,0
87,137,2094,513,949,365,0
87,138,2094,513,442,484,0
87,139,2094,513,1496,989,0
87,140,2094,513,1432,2260,0
87,141,2094,513,378,1386,0
87,142,2094,513,251,778,0
87,143,2094,513,483,113,0
87,144,2094,513,2426,100,0
87,145,2094,513,2388,1563,0
87,146,2094,513,2427,2993,0
87,147,2094,513,1415,940,0
87,148,2094,513,40,1221,0
87,149,2094,513,415,137,0
87,150,2094,513,256,2140,0
87,151,2094,513,90,1522,0
87,152,2094,513,1589,989,0
87,153,2094,513,341,205,0
87,154,2094,513,883,1339,0
87,155,2094,513,280,1464,0
87,156,2094,513,1201,2822,0
87,157,2094,513,2942,1389,0
87,158,2094,513,1138,2750,0
87,159,2094,513,2639,1778,0
87,160,2094,513,662,429,0
87,161,2094,513,652,7,0
87,162,2094,513,2034,2057,0
87,163,2094,513,2854,2051,0
87,164,2094,513,1441,1791,0
87,165,2094,513,2428,256,0
87,166,2094,513,112,2528,0
87,167,2094,513,2873,2538,0
87,168,2094,513,2900,823,0
87,169,2094,513,263,2591,0
87,170,2094,513,486,2698,0
87,171,2094,513,568,150,0
87,172,2094,513,1194,2604,0
87,173,2094,513,1563,2193,0
87,174,2094,513,882,2764,0
87,175,2094,513,1800,2849,0
87,176,2094,513,58,2694,0
87,177,2094,513,2845,282,0
87,178,2094,513,2776,2400,0
87,179,2094,513,2493,1574,0
87,180,2094,513,1075,1910,0
87,181,2094,513,449,428,0
87,182,2094,513,2039,1945,0
87,183,2094,513,2887,271,0
87,184,2094,513,1400,2901,0
87,185,2094,513,2908,1118,0
87,186,2094,513,1650,1604,0
87,187,2094,513,2331,1718,0
87,188,2094,513,1439,133,0
87,189,2094,513,42,79,0
87,190,2094,513,1558,1707,0
87,191,2094,513,177,1143,0
87,192,2094,513,2585,1501,0
87,193,2094,513,888,374,0
87,194,2094,513,263,2834,0
87,195,2094,513,1595,2302,0
88,0,89,2129,434,320,0
88,1,89,2129,571,1612,0
88,2,89,2129,135,2521,0
88,3,89,2129,1047,2342,0
88,4,89,2129,1231,1324,0
88,5,89,2129,675,751,0
88,6,89,2129,1122,987,0
88,7,89,2129,242,2916,0
88,8,89,2129,1743,2319,0
88,9,89,2129,2618,754,0
88,10,89,2129,2910,1478,0
88,11,89,2129,2108,832,0
88,12,89,2129,2,1143,0
88,13,89,2129,1115,2279,0
88,14,89,2129,1977,415,0
88,15,89,2129,2226,1439,0
88,16,89,2129,2325,1601,0
88,17,89,2129,2489,1612,0
88,18,89,2129,488,2077,0
88,19,89,2129,1366,798,0
88,20,89,2129,190,1364,0
88,21,89,2129,2898,1873,0
88,22,89,2129,2802,484,0
88,23,89,2129,1769,1361,0
88,24,89,2129,1719,2907,0
88,25,89,2129,203,816,0
88,26,89,2129,1401,1966,0
88,27,89,2129,565,2022,0
88,28,89,2129,2418,1484,0
88,29,89,2129,2744,2458,0
88,30,89,2129,2840,2909,0
88,31,89,2129,2633,2565,0
88,32,89,2129,2705,1885,0
88,33,89,2129,2153,2262,0
88,34,89,2129,387,708,0
88,35,89,2129,2510,1697,0
88,36,89,2129,648,2898,0
88,37,89,2129,652,1817,0
88,38,89,2129,1578,698,0
88,39,89,2129,2296,2101,0
88,40,89,2129,1931,2689,0
88,41,89,2129,526,1595,0
88,42,89,2129,2293,1825,0
88,43,89,2129,533,1404,0
88,44,89,2129,2655,608,0
88,45,89,2129,1891,927,0
88,46,89,2129,362,551,0
88,47,89,2129,517,432,0
88,48,89,2129,554,2611,0
88,49,89,2129,2495,1015,0
88,50,89,2129,582,952,0
88,51,89,2129,2325,1655,0
88,52,89,2129,627,564,0
88,53,89,2129,118,1718,0
88,54,89,2129,1703,700,0
88,55,89,2129,1698,1595,0
88,56,89,2129,2867,2916,0
88,57,89,2129,2436,1514,0
88,58,89,2129,2012,2768,0
88,59,89,2129,2307,1019,0
88,60,89,2129,59,2441,0
88,61,89,2129,1399,1108,0
88,62,89,2129,2643,1912,0
88,63,89,2129,2219,2119,0
88,64,89,2129,2401,2202,0
88,65,89,2129,387,1838,0
88,66,89,2129,1601,1532,0
88,67,89,2129,2837,72,0
88,68,89,2129,1391,2951,0
88,69,89,2129,595,1317,0
88,70,89,2129,2920,540,0
88,71,89,2129,2816,2465,0
88,72,89,2129,2231,1907,0
88,73,89,2129,1470,2429,0
88,74,89,2129,2847,1382,0
88,75,89,2129,1398,2370,0
88,76,89,2129,1762,2756,0
88,77,89,2129,95,1819,0
88,78,89,2129,2814,2784,0
88,79,89,2129,2728,847,0
88,80,89,2129,1380,2542,0
88,81,89,2129,1722,2778,0
88,82,89,2129,2181,2634,0
88,83,89,2129,2405,2720,0
88,84,89,2129,2862,2797,0
88,85,89,2129,598,2000,0
88,86,89,2129,2675,1916,0
88,87,89,2129,2094,513,0
88,89,89,2129,1347,973,0
88,90,89,2129,1412,647,0
88,91,89,2129,2716,1699,0
88,92,89,2129,2679,301,0
88,93,89,2129,2086,1982,0
88,94,89,2129,750,2399,0
88,95,89,2129,503,2249,0
88,96,89,2129,1529,2820,0
88,97,89,2129,116,1176,0
88,98,89,2129,692,2813,0
88,99,89,2129,231,639,0
88,100,89,2129,2740,2598,0
88,101,89,2129,224,2208,0
88,102,89,2129,1683,724,0
88,103,89,2129,1276,2330,0
88,104,89,2129,107,933,0
88,105,89,2129,1480,2153,0
88,106,89,2129,891,1933,0
88,107,89,2129,2849,2170,0
88,108,89,2129,1226,2205,0
88,109,89,2129,1117,460,0
88,110,89,2129,1597,111,0
88,111,89,2129,2174,2704,0
88,112,89,2129,811,90,0
88,113,89,2129,260,692,0
88,114,89,2129,1967,1969,0
88,115,89,2129,1133,2946,0
88,116,89,2129,786,2901,0
88,117,89,2129,312,1389,0
88,118,89,2129,2476,340,0
88,119,89,2129,2362,2436,0
88,120,89,2129,1679,1396,0
88,121,89,2129,2646,1977,0
88,122,89,2129,1769,2613,0
88,123,89,2129,636,2906,0
88,124,89,2129,2503,2888,0
88,125,89,2129,727,2051,0
88,126,89,2129,339,2092,0
88,127,89,2129,2559,1995,0
88,128,89,2129,1491,2896,0
88,129,89,2129,2256,1576,0
88,130,89,2129,335,2848,0
88,131,89,2129,1279,994,0
88,132,89,2129,191,2042,1
88,133,89,2129,2815,2594,0
88,134,89,2129,1341,659,0
88,135,89,2129,202,1952,0
88,136,89,2129,2049,235,0
88,137,89,2129,949,365,0
88,138,89,2129,442,484,0
88,139,89,2129,1496,989,0
88,140,89,2129,1432,2260,0
88,141,89,2129,378,1386,0
88,142,89,2129,251,778,0
88,143,89,2129,483,113,0
88,144,89,2129,2426,100,0
88,145,89,2129,2388,1563,0
88,146,89,2129,2427,2993,0
88,147,89,2129,1415,940,0
88,148,89,2129,40,1221,0
88,149,89,2129,415,137,0
88,150,89,2129,256,2140,0
88,151,89,2129,90,1522,0
88,152,89,2129,1589,989,0
88,153,89,2129,341,205,0
88,154,89,2129,883,1339,0
88,155,89,2129,280,1464,0
88,156,89,2129,1201,2822,0
88,157,89,2129,2942,1389,0
88,158,89,2129,1138,2750,0
88,159,89,2129,2639,1778,0
88,160,89,2129,662,429,0
88,161,89,2129,652,7,0
88,162,89,2129,2034,2057,0
88,163,89,2129,2854,2051,0
88,164,89,2129,1441,1791,0
88,165,89,2129,2428,256,0
88,166,89,2129,112,2528,0
88,167,89,2129,2873,2538,0
88,168,89,2129,2900,823,0
88,169,89,2129,263,2591,0
88,170,89,2129,486,2698,0
88,171,89,2129,568,150,0
88,172,89,2129,1194,2604,0
88,173,89,2129,1563,2193,0
88,174,89,2129,882,2764,0
88,175,89,2129,1800,2849,0
88,176,89,2129,58,2694,0
88,177,89,2129,2845,282,0
88,178,89,2129,2776,2400,0
88,179,89,2129,2493,1574,0
88,180,89,2129,1075,1910,0
88,181,89,2129,449,428,0
88,182,89,2129,2039,1945,0
88,183,89,2129,2887,271,0
88,184,89,2129,1400,2901,0
88,185,89,2129,2908,1118,0
88,186,89,2129,1650,1604,0
88,187,89,2129,2331,1718,0
88,188,89,2129,1439,133,0
88,189,89,2129,42,79,0
88,190,89,2129,1558,1707,0
88,191,89,2129,177,1143,0
88,192,89,2129,2585,1501,0
88,193,89,2129,888,374,0
88,194,89,2129,263,2834,0
88,195,89,2129,1595,2302,0
89,0,1347,973,434,320,0
89,1,1347,973,571,1612,0
89,2,1347,973,135,2521,0
89,3,1347,973,1047,2342,0
89,4,1347,973,1231,1324,0
89,5,1347,973,675,751,0
89,6,1347,973,1122,987,0
89,7,1347,973,242,2916,0
89,8,1347,973,1743,2319,0
89,9,1347,973,2618,754,0
89,10,1347,973,2910,1478,0
89,11,1347,973,2108,832,0
89,12,1347,973,2,1143,0
89,13,1347,973,1115,2279,0
89,14,1347,973,1977,415,0
89,15,1347,973,2226,1439,0
89,16,1347,973,2325,1601,0
89,17,1347,973,2489,1612,0
89,18,1347,973,488,2077,0
89,19,1347,973,1366,798,0
89,20,1347,973,190,1364,0
89,21,1347,973,2898,1873,0
89,22,1347,973,2802,484,0
89,23,1347,973,1769,1361,0
89,24,1347,973,1719,2907,0
89,25,1347,973,203,816,0
89,26,1347,973,1401,1966,0
89,27,1347,973,565,2022,0
89,28,1347,973,2418,1484,0
89,29,1347,973,2744,2458,0
89,30,1347,973,2840,2909,0
89,31,1347,973,2633,2565,0
89,32,1347,973,2705,1885,0
89,33,1347,973,2153,2262,0
89,34,1347,973,387,708,0
89,35,1347,973,2510,1697,0
89,36,1347,973,648,2898,0
89,37,1347,973,652,1817,0
89,38,1347,973,1578,698,0
89,39,1347,973,2296,2101,0
89,40,1347,973,1931,2689,0
89,41,1347,973,526,1595,0
89,42,1347,973,2293,1825,0
89,43,1347,973,533,1404,0
89,44,1347,973,2655,608,0
89,45,1347,973,1891,927,0
89,46,1347,973,362,551,0
89,47,1347,973,517,432,0
89,48,1347,973,554,2611,0
89,49,1347,973,2495,1015,0
89,50,1347,973,582,952,0
89,51,1347,973,2325,1655,0
89,52,1347,973,627,564,0
89,53,1347,973,118,1718,0
89,54,1347,973,1703,700,0
89,55,1347,973,1698,1595,0
89,56,1347,973,2867,2916,0
89,57,1347,973,2436,1514,0
89,58,1347,973,2012,2768,0
89,59,1347,973,2307,1019,0
89,60,1347,973,59,2441,0
89,61,1347,973,1399,1108,0
89,62,1347,973,2643,1912,0
89,63,1347,973,2219,2119,0
89,64,1347,973,2401,2202,0
89,65,1347,973,387,1838,0
89,66,1347,973,1601,1532,0
89,67,1347,973,2837,72,0
89,68,1347,973,1391,2951,0
89,69,1347,973,595,1317,0
89,70,1347,973,2920,540,0
89,71,1347,973,2816,2465,0
89,72,1347,973,2231,1907,0
89,73,1347,973,1470,2429,0
89,74,1347,973,2847,1382,0
89,75,1347,973,1398,2370,0
89,76,1347,973,1762,2756,0
89,77,1347,973,95,1819,0
89,78,1347,973,2814,2784,0
89,79,1347,973,2728,847,0
89,80,1347,973,1380,2542,0
89,81,1347,973,1722,2778,0
89,82,1347,973,2181,2634,0
89,83,1347,973,2405,2720,0
89,84,1347,973,2862,2797,0
89,85,1347,973,598,2000,0
89,86,1347,973,2675,1916,0
89,87,1347,973,2094,513,0
89,88,1347,973,89,2129,0
89,90,1347,973,1412,647,0
89,91,1347,973,2716,1699,0
89,92,1347,973,2679,301,0
89,93,1347,973,2086,1982,0
89,94,1347,973,750,2399,0
89,95,1347,973,503,2249,0
89,96,1347,973,1529,2820,0
89,97,1347,973,116,1176,0
89,98,1347,973,692,2813,0
89,99,1347,973,231,639,0
89,100,1347,973,2740,2598,0
89,101,1347,973,224,2208,0
89,102,1347,973,1683,724,0
89,103,1347,973,1276,2330,0
89,104,1347,973,107,933,0
89,105,1347,973,1480,2153,0
89,106,1347,973,891,1933,0
89,107,1347,973,2849,2170,0
89,108,1347,973,1226,2205,0
89,109,1347,973,1117,460,0
89,110,1347,973,1597,111,0
89,111,1347,973,2174,2704,0
89,112,1347,973,811,90,0
89,113,1347,973,260,692,0
89,114,1347,973,1967,1969,0
89,115,1347,973,1133,2946,0
89,116,1347,973,786,2901,0
89,117,1347,973,312,1389,0
89,118,1347,973,2476,340,0
89,119,1347,973,2362,2436,0
89,120,1347,973,1679,1396,0
89,121,1347,973,2646,1977,0
89,122,1347,973,1769,2613,0
89,123,1347,973,636,2906,0
89,124,1347,973,2503,2888,0
89,125,1347,973,727,2051,0
89,126,1347,973,339,2092,0
89,127,1347,973,2559,1995,0
89,128,1347,973,1491,2896,0
89,129,1347,973,2256,1576,0
89,130,1347,973,335,2848,0
89,131,1347,973,1279,994,1
89,132,1347,973,191,2042,0
89,133,1347,973,2815,2594,0
89,134,1347,973,1341,659,0
89,135,1347,973,202,1952,0
89,136,1347,973,2049,235,0
89,137,1347,973,949,365,0
89,138,1347,973,442,484,0
89,139,1347,973,1496,989,0
89,140,1347,973,1432,2260,0
89,141,1347,973,378,1386,0
89,142,1347,973,251,778,0
89,143,1347,973,483,113,0
89,144,1347,973,2426,100,0
89,145,1347,973,2388,1563,0
89,146,1347,973,2427,2993,0
89,147,1347,973,1415,940,0
89,148,1347,973,40,1221,0
89,149,1347,973,415,137,0
89,150,1347,973,256,2140,0
89,151,1347,973,90,1522,0
89,152,1347,973,1589,989,0
89,153,1347,973,341,205,0
89,154,1347,973,883,1339,0
89,155,1347,973,280,1464,0
89,156,1347,973,1201,2822,0
89,157,1347,973,2942,1389,0
89,158,1347,973,1138,2750,0
89,159,1347,973,2639,1778,0
89,160,1347,973,662,429,0
89,161,1347,973,652,7,0
89,162,1347,973,2034,2057,0
89,163,1347,973,2854,2051,0
89,164,1347,973,1441,1791,0
89,165,1347,973,2428,256,0
89,166,1347,973,112,2528,0
89,167,1347,973,2873,2538,0
89,168,1347,973,2900,823,0
89,169,1347,973,263,2591,0
89,170,1347,973,486,2698,0
89,171,1347,973,568,150,0
89,172,1347,973,1194,2604,0
89,173,1347,973,1563,2193,0
89,174,1347,973,882,2764,0
89,175,1347,973,1800,2849,0
89,176,1347,973,58,2694,0
89,177,1347,973,2845,282,0
89,178,1347,973,2776,2400,0
89,179,1347,973,2493,1574,0
89,180,1347,973,1075,1910,0
89,181,1347,973,449,428,0
89,182,1347,973,2039,1945,0
89,183,1347,973,2887,271,0
89,184,1347,973,1400,2901,0
89,185,1347,973,2908,1118,0
89,186,1347,973,1650,1604,0
89,187,1347,973,2331,1718,0
89,188,1347,973,1439,133,0
89,189,1347,973,42,79,0
89,190,1347,973,1558,1707,0
89,191,1347,973,177,1143,0
89,192,1347,973,2585,1501,0
89,193,1347,973,888,374,0
89,194,1347,973,263,2834,0
89,195,1347,973,1595,2302,0
90,0,1412,647,434,320,0
90,1,1412,647,571,1612,0
90,2,1412,647,135,2521,0
90,3,1412,647,1047,2342,0
90,4,1412,647,1231,1324,0
90,5,1412,647,675,751,0
90,6,1412,647,1122,987,0
90,7,1412,647,242,2916,0
90,8,1412,647,1743,2319,0
90,9,1412,647,2618,754,0
90,10,1412,647,2910,1478,0
90,11,1412,647,2108,832,0
90,12,1412,647,2,1143,0
90,13,1412,647,1115,2279,0
90,14,1412,647,1977,415,0
90,15,1412,647,2226,1439,0
90,16,1412,647,2325,1601,0
90,17,1412,647,2489,1612,0
90,18,1412,647,488,2077,0
90,19,1412,647,1366,798,0
90,20,1412,647,190,1364,0
90,21,1412,647,2898,1873,0
90,22,1412,647,2802,484,0
90,23,1412,647,1769,1361,0
90,24,1412,647,1719,2907,0
90,25,1412,647,203,816,0
90,26,1412,647,1401,1966,0
90,27,1412,647,565,2022,0
90,28,1412,647,2418,1484,0
90,29,1412,647,2744,2458,0
90,30,1412,647,2840,2909,0
90,31,1412,647,2633,2565,0
90,32,1412,647,2705,1885,0
90,33,1412,647,2153,2262,0
90,34,1412,647,387,708,0
90,35,1412,647,2510,1697,0
90,36,1412,647,648,2898,0
90,37,1412,647,652,1817,0
90,38,1412,647,1578,698,0
90,39,1412,647,2296,2101,0
90,40,1412,647,1931,2689,0
90,41,1412,647,526,1595,0
90,42,1412,647,2293,1825,0
90,43,1412,647,533,1404,0
90,44,1412,647,2655,608,0
90,45,1412,647,1891,927,0
90,46,1412,647,362,551,0
90,47,1412,647,517,432,0
90,48,1412,647,554,2611,0
90,49,1412,647,2495,1015,0
90,50,1412,647,582,952,0
90,51,1412,647,2325,1655,0
90,52,1412,647,627,564,0
90,53,1412,647,118,1718,0
90,54,1412,647,1703,700,0
90,55,1412,647,1698,1595,0
90,56,1412,647,2867,2916,0
90,57,1412,647,2436,1514,0
90,58,1412,647,2012,2768,0
90,59,1412,647,2307,1019,0
90,60,1412,647,59,2441,0
90,61,1412,647,1399,1108,0
90,62,1412,647,2643,1912,0
90,63,1412,647,2219,2119,0
90,64,1412,647,2401,2202,0
90,65,1412,647,387,1838,0
90,66,1412,647,1601,1532,0
90,67,1412,647,2837,72,0
90,68,1412,647,1391,2951,0
90,69,1412,647,595,1317,0
90,70,1412,647,2920,540,0
90,71,1412,647,2816,2465,0
90,72,1412,647,2231,1907,0
90,73,1412,647,1470,2429,0
90,74,1412,647,2847,1382,0
90,75,1412,647,1398,2370,0
90,76,1412,647,1762,2756,0
90,77,1412,647,95,1819,0
90,78,1412,647,2814,2784,0
90,79,1412,647,2728,847,0
90,80,1412,647,1380,2542,0
90,81,1412,647,1722,2778,0
90,82,1412,647,2181,2634,0
90,83,1412,647,2405,2720,0
90,84,1412,647,2862,2797,0
90,85,1412,647,598,2000,0
90,86,1412,647,2675,1916,0
90,87,1412,647,2094,513,0
90,88,1412,647,89,2129,0
90,89,1412,647,1347,973,0
90,91,1412,647,2716,1699,0
90,92,1412,647,2679,301,0
90,93,1412,647,2086,1982,0
90,94,1412,647,750,2399,0
90,95,1412,647,503,2249,0
90,96,1412,647,1529,2820,0
90,97,1412,647,116,1176,0
90,98,1412,647,692,2813,0
90,99,1412,647,231,639,0
90,100,1412,647,2740,2598,0
90,101,1412,647,224,2208,0
90,102,1412,647,1683,724,0
90,103,1412,647,1276,2330,0
90,104,1412,647,107,933,0
90,105,1412,647,1480,2153,0
90,106,1412,647,891,1933,0
90,107,1412,647,2849,2170,0
90,108,1412,647,1226,2205,0
90,109,1412,647,1117,460,0
90,110,1412,647,1597,111,0
90,111,1412,647,2174,2704,0
90,112,1412,647,811,90,0
90,113,1412,647,260,692,0
90,114,1412,647,1967,1969,0
90,115,1412,647,1133,2946,0
90,116,1412,647,786,2901,0
90,117,1412,647,312,1389,0
90,118,1412,647,2476,340,0
90,119,1412,647,2362,2436,0
90,120,1412,647,1679,1396,0
90,121,1412,647,2646,1977,0
90,122,1412,647,1769,2613,0
90,123,1412,647,636,2906,0
90,124,1412,647,2503,2888,0
90,125,1412,647,727,2051,0
90,126,1412,647,339,2092,0
90,127,1412,647,2559,1995,0
90,128,1412,647,1491,2896,0
90,129,1412,647,2256,1576,0
90,130,1412,647,335,2848,0
90,131,1412,647,1279,994,0
90,132,1412,647,191,2042,0
90,133,1412,647,2815,2594,0
90,134,1412,647,1341,659,1
90,135,1412,647,202,1952,0
90,136,1412,647,2049,235,0
90,137,1412,647,949,365,0
90,138,1412,647,442,484,0
90,139,1412,647,1496,989,0
90,140,1412,647,1432,2260,0
90,141,1412,647,378,1386,0
90,142,1412,647,251,778,0
90,143,1412,647,483,113,0
90,144,1412,647,2426,100,0
90,145,1412,647,2388,1563,0
90,146,1412,647,2427,2993,0
90,147,1412,647,1415,940,0
90,148,1412,647,40,1221,0
90,149,1412,647,415,137,0
90,150,1412,647,256,2140,0
90,151,1412,647,90,1522,0
90,152,1412,647,1589,989,0
90,153,1412,647,341,205,0
90,154,1412,647,883,1339,0
90,155,1412,647,280,1464,0
90,156,1412,647,1201,2822,0
90,157,1412,647,2942,1389,0
90,158,1412,647,1138,2750,0
90,159,1412,647,2639,1778,0
90,160,1412,647,662,429,0
90,161,1412,647,652,7,0
90,162,1412,647,2034,2057,0
90,163,1412,647,2854,2051,0
90,164,1412,647,1441,1791,0
90,165,1412,647,2428,256,0
90,166,1412,647,112,2528,0
90,167,1412,647,2873,2538,0
90,168,1412,647,2900,823,0
90,169,1412,647,263,2591,0
90,170,1412,647,486,2698,0
90,171,1412,647,568,150,0
90,172,1412,647,1194,2604,0
90,173,1412,647,1563,2193,0
90,174,1412,647,882,2764,0
90,175,1412,647,1800,2849,0
90,176,1412,647,58,2694,0
90,177,1412,647,2845,282,0
90,178,1412,647,2776,2400,0
90,179,1412,647,2493,1574,0
90,180,1412,647,1075,1910,0
90,181,1412,647,449,428,0
90,182,1412,647,2039,1945,0
90,183,1412,647,2887,271,0
90,184,1412,647,1400,2901,0
90,185,1412,647,2908,1118,0
90,186,1412,647,1650,1604,0
90,187,1412,647,2331,1718,0
90,188,1412,647,1439,133,0
90,189,1412,647,42,79,0
90,190,1412,647,1558,1707,0
90,191,1412,647,177,1143,0
90,192,1412,647,2585,1501,0
90,193,1412,647,888,374,0
90,194,1412,647,263,2834,0
90,195,1412,647,1595,2302,0
91,0,2716,1699,434,320,0
91,1,2716,1699,571,1612,0
91,2,2716,1699,135,2521,0
91,3,2716,1699,1047,2342,0
91,4,2716,1699,1231,1324,0
91,5,2716,1699,675,751,0
91,6,2716,1699,1122,987,0
91,7,2716,1699,242,2916,0
91,8,2716,1699,1743,2319,0
91,9,2716,1699,2618,754,0
91,10,2716,1699,2910,1478,0
91,11,2716,1699,2108,832,0
91,12,2716,1699,2,1143,0
91,13,2716,1699,1115,2279,0
91,14,2716,1699,1977,415,0
91,15,2716,1699,2226,1439,0
91,16,2716,1699,2325,1601,0
91,17,2716,1699,2489,1612,0
91,18,2716,1699,488,2077,0
91,19,2716,1699,1366,798,0
91,20,2716,1699,190,1364,0
91,21,2716,1699,2898,1873,0
91,22,2716,1699,2802,484,0
91,23,2716,1699,1769,1361,0
91,24,2716,1699,1719,2907,0
91,25,2716,1699,203,816,0
91,26,2716,1699,1401,1966,0
91,27,2716,1699,565,2022,0
91,28,2716,1699,2418,1484,0
91,29,2716,1699,2744,2458,0
91,30,2716,1699,2840,2909,0
91,31,2716,1699,2633,2565,0
91,32,2716,1699,2705,1885,0
91,33,2716,1699,2153,2262,0
91,34,2716,1699,387,708,0
91,35,2716,1699,2510,1697,0
91,36,2716,1699,648,2898,0
91,37,2716,1699,652,1817,0
91,38,2716,1699,1578,698,0
91,39,2716,1699,2296,2101,0
91,40,2716,1699,1931,2689,0
91,41,2716,1699,526,1595,0
91,42,2716,1699,2293,1825,0
91,43,2716,1699,533,1404,0
91,44,2716,1699,2655,608,0
91,45,2716,1699,1891,927,0
91,46,2716,1699,362,551,0
91,47,2716,1699,517,432,0
91,48,2716,1699,554,2611,0
91,49,2716,1699,2495,1015,0
91,50,2716,1699,582,952,0
91,51,2716,1699,2325,1655,0
91,52,2716,1699,627,564,0
91,53,2716,1699,118,1718,0
91,54,2716,1699,1703,700,0
91,55,2716,1699,1698,1595,0
91,56,2716,1699,2867,2916,0
91,57,2716,1699,2436,1514,0
91,58,2716,1699,2012,2768,0
91,59,2716,1699,2307,1019,0
91,60,2716,1699,59,2441,0
91,61,2716,1699,1399,1108,0
91,62,2716,1699,2643,1912,0
91,63,2716,1699,2219,2119,0
91,64,2716,1699,2401,2202,0
91,65,2716,1699,387,1838,0
91,66,2716,1699,1601,1532,0
91,67,2716,1699,2837,72,0
91,68,2716,1699,1391,2951,0
91,69,2716,1699,595,1317,0
91,70,2716,1699,2920,540,0
91,71,2716,1699,2816,2465,0
91,72,2716,1699,2231,1907,0
91,73,2716,1699,1470,2429,0
91,74,2716,1699,2847,1382,0
91,75,2716,1699,1398,2370,0
91,76,2716,1699,1762,2756,0
91,77,2716,1699,95,1819,0
91,78,2716,1699,2814,2784,0
91,79,2716,1699,2728,847,0
91,80,2716,1699,1380,2542,0
91,81,2716,1699,1722,2778,0
91,82,2716,1699,2181,2634,0
91,83,2716,1699,2405,2720,0
91,84,2716,1699,2862,2797,0
91,85,2716,1699,598,2000,0
91,86,2716,1699,2675,1916,0
91,87,2716,1699,2094,513,0
91,88,2716,1699,89,2129,0
91,89,2716,1699,1347,973,0
91,90,2716,1699,1412,647,0
91,92,2716,1699,2679,301,0
91,93,2716,1699,2086,1982,0
91,94,2716,1699,750,2399,0
91,95,2716,1699,503,2249,0
91,96,2716,1699,1529,2820,0
91,97,2716,1699,116,1176,0
91,98,2716,1699,692,2813,0
91,99,2716,1699,231,639,0
91,100,2716,1699,2740,2598,0
91,101,2716,1699,224,2208,0
91,102,2716,1699,1683,724,0
91,103,2716,1699,1276,2330,0
91,104,2716,1699,107,933,0
91,105,2716,1699,1480,2153,0
91,106,2716,1699,891,1933,0
91,107,2716,1699,2849,2170,0
91,108,2716,1699,1226,2205,0
91,109,2716,1699,1117,460,0
91,110,2716,1699,1597,111,0
91,111,2716,1699,2174,2704,0
91,112,2716,1699,811,90,0
91,113,2716,1699,260,692,0
91,114,2716,1699,1967,1969,0
91,115,2716,1699,1133,2946,0
91,116,2716,1699,786,2901,0
91,117,2716,1699,312,1389,0
91,118,2716,1699,2476,340,0
91,119,2716,1699,2362,2436,0
91,120,2716,1699,1679,1396,0
91,121,2716,1699,2646,1977,0
91,122,2716,1699,1769,2613,0
91,123,2716,1699,636,2906,0
91,124,2716,1699,2503,2888,0
91,125,2716,1699,727,2051,0
91,126,2716,1699,339,2092,0
91,127,2716,1699,2559,1995,0
91,128,2716,1699,1491,2896,0
91,129,2716,1699,2256,1576,0
91,130,2716,1699,335,2848,0
91,131,2716,1699,1279,994,0
91,132,2716,1699,191,2042,0
91,133,2716,1699,2815,2594,0
91,134,2716,1699,1341,659,0
91,135,2716,1699,202,1952,0
91,136,2716,1699,2049,235,0
91,137,2716,1699,949,365,0
91,138,2716,1699,442,484,0
91,139,2716,1699,1496,989,0
91,140,2716,1699,1432,2260,0
91,141,2716,1699,378,1386,0
91,142,2716,1699,251,778,0
91,143,2716,1699,483,113,0
91,144,2716,1699,2426,100,0
91,145,2716,1699,2388,1563,0
91,146,2716,1699,2427,2993,0
91,147,2716,1699,1415,940,0
91,148,2716,1699,40,1221,0
91,149,2716,1699,415,137,0
91,150,2716,1699,256,2140,0
91,151,2716,1699,90,1522,0
91,152,2716,1699,1589,989,0
91,153,2716,1699,341,205,0
91,154,2716,1699,883,1339,0
91,155,2716,1699,280,1464,0
91,156,2716,1699,1201,2822,0
91,157,2716,1699,2942,1389,0
91,158,2716,1699,1138,2750,0
91,159,2716,1699,2639,1778,1
91,160,2716,1699,662,429,0
91,161,2716,1699,652,7,0
91,162,2716,1699,2034,2057,0
91,163,2716,1699,2854,2051,0
91,164,2716,1699,1441,1791,0
91,165,2716,1699,2428,256,0
91,166,2716,1699,112,2528,0
91,167,2716,1699,2873,2538,0
91,168,2716,1699,2900,823,0
91,169,2716,1699,263,2591,0
91,170,2716,1699,486,2698,0
91,171,2716,1699,568,150,0
91,172,2716,1699,1194,2604,0
91,173,2716,1699,1563,2193,0
91,174,2716,1699,882,2764,0
91,175,2716,1699,1800,2849,0
91,176,2716,1699,58,2694,0
91,177,2716,1699,2845,282,0
91,178,2716,1699,2776,2400,0
91,179,2716,1699,2493,1574,0
91,180,2716,1699,1075,1910,0
91,181,2716,1699,449,428,0
91,182,2716,1699,2039,1945,0
91,183,2716,1699,2887,271,0
91,184,2716,1699,1400,2901,0
91,185,2716,1699,2908,1118,0
91,186,2716,1699,1650,1604,0
91,187,2716,1699,2331,1718,0
91,188,2716,1699,1439,133,0
91,189,2716,1699,42,79,0
91,190,2716,1699,1558,1707,0
91,191,2716,1699,177,1143,0
91,192,2716,1699,2585,1501,0
91,193,2716,1699,888,374,0
91,194,2716,1699,263,2834,0
91,195,2716,1699,1595,2302,0
92,0,2679,301,434,320,0
92,1,2679,301,571,1612,0
92,2,2679,301,135,2521,0
92,3,2679,301,1047,2342,0
92,4,2679,301,1231,1324,0
92,5,2679,301,675,751,0
92,6,2679,301,1122,987,0
92,7,2679,301,242,2916,0
92,8,2679,301,1743,2319,0
92,9,2679,301,2618,754,0
92,10,2679,301,2910,1478,0
92,11,2679,301,2108,832,0
92,12,2679,301,2,1143,0
92,13,2679,301,1115,2279,0
92,14,2679,301,1977,415,0
92,15,2679,301,2226,1439,0
92,16,2679,301,2325,1601,0
92,17,2679,301,2489,1612,0
92,18,2679,301,488,2077,0
92,19,2679,301,1366,798,0
92,20,2679,301,190,1364,0
92,21,2679,301,2898,1873,0
92,22,2679,301,2802,484,1
92,23,2679,301,1769,1361,0
92,24,2679,301,1719,2907,0
92,25,2679,301,203,816,0
92,26,2679,301,1401,1966,0
92,27,2679,301,565,2022,0
92,28,2679,301,2418,1484,0
92,29,2679,301,2744,2458,0
92,30,2679,301,2840,2909,0
92,31,2679,301,2633,2565,0
92,32,2679,301,2705,1885,0
92,33,2679,301,2153,2262,0
92,34,2679,301,387,708,0
92,35,2679,301,2510,1697,0
92,36,2679,301,648,2898,0
92,37,2679,301,652,1817,0
92,38,2679,301,1578,698,0
92,39,2679,301,2296,2101,0
92,40,2679,301,1931,2689,0
92,41,2679,301,526,1595,0
92,42,2679,301,2293,1825,0
92,43,2679,301,533,1404,0
92,44,2679,301,2655,608,0
92,45,2679,301,1891,927,0
92,46,2679,301,362,551,0
92,47,2679,301,517,432,0
92,48,2679,301,554,2611,0
92,49,2679,301,2495,1015,0
92,50,2679,301,582,952,0
92,51,2679,301,2325,1655,0
92,52,2679,301,627,564,0
92,53,2679,301,118,1718,0
92,54,2679,301,1703,700,0
92,55,2679,301,1698,1595,0
92,56,2679,301,2867,2916,0
92,57,2679,301,2436,1514,0
92,58,2679,301,2012,2768,0
92,59,2679,301,2307,1019,0
92,60,2679,301,59,2441,0
92,61,2679,301,1399,1108,0
92,62,2679,301,2643,1912,0
92,63,2679,301,2219,2119,0
92,64,2679,301,2401,2202,0
92,65,2679,301,387,1838,0
92,66,2679,301,1601,1532,0
92,67,2679,301,2837,72,0
92,68,2679,301,1391,2951,0
92,69,2679,301,595,1317,0
92,70,2679,301,2920,540,0
92,71,2679,301,2816,2465,0
92,72,2679,301,2231,1907,0
92,73,2679,301,1470,2429,0
92,74,2679,301,2847,1382,0
92,75,2679,301,1398,2370,0
92,76,2679,301,1762,2756,0
92,77,2679,301,95,1819,0
92,78,2679,301,2814,2784,0
92,79,2679,301,2728,847,0
92,80,2679,301,1380,2542,0
92,81,2679,301,1722,2778,0
92,82,2679,301,2181,2634,0
92,83,2679,301,2405,2720,0
92,84,2679,301,2862,2797,0
92,85,2679,301,598,2000,0
92,86,2679,301,2675,1916,0
92,87,2679,301,2094,513,0
92,88,2679,301,89,2129,0
92,89,2679,301,1347,973,0
92,90,2679,301,1412,647,0
92,91,2679,301,2716,1699,0
92,93,2679,301,2086,1982,0
92,94,2679,301,750,2399,0
92,95,2679,301,503,2249,0
92,96,2679,301,1529,2820,0
92,97,2679,301,116,1176,0
92,98,2679,301,692,2813,0
92,99,2679,301,231,639,0
92,100,2679,301,2740,2598,0
92,101,2679,301,224,2208,0
92,102,2679,301,1683,724,0
92,103,2679,301,1276,2330,0
92,104,2679,301,107,933,0
92,105,2679,301,1480,2153,0
92,106,2679,301,891,1933,0
92,107,2679,301,2849,2170,0
92,108,2679,301,1226,2205,0
92,109,2679,301,1117,460,0
92,110,2679,301,1597,111,0
92,111,2679,301,2174,2704,0
92,112,2679,301,811,90,0
92,113,2679,301,260,692,0
92,114,2679,301,1967,1969,0
92,115,2679,301,1133,2946,0
92,116,2679,301,786,2901,0
92,117,2679,301,312,1389,0
92,118,2679,301,2476,340,0
92,119,2679,301,2362,2436,0
92,120,2679,301,1679,1396,0
92,121,2679,301,2646,1977,0
92,122,2679,301,1769,2613,0
92,123,2679,301,636,2906,0
92,124,2679,301,2503,2888,0
92,125,2679,301,727,2051,0
92,126,2679,301,339,2092,0
92,127,2679,301,2559,1995,0
92,128,2679,301,1491,2896,0
92,129,2679,301,2256,1576,0
92,130,2679,301,335,2848,0
92,131,2679,301,1279,994,0
92,132,2679,301,191,2042,0
92,133,2679,301,2815,2594,0
92,134,2679,301,1341,659,0
92,135,2679,301,202,1952,0
92,136,2679,301,2049,235,0
92,137,2679,301,949,365,0
92,138,2679,301,442,484,0
92,139,2679,301,1496,989,0
92,140,2679,301,1432,2260,0
92,141,2679,301,378,1386,0
92,142,2679,301,251,778,0
92,143,2679,301,483,113,0
92,144,2679,301,2426,100,0
92,145,2679,301,2388,1563,0
92,146,2679,301,2427,2993,0
92,147,2679,301,1415,940,0
92,148,2679,301,40,1221,0
92,149,2679,301,415,137,0
92,150,2679,301,256,2140,0
92,151,2679,301,90,1522,0
92,152,2679,301,1589,989,0
92,153,2679,301,341,205,0
92,154,2679,301,883,1339,0
92,155,2679,301,280,1464,0
92,156,2679,301,1201,2822,0
92,157,2679,301,2942,1389,0
92,158,2679,301,1138,2750,0
92,159,2679,301,2639,1778,0
92,160,2679,301,662,429,0
92,161,2679,301,652,7,0
92,162,2679,301,2034,2057,0
92,163,2679,301,2854,2051,0
92,164,2679,301,1441,1791,0
92,165,2679,301,2428,256,0
92,166,2679,301,112,2528,0
92,167,2679,301,2873,2538,0
92,168,2679,301,2900,823,0
92,169,2679,301,263,2591,0
92,170,2679,301,486,2698,0
92,171,2679,301,568,150,0
92,172,2679,301,1194,2604,0
92,173,2679,301,1563,2193,0
92,174,2679,301,882,2764,0
92,175,2679,301,1800,2849,0
92,176,2679,301,58,2694,0
92,177,2679,301,2845,282,0
92,178,2679,301,2776,2400,0
92,179,2679,301,2493,1574,0
92,180,2679,301,1075,1910,0
92,181,2679,301,449,428,0
92,182,2679,301,2039,1945,0
92,183,2679,301,2887,271,0
92,184,2679,301,1400,2901,0
92,185,2679,301,2908,1118,0
92,186,2679,301,1650,1604,0
92,187,2679,301,2331,1718,0
92,188,2679,301,1439,133,0
92,189,2679,301,42,79,0
92,190,2679,301,1558,1707,0
92,191,2679,301,177,1143,0
92,192,2679,301,2585,1501,0
92,193,2679,301,888,374,0
92,194,2679,301,263,2834,0
92,195,2679,301,1595,2302,0
93,0,2086,1982,434,320,0
93,1,2086,1982,571,1612,0
93,2,2086,1982,135,2521,0
93,3,2086,1982,1047,2342,0
93,4,2086,1982,1231,1324,0
93,5,2086,1982,675,751,0
93,6,2086,1982,1122,987,0
93,7,2086,1982,242,2916,0
93,8,2086,1982,1743,2319,0
93,9,2086,1982,2618,754,0
93,10,2086,1982,2910,1478,0
93,11,2086,1982,2108,832,0
93,12,2086,1982,2,1143,0
93,13,2086,1982,1115,2279,0
93,14,2086,1982,1977,415,0
93,15,2086,1982,2226,1439,0
93,16,2086,1982,2325,1601,0
93,17,2086,1982,2489,1612,0
93,18,2086,1982,488,2077,0
93,19,2086,1982,1366,798,0
93,20,2086,1982,190,1364,0
93,21,2086,1982,2898,1873,0
93,22,2086,1982,2802,484,0
93,23,2086,1982,1769,1361,0
93,24,2086,1982,1719,2907,0
93,25,2086,1982,203,816,0
93,26,2086,1982,1401,1966,0
93,27,2086,1982,565,2022,0
93,28,2086,1982,2418,1484,0
93,29,2086,1982,2744,2458,0
93,30,2086,1982,2840,2909,0
93,31,2086,1982,2633,2565,0
93,32,2086,1982,2705,1885,0
93,33,2086,1982,2153,2262,0
93,34,2086,1982,387,708,0
93,35,2086,1982,2510,1697,0
93,36,2086,1982,648,2898,0
93,37,2086,1982,652,1817,0
93,38,2086,1982,1578,698,0
93,39,2086,1982,2296,2101,0
93,40,2086,1982,1931,2689,0
93,41,2086,1982,526,1595,0
93,42,2086,1982,2293,1825,0
93,43,2086,1982,533,1404,0
93,44,2086,1982,2655,608,0
93,45,2086,1982,1891,927,0
93,46,2086,1982,362,551,0
93,47,2086,1982,517,432,0
93,48,2086,1982,554,2611,0
93,49,2086,1982,2495,1015,0
93,50,2086,1982,582,952,0
93,51,2086,1982,2325,1655,0
93,52,2086,1982,627,564,0
93,53,2086,1982,118,1718,0
93,54,2086,1982,1703,700,0
93,55,2086,1982,1698,1595,0
93,56,2086,1982,2867,2916,0
93,57,2086,1982,2436,1514,0
93,58,2086,1982,2012,2768,0
93,59,2086,1982,2307,1019,0
93,60,2086,1982,59,2441,0
93,61,2086,1982,1399,1108,0
93,62,2086,1982,2643,1912,0
93,63,2086,1982,2219,2119,0
93,64,2086,1982,2401,2202,0
93,65,2086,1982,387,1838,0
93,66,2086,1982,1601,1532,0
93,67,2086,1982,2837,72,0
93,68,2086,1982,1391,2951,0
93,69,2086,1982,595,1317,0
93,70,2086,1982,2920,540,0
93,71,2086,1982,2816,2465,0
93,72,2086,1982,2231,1907,0
93,73,2086,1982,1470,2429,0
93,74,2086,1982,2847,1382,0
93,75,2086,1982,1398,2370,0
93,76,2086,1982,1762,2756,0
93,77,2086,1982,95,1819,0
93,78,2086,1982,2814,2784,0
93,79,2086,1982,2728,847,0
93,80,2086,1982,1380,2542,0
93,81,2086,1982,1722,2778,0
93,82,2086,1982,2181,2634,0
93,83,2086,1982,2405,2720,0
93,84,2086,1982,2862,2797,0
93,85,2086,1982,598,2000,0
93,86,2086,1982,2675,1916,0
93,87,2086,1982,2094,513,0
93,88,2086,1982,89,2129,0
93,89,2086,1982,1347,973,0
93,90,2086,1982,1412,647,0
93,91,2086,1982,2716,1699,0
93,92,2086,1982,2679,301,0
93,94,2086,1982,750,2399,0
93,95,2086,1982,503,2249,0
93,96,2086,1982,1529,2820,0
93,97,2086,1982,116,1176,0
93,98,2086,1982,692,2813,0
93,99,2086,1982,231,639,0
93,100,2086,1982,2740,2598,0
93,101,2086,1982,224,2208,0
93,102,2086,1982,1683,724,0
93,103,2086,1982,1276,2330,0
93,104,2086,1982,107,933,0
93,105,2086,1982,1480,2153,0
93,106,2086,1982,891,1933,0
93,107,2086,1982,2849,2170,0
93,108,2086,1982,1226,2205,0
93,109,2086,1982,1117,460,0
93,110,2086,1982,1597,111,0
93,111,2086,1982,2174,2704,0
93,112,2086,1982,811,90,0
93,113,2086,1982,260,692,0
93,114,2086,1982,1967,1969,0
93,115,2086,1982,1133,2946,0
93,116,2086,1982,786,2901,0
93,117,2086,1982,312,1389,0
93,118,2086,1982,2476,340,0
93,119,2086,1982,2362,2436,0
93,120,2086,1982,1679,1396,0
93,121,2086,1982,2646,1977,0
93,122,2086,1982,1769,2613,0
93,123,2086,1982,636,2906,0
93,124,2086,1982,2503,2888,0
93,125,2086,1982,727,2051,0
93,126,2086,1982,339,2092,0
93,127,2086,1982,2559,1995,0
93,128,2086,1982,1491,2896,0
93,129,2086,1982,2256,1576,0
93,130,2086,1982,335,2848,0
93,131,2086,1982,1279,994,0
93,132,2086,1982,191,2042,0
93,133,2086,1982,2815,2594,0
93,134,2086,1982,1341,659,0
93,135,2086,1982,202,1952,0
93,136,2086,1982,2049,235,0
93,137,2086,1982,949,365,0
93,138,2086,1982,442,484,0
93,139,2086,1982,1496,989,0
93,140,2086,1982,1432,2260,0
93,141,2086,1982,378,1386,0
93,142,2086,1982,251,778,0
93,143,2086,1982,483,113,0
93,144,2086,1982,2426,100,0
93,145,2086,1982,2388,1563,0
93,146,2086,1982,2427,2993,0
93,147,2086,1982,1415,940,0
93,148,2086,1982,40,1221,0
93,149,2086,1982,415,137,0
93,150,2086,1982,256,2140,0
93,151,2086,1982,90,1522,0
93,152,2086,1982,1589,989,0
93,153,2086,1982,341,205,0
93,154,2086,1982,883,1339,0
93,155,2086,1982,280,1464,0
93,156,2086,1982,1201,2822,0
93,157,2086,1982,2942,1389,0
93,158,2086,1982,1138,2750,0
93,159,2086,1982,2639,1778,0
93,160,2086,1982,662,429,0
93,161,2086,1982,652,7,0
93,162,2086,1982,2034,2057,0
93,163,2086,1982,2854,2051,0
93,164,2086,1982,1441,1791,0
93,165,2086,1982,2428,256,0
93,166,2086,1982,112,2528,0
93,167,2086,1982,2873,2538,0
93,168,2086,1982,2900,823,0
93,169,2086,1982,263,2591,0
93,170,2086,1982,486,2698,0
93,171,2086,1982,568,150,0
93,172,2086,1982,1194,2604,0
93,173,2086,1982,1563,2193,0
93,174,2086,1982,882,2764,0
93,175,2086,1982,1800,2849,0
93,176,2086,1982,58,2694,0
93,177,2086,1982,2845,282,0
93,178,2086,1982,2776,2400,0
93,179,2086,1982,2493,1574,0
93,180,2086,1982,1075,1910,0
93,181,2086,1982,449,428,0
93,182,2086,1982,2039,1945,1
93,183,2086,1982,2887,271,0
93,184,2086,1982,1400,2901,0
93,185,2086,1982,2908,1118,0
93,186,2086,1982,1650,1604,0
93,187,2086,1982,2331,1718,0
93,188,2086,1982,1439,133,0
93,189,2086,1982,42,79,0
93,190,2086,1982,1558,1707,0
93,191,2086,1982,177,1143,0
93,192,2086,1982,2585,1501,0
93,193,2086,1982,888,374,0
93,194,2086,1982,263,2834,0
93,195,2086,1982,1595,2302,0
94,0,750,2399,434,320,0
94,1,750,2399,571,1612,0
94,2,750,2399,135,2521,0
94,3,750,2399,1047,2342,0
94,4,750,2399,1231,1324,0
94,5,750,2399,675,751,0
94,6,750,2399,1122,987,0
94,7,750,2399,242,2916,0
94,8,750,2399,1743,2319,0
94,9,750,2399,2618,754,0
94,10,750,2399,2910,1478,0
94,11,750,2399,2108,832,0
94,12,750,2399,2,1143,0
94,13,750,2399,1115,2279,0
94,14,750,2399,1977,415,0
94,15,750,2399,2226,1439,0
94,16,750,2399,2325,1601,0
94,17,750,2399,2489,1612,0
94,18,750,2399,488,2077,0
94,19,750,2399,1366,798,0
94,20,750,2399,190,1364,0
94,21,750,2399,2898,1873,0
94,22,750,2399,2802,484,0
94,23,750,2399,1769,1361,0
94,24,750,2399,1719,2907,0
94,25,750,2399,203,816,0
94,26,750,2399,1401,1966,0
94,27,750,2399,565,2022,0
94,28,750,2399,2418,1484,0
94,29,750,2399,2744,2458,0
94,30,750,2399,2840,2909,0
94,31,750,2399,2633,2565,0
94,32,750,2399,2705,1885,0
94,33,750,2399,2153,2262,0
94,34,750,2399,387,708,0
94,35,750,2399,2510,1697,0
94,36,750,2399,648,2898,0
94,37,750,2399,652,1817,0
94,38,750,2399,1578,698,0
94,39,750,2399,2296,2101,0
94,40,750,2399,1931,2689,0
94,41,750,2399,526,1595,0
94,42,750,2399,2293,1825,0
94,43,750,2399,533,1404,0
94,44,750,2399,2655,608,0
94,45,750,2399,1891,927,0
94,46,750,2399,362,551,0
94,47,750,2399,517,432,0
94,48,750,2399,554,2611,0
94,49,750,2399,2495,1015,0
94,50,750,2399,582,952,0
94,51,750,2399,2325,1655,0
94,52,750,2399,627,564,0
94,53,750,2399,118,1718,0
94,54,750,2399,1703,700,0
94,55,750,2399,1698,1595,0
94,56,750,2399,2867,2916,0
94,57,750,2399,2436,1514,0
94,58,750,2399,2012,2768,0
94,59,750,2399,2307,1019,0
94,60,750,2399,59,2441,0
94,61,750,2399,1399,1108,0
94,62,750,2399,2643,1912,0
94,63,750,2399,2219,2119,0
94,64,750,2399,2401,2202,0
94,65,750,2399,387,1838,0
94,66,750,2399,1601,1532,0
94,67,750,2399,2837,72,0
94,68,750,2399,1391,2951,0
94,69,750,2399,595,1317,0
94,70,750,2399,2920,540,0
94,71,750,2399,2816,2465,0
94,72,750,2399,2231,1907,0
94,73,750,2399,1470,2429,0
94,74,750,2399,2847,1382,0
94,75,750,2399,1398,2370,0
94,76,750,2399,1762,2756,0
94,77,750,2399,95,1819,0
94,78,750,2399,2814,2784,0
94,79,750,2399,2728,847,0
94,80,750,2399,1380,2542,0
94,81,750,2399,1722,2778,0
94,82,750,2399,2181,2634,0
94,83,750,2399,2405,2720,0
94,84,750,2399,2862,2797,0
94,85,750,2399,598,2000,0
94,86,750,2399,2675,1916,0
94,87,750,2399,2094,513,0
94,88,750,2399,89,2129,0
94,89,750,2399,1347,973,0
94,90,750,2399,1412,647,0
94,91,750,2399,2716,1699,0
94,92,750,2399,2679,301,0
94,93,750,2399,2086,1982,0
94,95,750,2399,503,2249,0
94,96,750,2399,1529,2820,0
94,97,750,2399,116,1176,0
94,98,750,2399,692,2813,0
94,99,750,2399,231,639,0
94,100,750,2399,2740,2598,0
94,101,750,2399,224,2208,0
94,102,750,2399,1683,724,0
94,103,750,2399,1276,2330,0
94,104,750,2399,107,933,0
94,105,750,2399,1480,2153,0
94,106,750,2399,891,1933,0
94,107,750,2399,2849,2170,0
94,108,750,2399,1226,2205,0
94,109,750,2399,1117,460,0
94,110,750,2399,1597,111,0
94,111,750,2399,2174,2704,0
94,112,750,2399,811,90,0
94,113,750,2399,260,692,0
94,114,750,2399,1967,1969,0
94,115,750,2399,1133,2946,0
94,116,750,2399,786,2901,0
94,117,750,2399,312,1389,0
94,118,750,2399,2476,340,0
94,119,750,2399,2362,2436,0
94,120,750,2399,1679,1396,0
94,121,750,2399,2646,1977,0
94,122,750,2399,1769,2613,0
94,123,750,2399,636,2906,0
94,124,750,2399,2503,2888,0
94,125,750,2399,727,2051,0
94,126,750,2399,339,2092,0
94,127,750,2399,2559,1995,0
94,128,750,2399,1491,2896,0
94,129,750,2399,2256,1576,0
94,130,750,2399,335,2848,0
94,131,750,2399,1279,994,0
94,132,750,2399,191,2042,0
94,133,750,2399,2815,2594,0
94,134,750,2399,1341,659,0
94,135,750,2399,202,1952,0
94,136,750,2399,2049,235,0
94,137,750,2399,949,365,0
94,138,750,2399,442,484,0
94,139,750,2399,1496,989,0
94,140,750,2399,1432,2260,0
94,141,750,2399,378,1386,0
94,142,750,2399,251,778,0
94,143,750,2399,483,113,0
94,144,750,2399,2426,100,0
94,145,750,2399,2388,1563,0
94,146,750,2399,2427,2993,0
94,147,750,2399,1415,940,0
94,148,750,2399,40,1221,0
94,149,750,2399,415,137,0
94,150,750,2399,256,2140,0
94,151,750,2399,90,1522,0
94,152,750,2399,1589,989,0
94,153,750,2399,341,205,0
94,154,750,2399,883,1339,0
94,155,750,2399,280,1464,0
94,156,750,2399,1201,2822,0
94,157,750,2399,2942,1389,0
94,158,750,2399,1138,2750,0
94,159,750,2399,2639,1778,0
94,160,750,2399,662,429,0
94,161,750,2399,652,7,0
94,162,750,2399,2034,2057,0
94,163,750,2399,2854,2051,0
94,164,750,2399,1441,1791,0
94,165,750,2399,2428,256,0
94,166,750,2399,112,2528,0
94,167,750,2399,2873,2538,0
94,168,750,2399,2900,823,0
94,169,750,2399,263,2591,0
94,170,750,2399,486,2698,0
94,171,750,2399,568,150,0
94,172,750,2399,1194,2604,0
94,173,750,2399,1563,2193,0
94,174,750,2399,882,2764,1
94,175,750,2399,1800,2849,0
94,176,750,2399,58,2694,0
94,177,750,2399,2845,282,0
94,178,750,2399,2776,2400,0
94,179,750,2399,2493,1574,0
94,180,750,2399,1075,1910,0
94,181,750,2399,449,428,0
94,182,750,2399,2039,1945,0
94,183,750,2399,2887,271,0
94,184,750,2399,1400,2901,0
94,185,750,2399,2908,1118,0
94,186,750,2399,1650,1604,0
94,187,750,2399,2331,1718,0
94,188,750,2399,1439,133,0
94,189,750,2399,42,79,0
94,190,750,2399,1558,1707,0
94,191,750,2399,177,1143,0
94,192,750,2399,2585,1501,0
94,193,750,2399,888,374,0
94,194,750,2399,263,2834,0
94,195,750,2399,1595,2302,0
95,0,503,2249,434,320,0
95,1,503,2249,571,1612,0
95,2,503,2249,135,2521,0
95,3,503,2249,1047,2342,0
95,4,503,2249,1231,1324,0
95,5,503,2249,675,751,0
95,6,503,2249,1122,987,0
95,7,503,2249,242,2916,0
95,8,503,2249,1743,2319,0
95,9,503,2249,2618,754,0
95,10,503,2249,2910,1478,0
95,11,503,2249,2108,832,0
95,12,503,2249,2,1143,0
95,13,503,2249,1115,2279,0
95,14,503,2249,1977,415,0
95,15,503,2249,2226,1439,0
95,16,503,2249,2325,1601,0
95,17,503,2249,2489,1612,0
95,18,503,2249,488,2077,1
95,19,503,2249,1366,798,0
95,20,503,2249,190,1364,0
95,21,503,2249,2898,1873,0
95,22,503,2249,2802,484,0
95,23,503,2249,1769,1361,0
95,24,503,2249,1719,2907,0
95,25,503,2249,203,816,0
95,26,503,2249,1401,1966,0
95,27,503,2249,565,2022,0
95,28,503,2249,2418,1484,0
95,29,503,2249,2744,2458,0
95,30,503,2249,2840,2909,0
95,31,503,2249,2633,2565,0
95,32,503,2249,2705,1885,0
95,33,503,2249,2153,2262,0
95,34,503,2249,387,708,0
95,35,503,2249,2510,1697,0
95,36,503,2249,648,2898,0
95,37,503,2249,652,1817,0
95,38,503,2249,1578,698,0
95,39,503,2249,2296,2101,0
95,40,503,2249,1931,2689,0
95,41,503,2249,526,1595,0
95,42,503,2249,2293,1825,0
95,43,503,2249,533,1404,0
95,44,503,2249,2655,608,0
95,45,503,2249,1891,927,0
95,46,503,2249,362,551,0
95,47,503,2249,517,432,0
95,48,503,2249,554,2611,0
95,49,503,2249,2495,1015,0
95,50,503,2249,582,952,0
95,51,503,2249,2325,1655,0
95,52,503,2249,627,564,0
95,53,503,2249,118,1718,0
95,54,503,2249,1703,700,0
95,55,503,2249,1698,1595,0
95,56,503,2249,2867,2916,0
95,57,503,2249,2436,1514,0
95,58,503,2249,2012,2768,0
95,59,503,2249,2307,1019,0
95,60,503,2249,59,2441,0
95,61,503,2249,1399,1108,0
95,62,503,2249,2643,1912,0
95,63,503,2249,2219,2119,0
95,64,503,2249,2401,2202,0
95,65,503,2249,387,1838,0
95,66,503,2249,1601,1532,0
95,67,503,2249,2837,72,0
95,68,503,2249,1391,2951,0
95,69,503,2249,595,1317,0
95,70,503,2249,2920,540,0
95,71,503,2249,2816,2465,0
95,72,503,2249,2231,1907,0
95,73,503,2249,1470,2429,0
95,74,503,2249,2847,1382,0
95,75,503,2249,1398,2370,0
95,76,503,2249,1762,2756,0
95,77,503,2249,95,1819,0
95,78,503,2249,2814,2784,0
95,79,503,2249,2728,847,0
95,80,503,2249,1380,2542,0
95,81,503,2249,1722,2778,0
95,82,503,2249,2181,2634,0
95,83,503,2249,2405,2720,0
95,84,503,2249,2862,2797,0
95,85,503,2249,598,2000,0
95,86,503,2249,2675,1916,0
95,87,503,2249,2094,513,0
95,88,503,2249,89,2129,0
95,89,503,2249,1347,973,0
95,90,503,2249,1412,647,0
95,91,503,2249,2716,1699,0
95,92,503,2249,2679,301,0
95,93,503,2249,2086,1982,0
95,94,503,2249,750,2399,0
95,96,503,2249,1529,2820,0
95,97,503,2249,116,1176,0
95,98,503,2249,692,2813,0
95,99,503,2249,231,639,0
95,100,503,2249,2740,2598,0
95,101,503,2249,224,2208,0
95,102,503,2249,1683,724,0
95,103,503,2249,1276,2330,0
95,104,503,2249,107,933,0
95,105,503,2249,1480,2153,0
95,106,503,2249,891,1933,0
95,107,503,2249,2849,2170,0
95,108,503,2249,1226,2205,0
95,109,503,2249,1117,460,0
95,110,503,2249,1597,111,0
95,111,503,2249,2174,2704,0
95,112,503,2249,811,90,0
95,113,503,2249,260,692,0
95,114,503,2249,1967,1969,0
95,115,503,2249,1133,2946,0
95,116,503,2249,786,2901,0
95,117,503,2249,312,1389,0
95,118,503,2249,2476,340,0
95,119,503,2249,2362,2436,0
95,120,503,2249,1679,1396,0
95,121,503,2249,2646,1977,0
95,122,503,2249,1769,2613,0
95,123,503,2249,636,2906,0
95,124,503,2249,2503,2888,0
95,125,503,2249,727,2051,0
95,126,503,2249,339,2092,0
95,127,503,2249,2559,1995,0
95,128,503,2249,1491,2896,0
95,129,503,2249,2256,1576,0
95,130,503,2249,335,2848,0
95,131,503,2249,1279,994,0
95,132,503,2249,191,2042,0
95,133,503,2249,2815,2594,0
95,134,503,2249,1341,659,0
95,135,503,2249,202,1952,0
95,136,503,2249,2049,235,0
95,137,503,2249,949,365,0
95,138,503,2249,442,484,0
95,139,503,2249,1496,989,0
95,140,503,2249,1432,2260,0
95,141,503,2249,378,1386,0
95,142,503,2249,251,778,0
95,143,503,2249,483,113,0
95,144,503,2249,2426,100,0
95,145,503,2249,2388,1563,0
95,146,503,2249,2427,2993,0
95,147,503,2249,1415,940,0
95,148,503,2249,40,1221,0
95,149,503,2249,415,137,0
95,150,503,2249,256,2140,0
95,151,503,2249,90,1522,0
95,152,503,2249,1589,989,0
95,153,503,2249,341,205,0
95,154,503,2249,883,1339,0
95,155,503,2249,280,1464,0
95,156,503,2249,1201,2822,0
95,157,503,2249,2942,1389,0
95,158,503,2249,1138,2750,0
95,159,503,2249,2639,1778,0
95,160,503,2249,662,429,0
95,161,503,2249,652,7,0
95,162,503,2249,2034,2057,0
95,163,503,2249,2854,2051,0
95,164,503,2249,1441,1791,0
95,165,503,2249,2428,256,0
95,166,503,2249,112,2528,0
95,167,503,2249,2873,2538,0
95,168,503,2249,2900,823,0
95,169,503,2249,263,2591,0
95,170,503,2249,486,2698,0
95,171,503,2249,568,150,0
95,172,503,2249,1194,2604,0
95,173,503,2249,1563,2193,0
95,174,503,2249,882,2764,0
95,175,503,2249,1800,2849,0
95,176,503,2249,58,2694,0
95,177,503,2249,2845,282,0
95,178,503,2249,2776,2400,0
95,179,503,2249,2493,1574,0
95,180,503,2249,1075,1910,0
95,181,503,2249,449,428,0
95,182,503,2249,2039,1945,0
95,183,503,2249,2887,271,0
95,184,503,2249,1400,2901,0
95,185,503,2249,2908,1118,0
95,186,503,2249,1650,1604,0
95,187,503,2249,2331,1718,0
95,188,503,2249,1439,133,0
95,189,503,2249,42,79,0
95,190,503,2249,1558,1707,0
95,191,503,2249,177,1143,0
95,192,503,2249,2585,1501,0
95,193,503,2249,888,374,0
95,194,503,2249,263,2834,0
95,195,503,2249,1595,2302,0
96,0,1529,2820,434,320,0
96,1,1529,2820,571,1612,0
96,2,1529,2820,135,2521,0
96,3,1529,2820,1047,2342,0
96,4,1529,2820,1231,1324,0
96,5,1529,2820,675,751,0
96,6,1529,2820,1122,987,0
96,7,1529,2820,242,2916,0
96,8,1529,2820,1743,2319,0
96,9,1529,2820,2618,754,0
96,10,1529,2820,2910,1478,0
96,11,1529,2820,2108,832,0
96,12,1529,2820,2,1143,0
96,13,1529,2820,1115,2279,0
96,14,1529,2820,1977,415,0
96,15,1529,2820,2226,1439,0
96,16,1529,2820,2325,1601,0
96,17,1529,2820,2489,1612,0
96,18,1529,2820,488,2077,0
96,19,1529,2820,1366,798,0
96,20,1529,2820,190,1364,0
96,21,1529,2820,2898,1873,0
96,22,1529,2820,2802,484,0
96,23,1529,2820,1769,1361,0
96,24,1529,2820,1719,2907,0
96,25,1529,2820,203,816,0
96,26,1529,2820,1401,1966,0
96,27,1529,2820,565,2022,0
96,28,1529,2820,2418,1484,0
96,29,1529,2820,2744,2458,0
96,30,1529,2820,2840,2909,0
96,31,1529,2820,2633,2565,0
96,32,1529,2820,2705,1885,0
96,33,1529,2820,2153,2262,0
96,34,1529,2820,387,708,0
96,35,1529,2820,2510,1697,0
96,36,1529,2820,648,2898,0
96,37,1529,2820,652,1817,0
96,38,1529,2820,1578,698,0
96,39,1529,2820,2296,2101,0
96,40,1529,2820,1931,2689,0
96,41,1529,2820,526,1595,0
96,42,1529,2820,2293,1825,0
96,43,1529,2820,533,1404,0
96,44,1529,2820,2655,608,0
96,45,1529,2820,1891,927,0
96,46,1529,2820,362,551,0
96,47,1529,2820,517,432,0
96,48,1529,2820,554,2611,0
96,49,1529,2820,2495,1015,0
96,50,1529,2820,582,952,0
96,51,1529,2820,2325,1655,0
96,52,1529,2820,627,564,0
96,53,1529,2820,118,1718,0
96,54,1529,2820,1703,700,0
96,55,1529,2820,1698,1595,0
96,56,1529,2820,2867,2916,0
96,57,1529,2820,2436,1514,0
96,58,1529,2820,2012,2768,0
96,59,1529,2820,2307,1019,0
96,60,1529,2820,59,2441,0
96,61,1529,2820,1399,1108,0
96,62,1529,2820,2643,1912,0
96,63,1529,2820,2219,2119,0
96,64,1529,2820,2401,2202,0
96,65,1529,2820,387,1838,0
96,66,1529,2820,1601,1532,0
96,67,1529,2820,2837,72,0
96,68,1529,2820,1391,2951,0
96,69,1529,2820,595,1317,0
96,70,1529,2820,2920,540,0
96,71,1529,2820,2816,2465,0
96,72,1529,2820,2231,1907,0
96,73,1529,2820,1470,2429,0
96,74,1529,2820,2847,1382,0
96,75,1529,2820,1398,2370,0
96,76,1529,2820,1762,2756,0
96,77,1529,2820,95,1819,0
96,78,1529,2820,2814,2784,0
96,79,1529,2820,2728,847,0
96,80,1529,2820,1380,2542,0
96,81,1529,2820,1722,2778,0
96,82,1529,2820,2181,2634,0
96,83,1529,2820,2405,2720,0
96,84,1529,2820,2862,2797,0
96,85,1529,2820,598,2000,0
96,86,1529,2820,2675,1916,0
96,87,1529,2820,2094,513,0
96,88,1529,2820,89,2129,0
96,89,1529,2820,1347,973,0
96,90,1529,2820,1412,647,0
96,91,1529,2820,2716,1699,0
96,92,1529,2820,2679,301,0
96,93,1529,2820,2086,1982,0
96,94,1529,2820,750,2399,0
96,95,1529,2820,503,2249,0
96,97,1529,2820,116,1176,0
96,98,1529,2820,692,2813,0
96,99,1529,2820,231,639,0
96,100,1529,2820,2740,2598,0
96,101,1529,2820,224,2208,0
96,102,1529,2820,1683,724,0
96,103,1529,2820,1276,2330,0
96,104,1529,2820,107,933,0
96,105,1529,2820,1480,2153,0
96,106,1529,2820,891,1933,0
96,107,1529,2820,2849,2170,0
96,108,1529,2820,1226,2205,0
96,109,1529,2820,1117,460,0
96,110,1529,2820,1597,111,0
96,111,1529,2820,2174,2704,0
96,112,1529,2820,811,90,0
96,113,1529,2820,260,692,0
96,114,1529,2820,1967,1969,0
96,115,1529,2820,1133,2946,0
96,116,1529,2820,786,2901,0
96,117,1529,2820,312,1389,0
96,118,1529,2820,2476,340,0
96,119,1529,2820,2362,2436,0
96,120,1529,2820,1679,1396,0
96,121,1529,2820,2646,1977,0
96,122,1529,2820,1769,2613,0
96,123,1529,2820,636,2906,0
96,124,1529,2820,2503,2888,0
96,125,1529,2820,727,2051,0
96,126,1529,2820,339,2092,0
96,127,1529,2820,2559,1995,0
96,128,1529,2820,1491,2896,1
96,129,1529,2820,2256,1576,0
96,130,1529,2820,335,2848,0
96,131,1529,2820,1279,994,0
96,132,1529,2820,191,2042,0
96,133,1529,2820,2815,2594,0
96,134,1529,2820,1341,659,0
96,135,1529,2820,202,1952,0
96,136,1529,2820,2049,235,0
96,137,1529,2820,949,365,0
96,138,1529,2820,442,484,0
96,139,1529,2820,1496,989,0
96,140,1529,2820,1432,2260,0
96,141,1529,2820,378,1386,0
96,142,1529,2820,251,778,0
96,143,1529,2820,483,113,0
96,144,1529,2820,2426,100,0
96,145,1529,2820,2388,1563,0
96,146,1529,2820,2427,2993,0
96,147,1529,2820,1415,940,0
96,148,1529,2820,40,1221,0
96,149,1529,2820,415,137,0
96,150,1529,2820,256,2140,0
96,151,1529,2820,90,1522,0
96,152,1529,2820,1589,989,0
96,153,1529,2820,341,205,0
96,154,1529,2820,883,1339,0
96,155,1529,2820,280,1464,0
96,156,1529,2820,1201,2822,0
96,157,1529,2820,2942,1389,0
96,158,1529,2820,1138,2750,0
96,159,1529,2820,2639,1778,0
96,160,1529,2820,662,429,0
96,161,1529,2820,652,7,0
96,162,1529,2820,2034,2057,0
96,163,1529,2820,2854,2051,0
96,164,1529,2820,1441,1791,0
96,165,1529,2820,2428,256,0
96,166,1529,2820,112,2528,0
96,167,1529,2820,2873,2538,0
96,168,1529,2820,2900,823,0
96,169,1529,2820,263,2591,0
96,170,1529,2820,486,2698,0
96,171,1529,2820,568,150,0
96,172,1529,2820,1194,2604,0
96,173,1529,2820,1563,2193,0
96,174,1529,2820,882,2764,0
96,175,1529,2820,1800,2849,0
96,176,1529,2820,58,2694,0
96,177,1529,2820,2845,282,0
96,178,1529,2820,2776,2400,0
96,179,1529,2820,2493,1574,0
96,180,1529,2820,1075,1910,0
96,181,1529,2820,449,428,0
96,182,1529,2820,2039,1945,0
96,183,1529,2820,2887,271,0
96,184,1529,2820,1400,2901,0
96,185,1529,2820,2908,1118,0
96,186,1529,2820,1650,1604,0
96,187,1529,2820,2331,1718,0
96,188,1529,2820,1439,133,0
96,189,1529,2820,42,79,0
96,190,1529,2820,1558,1707,0
96,191,1529,2820,177,1143,0
96,192,1529,2820,2585,1501,0
96,193,1529,2820,888,374,0
96,194,1529,2820,263,2834,0
96,195,1529,2820,1595,2302,0
97,0,116,1176,434,320,0
97,1,116,1176,571,1612,0
97,2,116,1176,135,2521,0
97,3,116,1176,1047,2342,0
97,4,116,1176,1231,1324,0
97,5,116,1176,675,751,0
97,6,116,1176,1122,987,0
97,7,116,1176,242,2916,0
97,8,116,1176,1743,2319,0
97,9,116,1176,2618,754,0
97,10,116,1176,2910,1478,0
97,11,116,1176,2108,832,0
97,12,116,1176,2,1143,0
97,13,116,1176,1115,2279,0
97,14,116,1176,1977,415,0
97,15,116,1176,2226,1439,0
97,16,116,1176,2325,1601,0
97,17,116,1176,2489,1612,0
97,18,116,1176,488,2077,0
97,19,116,1176,1366,798,0
97,20,116,1176,190,1364,0
97,21,116,1176,2898,1873,0
97,22,116,1176,2802,484,0
97,23,116,1176,1769,1361,0
97,24,116,1176,1719,2907,0
97,25,116,1176,203,816,0
97,26,116,1176,1401,1966,0
97,27,116,1176,565,2022,0
97,28,116,1176,2418,1484,0
97,29,116,1176,2744,2458,0
97,30,116,1176,2840,2909,0
97,31,116,1176,2633,2565,0
97,32,116,1176,2705,1885,0
97,33,116,1176,2153,2262,0
97,34,116,1176,387,708,0
97,35,116,1176,2510,1697,0
97,36,116,1176,648,2898,0
97,37,116,1176,652,1817,0
97,38,116,1176,1578,698,0
97,39,116,1176,2296,2101,0
97,40,116,1176,1931,2689,0
97,41,116,1176,526,1595,0
97,42,116,1176,2293,1825,0
97,43,116,1176,533,1404,0
97,44,116,1176,2655,608,0
97,45,116,1176,1891,927,0
97,46,116,1176,362,551,0
97,47,116,1176,517,432,0
97,48,116,1176,554,2611,0
97,49,116,1176,2495,1015,0
97,50,116,1176,582,952,0
97,51,116,1176,2325,1655,0
97,52,116,1176,627,564,0
97,53,116,1176,118,1718,0
97,54,116,1176,1703,700,0
97,55,116,1176,1698,1595,0
97,56,116,1176,2867,2916,0
97,57,116,1176,2436,1514,0
97,58,116,1176,2012,2768,0
97,59,116,1176,2307,1019,0
97,60,116,1176,59,2441,0
97,61,116,1176,1399,1108,0
97,62,116,1176,2643,1912,0
97,63,116,1176,2219,2119,0
97,64,116,1176,2401,2202,0
97,65,116,1176,387,1838,0
97,66,116,1176,1601,1532,0
97,67,116,1176,2837,72,0
97,68,116,1176,1391,2951,0
97,69,116,1176,595,1317,0
97,70,116,1176,2920,540,0
97,71,116,1176,2816,2465,0
97,72,116,1176,2231,1907,0
97,73,116,1176,1470,2429,0
97,74,116,1176,2847,1382,0
97,75,116,1176,1398,2370,0
97,76,116,1176,1762,2756,0
97,77,116,1176,95,1819,0
97,78,116,1176,2814,2784,0
97,79,116,1176,2728,847,0
97,80,116,1176,1380,2542,0
97,81,116,1176,1722,2778,0
97,82,116,1176,2181,2634,0
97,83,116,1176,2405,2720,0
97,84,116,1176,2862,2797,0
97,85,116,1176,598,2000,0
97,86,116,1176,2675,1916,0
97,87,116,1176,2094,513,0
97,88,116,1176,89,2129,0
97,89,116,1176,1347,973,0
97,90,116,1176,1412,647,0
97,91,116,1176,2716,1699,0
97,92,116,1176,2679,301,0
97,93,116,1176,2086,1982,0
97,94,116,1176,750,2399,0
97,95,116,1176,503,2249,0
97,96,116,1176,1529,2820,0
97,98,116,1176,692,2813,0
97,99,116,1176,231,639,0
97,100,116,1176,2740,2598,0
97,101,116,1176,224,2208,0
97,102,116,1176,1683,724,0
97,103,116,1176,1276,2330,0
97,104,116,1176,107,933,0
97,105,116,1176,1480,2153,0
97,106,116,1176,891,1933,0
97,107,116,1176,2849,2170,0
97,108,116,1176,1226,2205,0
97,109,116,1176,1117,460,0
97,110,116,1176,1597,111,0
97,111,116,1176,2174,2704,0
97,112,116,1176,811,90,0
97,113,116,1176,260,692,0
97,114,116,1176,1967,1969,0
97,115,116,1176,1133,2946,0
97,116,116,1176,786,2901,0
97,117,116,1176,312,1389,0
97,118,116,1176,2476,340,0
97,119,116,1176,2362,2436,0
97,120,116,1176,1679,1396,0
97,121,116,1176,2646,1977,0
97,122,116,1176,1769,2613,0
97,123,116,1176,636,2906,0
97,124,116,1176,2503,2888,0
97,125,116,1176,727,2051,0
97,126,116,1176,339,2092,0
97,127,116,1176,2559,1995,0
97,128,116,1176,1491,2896,0
97,129,116,1176,2256,1576,0
97,130,116,1176,335,2848,0
97,131,116,1176,1279,994,0
97,132,116,1176,191,2042,0
97,133,116,1176,2815,2594,0
97,134,116,1176,1341,659,0
97,135,116,1176,202,1952,0
97,136,116,1176,2049,235,0
97,137,116,1176,949,365,0
97,138,116,1176,442,484,0
97,139,116,1176,1496,989,0
97,140,116,1176,1432,2260,0
97,141,116,1176,378,1386,0
97,142,116,1176,251,778,0
97,143,116,1176,483,113,0
97,144,116,1176,2426,100,0
97,145,116,1176,2388,1563,0
97,146,116,1176,2427,2993,0
97,147,116,1176,1415,940,0
97,148,116,1176,40,1221,1
97,149,116,1176,415,137,0
97,150,116,1176,256,2140,0
97,151,116,1176,90,1522,0
97,152,116,1176,1589,989,0
97,153,116,1176,341,205,0
97,154,116,1176,883,1339,0
97,155,116,1176,280,1464,0
97,156,116,1176,1201,2822,0
97,157,116,1176,2942,1389,0
97,158,116,1176,1138,2750,0
97,159,116,1176,2639,1778,0
97,160,116,1176,662,429,0
97,161,116,1176,652,7,0
97,162,116,1176,2034,2057,0
97,163,116,1176,2854,2051,0
97,164,116,1176,1441,1791,0
97,165,116,1176,2428,256,0
97,166,116,1176,112,2528,0
97,167,116,1176,2873,2538,0
97,168,116,1176,2900,823,0
97,169,116,1176,263,2591,0
97,170,116,1176,486,2698,0
97,171,116,1176,568,150,0
97,172,116,1176,1194,2604,0
97,173,116,1176,1563,2193,0
97,174,116,1176,882,2764,0
97,175,116,1176,1800,2849,0
97,176,116,1176,58,2694,0
97,177,116,1176,2845,282,0
97,178,116,1176,2776,2400,0
97,179,116,1176,2493,1574,0
97,180,116,1176,1075,1910,0
97,181,116,1176,449,428,0
97,182,116,1176,2039,1945,0
97,183,116,1176,2887,271,0
97,184,116,1176,1400,2901,0
97,185,116,1176,2908,1118,0
97,186,116,1176,1650,1604,0
97,187,116,1176,2331,1718,0
97,188,116,1176,1439,133,0
97,189,116,1176,42,79,0
97,190,116,1176,1558,1707,0
97,191,116,1176,177,1143,0
97,192,116,1176,2585,1501,0
97,193,116,1176,888,374,0
97,194,116,1176,263,2834,0
97,195,116,1176,1595,2302,0
98,0,692,2813,434,320,0
98,1,692,2813,571,1612,0
98,2,692,2813,135,2521,0
98,3,692,2813,1047,2342,0
98,4,692,2813,1231,1324,0
98,5,692,2813,675,751,0
98,6,692,2813,1122,987,0
98,7,692,2813,242,2916,0
98,8,692,2813,1743,2319,0
98,9,692,2813,2618,754,0
98,10,692,2813,2910,1478,0
98,11,692,2813,2108,832,0
98,12,692,2813,2,1143,0
98,13,692,2813,1115,2279,0
98,14,692,2813,1977,415,0
98,15,692,2813,2226,1439,0
98,16,692,2813,2325,1601,0
98,17,692,2813,2489,1612,0
98,18,692,2813,488,2077,0
98,19,692,2813,1366,798,0
98,20,692,2813,190,1364,0
98,21,692,2813,2898,1873,0
98,22,692,2813,2802,484,0
98,23,692,2813,1769,1361,0
98,24,692,2813,1719,2907,0
98,25,692,2813,203,816,0
98,26,692,2813,1401,1966,0
98,27,692,2813,565,2022,0
98,28,692,2813,2418,1484,0
98,29,692,2813,2744,2458,0
98,30,692,2813,2840,2909,0
98,31,692,2813,2633,2565,0
98,32,692,2813,2705,1885,0
98,33,692,2813,2153,2262,0
98,34,692,2813,387,708,0
98,35,692,2813,2510,1697,0
98,36,692,2813,648,2898,0
98,37,692,2813,652,1817,0
98,38,692,2813,1578,698,0
98,39,692,2813,2296,2101,0
98,40,692,2813,1931,2689,0
98,41,692,2813,526,1595,0
98,42,692,2813,2293,1825,0
98,43,692,2813,533,1404,0
98,44,692,2813,2655,608,0
98,45,692,2813,1891,927,0
98,46,692,2813,362,551,0
98,47,692,2813,517,432,0
98,48,692,2813,554,2611,1
98,49,692,2813,2495,1015,0
98,50,692,2813,582,952,0
98,51,692,2813,2325,1655,0
98,52,692,2813,627,564,0
98,53,692,2813,118,1718,0
98,54,692,2813,1703,700,0
98,55,692,2813,1698,1595,0
98,56,692,2813,2867,2916,0
98,57,692,2813,2436,1514,0
98,58,692,2813,2012,2768,0
98,59,692,2813,2307,1019,0
98,60,692,2813,59,2441,0
98,61,692,2813,1399,1108,0
98,62,692,2813,2643,1912,0
98,63,692,2813,2219,2119,0
98,64,692,2813,2401,2202,0
98,65,692,2813,387,1838,0
98,66,692,2813,1601,1532,0
98,67,692,2813,2837,72,0
98,68,692,2813,1391,2951,0
98,69,692,2813,595,1317,0
98,70,692,2813,2920,540,0
98,71,692,2813,2816,2465,0
98,72,692,2813,2231,1907,0
98,73,692,2813,1470,2429,0
98,74,692,2813,2847,1382,0
98,75,692,2813,1398,2370,0
98,76,692,2813,1762,2756,0
98,77,692,2813,95,1819,0
98,78,692,2813,2814,2784,0
98,79,692,2813,2728,847,0
98,80,692,2813,1380,2542,0
98,81,692,2813,1722,2778,0
98,82,692,2813,2181,2634,0
98,83,692,2813,2405,2720,0
98,84,692,2813,2862,2797,0
98,85,692,2813,598,2000,0
98,86,692,2813,2675,1916,0
98,87,692,2813,2094,513,0
98,88,692,2813,89,2129,0
98,89,692,2813,1347,973,0
98,90,692,2813,1412,647,0
98,91,692,2813,2716,1699,0
98,92,692,2813,2679,301,0
98,93,692,2813,2086,1982,0
98,94,692,2813,750,2399,0
98,95,692,2813,503,2249,0
98,96,692,2813,1529,2820,0
98,97,692,2813,116,1176,0
98,99,692,2813,231,639,0
98,100,692,2813,2740,2598,0
98,101,692,2813,224,2208,0
98,102,692,2813,1683,724,0
98,103,692,2813,1276,2330,0
98,104,692,2813,107,933,0
98,105,692,2813,1480,2153,0
98,106,692,2813,891,1933,0
98,107,692,2813,2849,2170,0
98,108,692,2813,1226,2205,0
98,109,692,2813,1117,460,0
98,110,692,2813,1597,111,0
98,111,692,2813,2174,2704,0
98,112,692,2813,811,90,0
98,113,692,2813,260,692,0
98,114,692,2813,1967,1969,0
98,115,692,2813,1133,2946,0
98,116,692,2813,786,2901,0
98,117,692,2813,312,1389,0
98,118,692,2813,2476,340,0
98,119,692,2813,2362,2436,0
98,120,692,2813,1679,1396,0
98,121,692,2813,2646,1977,0
98,122,692,2813,1769,2613,0
98,123,692,2813,636,2906,0
98,124,692,2813,2503,2888,0
98,125,692,2813,727,2051,0
98,126,692,2813,339,2092,0
98,127,692,2813,2559,1995,0
98,128,692,2813,1491,2896,0
98,129,692,2813,2256,1576,0
98,130,692,2813,335,2848,0
98,131,692,2813,1279,994,0
98,132,692,2813,191,2042,0
98,133,692,2813,2815,2594,0
98,134,692,2813,1341,659,0
98,135,692,2813,202,1952,0
98,136,692,2813,2049,235,0
98,137,692,2813,949,365,0
98,138,692,2813,442,484,0
98,139,692,2813,1496,989,0
98,140,692,2813,1432,2260,0
98,141,692,2813,378,1386,0
98,142,692,2813,251,778,0
98,143,692,2813,483,113,0
98,144,692,2813,2426,100,0
98,145,692,2813,2388,1563,0
98,146,692,2813,2427,2993,0
98,147,692,2813,1415,940,0
98,148,692,2813,40,1221,0
98,149,692,2813,415,137,0
98,150,692,2813,256,2140,0
98,151,692,2813,90,1522,0
98,152,692,2813,1589,989,0
98,153,692,2813,341,205,0
98,154,692,2813,883,1339,0
98,155,692,2813,280,1464,0
98,156,692,2813,1201,2822,0
98,157,692,2813,2942,1389,0
98,158,692,2813,1138,2750,0
98,159,692,2813,2639,1778,0
98,160,692,2813,662,429,0
98,161,692,2813,652,7,0
98,162,692,2813,2034,2057,0
98,163,692,2813,2854,2051,0
98,164,692,2813,1441,1791,0
98,165,692,2813,2428,256,0
98,166,692,2813,112,2528,0
98,167,692,2813,2873,2538,0
98,168,692,2813,2900,823,0
98,169,692,2813,263,2591,0
98,170,692,2813,486,2698,0
98,171,692,2813,568,150,0
98,172,692,2813,1194,2604,0
98,173,692,2813,1563,2193,0
98,174,692,2813,882,2764,0
98,175,692,2813,1800,2849,0
98,176,692,2813,58,2694,0
98,177,692,2813,2845,282,0
98,178,692,2813,2776,2400,0
98,179,692,2813,2493,1574,0
98,180,692,2813,1075,1910,0
98,181,692,2813,449,428,0
98,182,692,2813,2039,1945,0
98,183,692,2813,2887,271,0
98,184,692,2813,1400,2901,0
98,185,692,2813,2908,1118,0
98,186,692,2813,1650,1604,0
98,187,692,2813,2331,1718,0
98,188,692,2813,1439,133,0
98,189,692,2813,42,79,0
98,190,692,2813,1558,1707,0
98,191,692,2813,177,1143,0
98,192,692,2813,2585,1501,0
98,193,692,2813,888,374,0
98,194,692,2813,263,2834,0
98,195,692,2813,1595,2302,0
99,0,231,639,434,320,0
99,1,231,639,571,1612,0
99,2,231,639,135,2521,0
99,3,231,639,1047,2342,0
99,4,231,639,1231,1324,0
99,5,231,639,675,751,0
99,6,231,639,1122,987,0
99,7,231,639,242,2916,0
99,8,231,639,1743,2319,0
99,9,231,639,2618,754,0
99,10,231,639,2910,1478,0
99,11,231,639,2108,832,0
99,12,231,639,2,1143,0
99,13,231,639,1115,2279,0
99,14,231,639,1977,415,0
99,15,231,639,2226,1439,0
99,16,231,639,2325,1601,0
99,17,231,639,2489,1612,0
99,18,231,639,488,2077,0
99,19,231,639,1366,798,0
99,20,231,639,190,1364,0
99,21,231,639,2898,1873,0
99,22,231,639,2802,484,0
99,23,231,639,1769,1361,0
99,24,231,639,1719,2907,0
99,25,231,639,203,816,0
99,26,231,639,1401,1966,0
99,27,231,639,565,2022,0
99,28,231,639,2418,1484,0
99,29,231,639,2744,2458,0
99,30,231,639,2840,2909,0
99,31,231,639,2633,2565,0
99,32,231,639,2705,1885,0
99,33,231,639,2153,2262,0
99,34,231,639,387,708,0
99,35,231,639,2510,1697,0
99,36,231,639,648,2898,0
99,37,231,639,652,1817,0
99,38,231,639,1578,698,0
99,39,231,639,2296,2101,0
99,40,231,639,1931,2689,0
99,41,231,639,526,1595,0
99,42,231,639,2293,1825,0
99,43,231,639,533,1404,0
99,44,231,639,2655,608,0
99,45,231,639,1891,927,0
99,46,231,639,362,551,1
99,47,231,639,517,432,0
99,48,231,639,554,2611,0
99,49,231,639,2495,1015,0
99,50,231,639,582,952,0
99,51,231,639,2325,1655,0
99,52,231,639,627,564,0
99,53,231,639,118,1718,0
99,54,231,639,1703,700,0
99,55,231,639,1698,1595,0
99,56,231,639,2867,2916,0
99,57,231,639,2436,1514,0
99,58,231,639,2012,2768,0
99,59,231,639,2307,1019,0
99,60,231,639,59,2441,0
99,61,231,639,1399,1108,0
99,62,231,639,2643,1912,0
99,63,231,639,2219,2119,0
99,64,231,639,2401,2202,0
99,65,231,639,387,1838,0
99,66,231,639,1601,1532,0
99,67,231,639,2837,72,0
99,68,231,639,1391,2951,0
99,69,231,639,595,1317,0
99,70,231,639,2920,540,0
99,71,231,639,2816,2465,0
99,72,231,639,2231,1907,0
99,73,231,639,1470,2429,0
99,74,231,639,2847,1382,0
99,75,231,639,1398,2370,0
99,76,231,639,1762,2756,0
99,77,231,639,95,1819,0
99,78,231,639,2814,2784,0
99,79,231,639,2728,847,0
99,80,231,639,1380,2542,0
99,81,231,639,1722,2778,0
99,82,231,639,2181,2634,0
99,83,231,639,2405,2720,0
99,84,231,639,2862,2797,0
99,85,231,639,598,2000,0
99,86,231,639,2675,1916,0
99,87,231,639,2094,513,0
99,88,231,639,89,2129,0
99,89,231,639,1347,973,0
99,90,231,639,1412,647,0
99,91,231,639,2716,1699,0
99,92,231,639,2679,301,0
99,93,231,639,2086,1982,0
99,94,231,639,750,2399,0
99,95,231,639,503,2249,0
99,96,231,639,1529,2820,0
99,97,231,639,116,1176,0
99,98,231,639,692,2813,0
99,100,231,639,2740,2598,0
99,101,231,639,224,2208,0
99,102,231,639,1683,724,0
99,103,231,639,1276,2330,0
99,104,231,639,107,933,0
99,105,231,639,1480,2153,0
99,106,231,639,891,1933,0
99,107,231,639,2849,2170,0
99,108,231,639,1226,2205,0
99,109,231,639,1117,460,0
99,110,231,639,1597,111,0
99,111,231,639,2174,2704,0
99,112,231,639,811,90,0
99,113,231,639,260,692,0
99,114,231,639,1967,1969,0
99,115,231,639,1133,2946,0
99,116,231,639,786,2901,0
99,117,231,639,312,1389,0
99,118,231,639,2476,340,0
99,119,231,639,2362,2436,0
99,120,231,639,1679,1396,0
99,121,231,639,2646,1977,0
99,122,231,639,1769,2613,0
99,123,231,639,636,2906,0
99,124,231,639,2503,2888,0
99,125,231,639,727,2051,0
99,126,231,639,339,2092,0
99,127,231,639,2559,1995,0
99,128,231,639,1491,2896,0
99,129,231,639,2256,1576,0
99,130,231,639,335,2848,0
99,131,231,639,1279,994,0
99,132,231,639,191,2042,0
99,133,231,639,2815,2594,0
99,134,231,639,1341,659,0
99,135,231,639,202,1952,0
99,136,231,639,2049,235,0
99,137,231,639,949,365,0
99,138,231,639,442,484,0
99,139,231,639,1496,989,0
99,140,231,639,1432,2260,0
99,141,231,639,378,1386,0
99,142,231,639,251,778,0
99,143,231,639,483,113,0
99,144,231,639,2426,100,0
99,145,231,639,2388,1563,0
99,146,231,639,2427,2993,0
99,147,231,639,1415,940,0
99,148,231,639,40,1221,0
99,149,231,639,415,137,0
99,150,231,639,256,2140,0
99,151,231,639,90,1522,0
99,152,231,639,1589,989,0
99,153,231,639,341,205,0
99,154,231,639,883,1339,0
99,155,231,639,280,1464,0
99,156,231,639,1201,2822,0
99,157,231,639,2942,1389,0
99,158,231,639,1138,2750,0
99,159,231,639,2639,1778,0
99,160,231,639,662,429,0
99,161,231,639,652,7,0
99,162,231,639,2034,2057,0
99,163,231,639,2854,2051,0
99,164,231,639,1441,1791,0
99,165,231,639,2428,256,0
99,166,231,639,112,2528,0
99,167,231,639,2873,2538,0
99,168,231,639,2900,823,0
99,169,231,639,263,2591,0
99,170,231,639,486,2698,0
99,171,231,639,568,150,0
99,172,231,639,1194,2604,0
99,173,231,639,1563,2193,0
99,174,231,639,882,2764,0
99,175,231,639,1800,2849,0
99,176,231,639,58,2694,0
99,177,231,639,2845,282,0
99,178,231,639,2776,2400,0
99,179,231,639,2493,1574,0
99,180,231,639,1075,1910,0
99,181,231,639,449,428,0
99,182,231,639,2039,1945,0
99,183,231,639,2887,271,0
99,184,231,639,1400,2901,0
99,185,231,639,2908,1118,0
99,186,231,639,1650,1604,0
99,187,231,639,2331,1718,0
99,188,231,639,1439,133,0
99,189,231,639,42,79,0
99,190,231,639,1558,1707,0
99,191,231,639,177,1143,0
99,192,231,639,2585,1501,0
99,193,231,639,888,374,0
99,194,231,639,263,2834,0
99,195,231,639,1595,2302,0
100,0,2740,2598,434,320,0
100,1,2740,2598,571,1612,0
100,2,2740,2598,135,2521,0
100,3,2740,2598,1047,2342,0
100,4,2740,2598,1231,1324,0
100,5,2740,2598,675,751,0
100,6,2740,2598,1122,987,0
100,7,2740,2598,242,2916,0
100,8,2740,2598,1743,2319,0
100,9,2740,2598,2618,754,0
100,10,2740,2598,2910,1478,0
100,11,2740,2598,2108,832,0
100,12,2740,2598,2,1143,0
100,13,2740,2598,1115,2279,0
100,14,2740,2598,1977,415,0
100,15,2740,2598,2226,1439,0
100,16,2740,2598,2325,1601,0
100,17,2740,2598,2489,1612,0
100,18,2740,2598,488,2077,0
100,19,2740,2598,1366,798,0
100,20,2740,2598,190,1364,0
100,21,2740,2598,2898,1873,0
100,22,2740,2598,2802,484,0
100,23,2740,2598,1769,1361,0
100,24,2740,2598,1719,2907,0
100,25,2740,2598,203,816,0
100,26,2740,2598,1401,1966,0
100,27,2740,2598,565,2022,0
100,28,2740,2598,2418,1484,0
100,29,2740,2598,2744,2458,0
100,30,2740,2598,2840,2909,0
100,31,2740,2598,2633,2565,1
100,32,2740,2598,2705,1885,0
100,33,2740,2598,2153,2262,0
100,34,2740,2598,387,708,0
100,35,2740,2598,2510,1697,0
100,36,2740,2598,648,2898,0
100,37,2740,2598,652,1817,0
100,38,2740,2598,1578,698,0
100,39,2740,2598,2296,2101,0
100,40,2740,2598,1931,2689,0
100,41,2740,2598,526,1595,0
100,42,2740,2598,2293,1825,0
100,43,2740,2598,533,1404,0
100,44,2740,2598,2655,608,0
100,45,2740,2598,1891,927,0
100,46,2740,2598,362,551,0
100,47,2740,2598,517,432,0
100,48,2740,2598,554,2611,0
100,49,2740,2598,2495,1015,0
100,50,2740,2598,582,952,0
100,51,2740,2598,2325,1655,0
100,52,2740,2598,627,564,0
100,53,2740,2598,118,1718,0
100,54,2740,2598,1703,700,0
100,55,2740,2598,1698,1595,0
100,56,2740,2598,2867,2916,0
100,57,2740,2598,2436,1514,0
100,58,2740,2598,2012,2768,0
100,59,2740,2598,2307,1019,0
100,60,2740,2598,59,2441,0
100,61,2740,2598,1399,1108,0
100,62,2740,2598,2643,1912,0
100,63,2740,2598,2219,2119,0
100,64,2740,2598,2401,2202,0
100,65,2740,2598,387,1838,0
100,66,2740,2598,1601,1532,0
100,67,2740,2598,2837,72,0
100,68,2740,2598,1391,2951,0
100,69,2740,2598,595,1317,0
100,70,2740,2598,2920,540,0
100,71,2740,2598,2816,2465,0
100,72,2740,2598,2231,1907,0
100,73,2740,2598,1470,2429,0
100,74,2740,2598,2847,1382,0
100,75,2740,2598,1398,2370,0
100,76,2740,2598,1762,2756,0
100,77,2740,2598,95,1819,0
100,78,2740,2598,2814,2784,0
100,79,2740,2598,2728,847,0
100,80,2740,2598,1380,2542,0
100,81,2740,2598,1722,2778,0
100,82,2740,2598,2181,2634,0
100,83,2740,2598,2405,2720,0
100,84,2740,2598,2862,2797,0
100,85,2740,2598,598,2000,0
100,86,2740,2598,2675,1916,0
100,87,2740,2598,2094,513,0
100,88,2740,2598,89,2129,0
100,89,2740,2598,1347,973,0
100,90,2740,2598,1412,647,0
100,91,2740,2598,2716,1699,0
100,92,2740,2598,2679,301,0
100,93,2740,2598,2086,1982,0
100,94,2740,2598,750,2399,0
100,95,2740,2598,503,2249,0
100,96,2740,2598,1529,2820,0
100,97,2740,2598,116,1176,0
100,98,2740,2598,692,2813,0
100,99,2740,2598,231,639,0
100,101,2740,2598,224,2208,0
100,102,2740,2598,1683,724,0
100,103,2740,2598,1276,2330,0
100,104,2740,2598,107,933,0
100,105,2740,2598,1480,2153,0
100,106,2740,2598,891,1933,0
100,107,2740,2598,2849,2170,0
100,108,2740,2598,1226,2205,0
100,109,2740,2598,1117,460,0
100,110,2740,2598,1597,111,0
100,111,2740,2598,2174,2704,0
100,112,2740,2598,811,90,0
100,113,2740,2598,260,692,0
100,114,2740,2598,1967,1969,0
100,115,2740,2598,1133,2946,0
100,116,2740,2598,786,2901,0
100,117,2740,2598,312,1389,0
100,118,2740,2598,2476,340,0
100,119,2740,2598,2362,2436,0
100,120,2740,2598,1679,1396,0
100,121,2740,2598,2646,1977,0
100,122,2740,2598,1769,2613,0
100,123,2740,2598,636,2906,0
100,124,2740,2598,2503,2888,0
100,125,2740,2598,727,2051,0
100,126,2740,2598,339,2092,0
100,127,2740,2598,2559,1995,0
100,128,2740,2598,1491,2896,0
100,129,2740,2598,2256,1576,0
100,130,2740,2598,335,2848,0
100,131,2740,2598,1279,994,0
100,132,2740,2598,191,2042,0
100,133,2740,2598,2815,2594,0
100,134,2740,2598,1341,659,0
100,135,2740,2598,202,1952,0
100,136,2740,2598,2049,235,0
100,137,2740,2598,949,365,0
100,138,2740,2598,442,484,0
100,139,2740,2598,1496,989,0
100,140,2740,2598,1432,2260,0
100,141,2740,2598,378,1386,0
100,142,2740,2598,251,778,0
100,143,2740,2598,483,113,0
100,144,2740,2598,2426,100,0
100,145,2740,2598,2388,1563,0
100,146,2740,2598,2427,2993,0
100,147,2740,2598,1415,940,0
100,148,2740,2598,40,1221,0
100,149,2740,2598,415,137,0
100,150,2740,2598,256,2140,0
100,151,2740,2598,90,1522,0
100,152,2740,2598,1589,989,0
100,153,2740,2598,341,205,0
100,154,2740,2598,883,1339,0
100,155,2740,2598,280,1464,0
100,156,2740,2598,1201,2822,0
100,157,2740,2598,2942,1389,0
100,158,2740,2598,1138,2750,0
100,159,2740,2598,2639,1778,0
100,160,2740,2598,662,429,0
100,161,2740,2598,652,7,0
100,162,2740,2598,2034,2057,0
100,163,2740,2598,2854,2051,0
100,164,2740,2598,1441,1791,0
100,165,2740,2598,2428,256,0
100,166,2740,2598,112,2528,0
100,167,2740,2598,2873,2538,0
100,168,2740,2598,2900,823,0
100,169,2740,2598,263,2591,0
100,170,2740,2598,486,2698,0
100,171,2740,2598,568,150,0
100,172,2740,2598,1194,2604,0
100,173,2740,2598,1563,2193,0
100,174,2740,2598,882,2764,0
100,175,2740,2598,1800,2849,0
100,176,2740,2598,58,2694,0
100,177,2740,2598,2845,282,0
100,178,2740,2598,2776,2400,0
100,179,2740,2598,2493,1574,0
100,180,2740,2598,1075,1910,0
100,181,2740,2598,449,428,0
100,182,2740,2598,2039,1945,0
100,183,2740,2598,2887,271,0
100,184,2740,2598,1400,2901,0
100,185,2740,2598,2908,1118,0
100,186,2740,2598,1650,1604,0
100,187,2740,2598,2331,1718,0
100,188,2740,2598,1439,133,0
100,189,2740,2598,42,79,0
100,190,2740,2598,1558,1707,0
100,191,2740,2598,177,1143,0
100,192,2740,2598,2585,1501,0
100,193,2740,2598,888,374,0
100,194,2740,2598,263,2834,0
100,195,2740,2598,1595,2302,0
101,0,224,2208,434,320,0
101,1,224,2208,571,1612,0
101,2,224,2208,135,2521,0
101,3,224,2208,1047,2342,0
101,4,224,2208,1231,1324,0
101,5,224,2208,675,751,0
101,6,224,2208,1122,987,0
101,7,224,2208,242,2916,0
101,8,224,2208,1743,2319,0
101,9,224,2208,2618,754,0
101,10,224,2208,2910,1478,0
101,11,224,2208,2108,832,0
101,12,224,2208,2,1143,0
101,13,224,2208,1115,2279,0
101,14,224,2208,1977,415,0
101,15,224,2208,2226,1439,0
101,16,224,2208,2325,1601,0
101,17,224,2208,2489,1612,0
101,18,224,2208,488,2077,0
101,19,224,2208,1366,798,0
101,20,224,2208,190,1364,0
101,21,224,2208,2898,1873,0
101,22,224,2208,2802,484,0
101,23,224,2208,1769,1361,0
101,24,224,2208,1719,2907,0
101,25,224,2208,203,816,0
101,26,224,2208,1401,1966,0
101,27,224,2208,565,2022,0
101,28,224,2208,2418,1484,0
101,29,224,2208,2744,2458,0
101,30,224,2208,2840,2909,0
101,31,224,2208,2633,2565,0
101,32,224,2208,2705,1885,0
101,33,224,2208,2153,2262,0
101,34,224,2208,387,708,0
101,35,224,2208,2510,1697,0
101,36,224,2208,648,2898,0
101,37,224,2208,652,1817,0
101,38,224,2208,1578,698,0
101,39,224,2208,2296,2101,0
101,40,224,2208,1931,2689,0
101,41,224,2208,526,1595,0
101,42,224,2208,2293,1825,0
101,43,224,2208,533,1404,0
101,44,224,2208,2655,608,0
101,45,224,2208,1891,927,0
101,46,224,2208,362,551,0
101,47,224,2208,517,432,0
101,48,224,2208,554,2611,0
101,49,224,2208,2495,1015,0
101,50,224,2208,582,952,0
101,51,224,2208,2325,1655,0
101,52,224,2208,627,564,0
101,53,224,2208,118,1718,0
101,54,224,2208,1703,700,0
101,55,224,2208,1698,1595,0
101,56,224,2208,2867,2916,0
101,57,224,2208,2436,1514,0
101,58,224,2208,2012,2768,0
101,59,224,2208,2307,1019,0
101,60,224,2208,59,2441,0
101,61,224,2208,1399,1108,0
101,62,224,2208,2643,1912,0
101,63,224,2208,2219,2119,0
101,64,224,2208,2401,2202,0
101,65,224,2208,387,1838,0
101,66,224,2208,1601,1532,0
101,67,224,2208,2837,72,0
101,68,224,2208,1391,2951,0
101,69,224,2208,595,1317,0
101,70,224,2208,2920,540,0
101,71,224,2208,2816,2465,0
101,72,224,2208,2231,1907,0
101,73,224,2208,1470,2429,0
101,74,224,2208,2847,1382,0
101,75,224,2208,1398,2370,0
101,76,224,2208,1762,2756,0
101,77,224,2208,95,1819,0
101,78,224,2208,2814,2784,0
101,79,224,2208,2728,847,0
101,80,224,2208,1380,2542,0
101,81,224,2208,1722,2778,0
101,82,224,2208,2181,2634,0
101,83,224,2208,2405,2720,0
101,84,224,2208,2862,2797,0
101,85,224,2208,598,2000,0
101,86,224,2208,2675,1916,0
101,87,224,2208,2094,513,0
101,88,224,2208,89,2129,0
101,89,224,2208,1347,973,0
101,90,224,2208,1412,647,0
101,91,224,2208,2716,1699,0
101,92,224,2208,2679,301,0
101,93,224,2208,2086,1982,0
101,94,224,2208,750,2399,0
101,95,224,2208,503,2249,0
101,96,224,2208,1529,2820,0
101,97,224,2208,116,1176,0
101,98,224,2208,692,2813,0
101,99,224,2208,231,639,0
101,100,224,2208,2740,2598,0
101,102,224,2208,1683,724,0
101,103,224,2208,1276,2330,0
101,104,224,2208,107,933,0
101,105,224,2208,1480,2153,0
101,106,224,2208,891,1933,0
101,107,224,2208,2849,2170,0
101,108,224,2208,1226,2205,0
101,109,224,2208,1117,460,0
101,110,224,2208,1597,111,0
101,111,224,2208,2174,2704,0
101,112,224,2208,811,90,0
101,113,224,2208,260,692,0
101,114,224,2208,1967,1969,0
101,115,224,2208,1133,2946,0
101,116,224,2208,786,2901,0
101,117,224,2208,312,1389,0
101,118,224,2208,2476,340,0
101,119,224,2208,2362,2436,0
101,120,224,2208,1679,1396,0
101,121,224,2208,2646,1977,0
101,122,224,2208,1769,2613,0
101,123,224,2208,636,2906,0
101,124,224,2208,2503,2888,0
101,125,224,2208,727,2051,0
101,126,224,2208,339,2092,0
101,127,224,2208,2559,1995,0
101,128,224,2208,1491,2896,0
101,129,224,2208,2256,1576,0
101,130,224,2208,335,2848,0
101,131,224,2208,1279,994,0
101,132,224,2208,191,2042,0
101,133,224,2208,2815,2594,0
101,134,224,2208,1341,659,0
101,135,224,2208,202,1952,0
101,136,224,2208,2049,235,0
101,137,224,2208,949,365,0
101,138,224,2208,442,484,0
101,139,224,2208,1496,989,0
101,140,224,2208,1432,2260,0
101,141,224,2208,378,1386,0
101,142,224,2208,251,778,0
101,143,224,2208,483,113,0
101,144,224,2208,2426,100,0
101,145,224,2208,2388,1563,0
101,146,224,2208,2427,2993,0
101,147,224,2208,1415,940,0
101,148,224,2208,40,1221,0
101,149,224,2208,415,137,0
101,150,224,2208,256,2140,1
101,151,224,2208,90,1522,0
101,152,224,2208,1589,989,0
101,153,224,2208,341,205,0
101,154,224,2208,883,1339,0
101,155,224,2208,280,1464,0
101,156,224,2208,1201,2822,0
101,157,224,2208,2942,1389,0
101,158,224,2208,1138,2750,0
101,159,224,2208,2639,1778,0
101,160,224,2208,662,429,0
101,161,224,2208,652,7,0
101,162,224,2208,2034,2057,0
101,163,224,2208,2854,2051,0
101,164,224,2208,1441,1791,0
101,165,224,2208,2428,256,0
101,166,224,2208,112,2528,0
101,167,224,2208,2873,2538,0
101,168,224,2208,2900,823,0
101,169,224,2208,263,2591,0
101,170,224,2208,486,2698,0
101,171,224,2208,568,150,0
101,172,224,2208,1194,2604,0
101,173,224,2208,1563,2193,0
101,174,224,2208,882,2764,0
101,175,224,2208,1800,2849,0
101,176,224,2208,58,2694,0
101,177,224,2208,2845,282,0
101,178,224,2208,2776,2400,0
101,179,224,2208,2493,1574,0
101,180,224,2208,1075,1910,0
101,181,224,2208,449,428,0
101,182,224,2208,2039,1945,0
101,183,224,2208,2887,271,0
101,184,224,2208,1400,2901,0
101,185,224,2208,2908,1118,0
101,186,224,2208,1650,1604,0
101,187,224,2208,2331,1718,0
101,188,224,2208,1439,133,0
101,189,224,2208,42,79,0
101,190,224,2208,1558,1707,0
101,191,224,2208,177,1143,0
101,192,224,2208,2585,1501,0
101,193,224,2208,888,374,0
101,194,224,2208,263,2834,0
101,195,224,2208,1595,2302,0
102,0,1683,724,434,320,0
102,1,1683,724,571,1612,0
102,2,1683,724,135,2521,0
102,3,1683,724,1047,2342,0
102,4,1683,724,1231,1324,0
102,5,1683,724,675,751,0
102,6,1683,724,1122,987,0
102,7,1683,724,242,2916,0
102,8,1683,724,1743,2319,0
102,9,1683,724,2618,754,0
102,10,1683,724,2910,1478,0
102,11,1683,724,2108,832,0
102,12,1683,724,2,1143,0
102,13,1683,724,1115,2279,0
102,14,1683,724,1977,415,0
102,15,1683,724,2226,1439,0
102,16,1683,724,2325,1601,0
102,17,1683,724,2489,1612,0
102,18,1683,724,488,2077,0
102,19,1683,724,1366,798,0
102,20,1683,724,190,1364,0
102,21,1683,724,2898,1873,0
102,22,1683,724,2802,484,0
102,23,1683,724,1769,1361,0
102,24,1683,724,1719,2907,0
102,25,1683,724,203,816,0
102,26,1683,724,1401,1966,0
102,27,1683,724,565,2022,0
102,28,1683,724,2418,1484,0
102,29,1683,724,2744,2458,0
102,30,1683,724,2840,2909,0
102,31,1683,724,2633,2565,0
102,32,1683,724,2705,1885,0
102,33,1683,724,2153,2262,0
102,34,1683,724,387,708,0
102,35,1683,724,2510,1697,0
102,36,1683,724,648,2898,0
102,37,1683,724,652,1817,0
102,38,1683,724,1578,698,1
102,39,1683,724,2296,2101,0
102,40,1683,724,1931,2689,0
102,41,1683,724,526,1595,0
102,42,1683,724,2293,1825,0
102,43,1683,724,533,1404,0
102,44,1683,724,2655,608,0
102,45,1683,724,1891,927,0
102,46,1683,724,362,551,0
102,47,1683,724,517,432,0
102,48,1683,724,554,2611,0
102,49,1683,724,2495,1015,0
102,50,1683,724,582,952,0
102,51,1683,724,2325,1655,0
102,52,1683,724,627,564,0
102,53,1683,724,118,1718,0
102,54,1683,724,1703,700,0
102,55,1683,724,1698,1595,0
102,56,1683,724,2867,2916,0
102,57,1683,724,2436,1514,0
102,58,1683,724,2012,2768,0
102,59,1683,724,2307,1019,0
102,60,1683,724,59,2441,0
102,61,1683,724,1399,1108,0
102,62,1683,724,2643,1912,0
102,63,1683,724,2219,2119,0
102,64,1683,724,2401,2202,0
102,65,1683,724,387,1838,0
102,66,1683,724,1601,1532,0
102,67,1683,724,2837,72,0
102,68,1683,724,1391,2951,0
102,69,1683,724,595,1317,0
102,70,1683,724,2920,540,0
102,71,1683,724,2816,2465,0
102,72,1683,724,2231,1907,0
102,73,1683,724,1470,2429,0
102,74,1683,724,2847,1382,0
102,75,1683,724,1398,2370,0
102,76,1683,724,1762,2756,0
102,77,1683,724,95,1819,0
102,78,1683,724,2814,2784,0
102,79,1683,724,2728,847,0
102,80,1683,724,1380,2542,0
102,81,1683,724,1722,2778,0
102,82,1683,724,2181,2634,0
102,83,1683,724,2405,2720,0
102,84,1683,724,2862,2797,0
102,85,1683,724,598,2000,0
102,86,1683,724,2675,1916,0
102,87,1683,724,2094,513,0
102,88,1683,724,89,2129,0
102,89,1683,724,1347,973,0
102,90,1683,724,1412,647,0
102,91,1683,724,2716,1699,0
102,92,1683,724,2679,301,0
102,93,1683,724,2086,1982,0
102,94,1683,724,750,2399,0
102,95,1683,724,503,2249,0
102,96,1683,724,1529,2820,0
102,97,1683,724,116,1176,0
102,98,1683,724,692,2813,0
102,99,1683,724,231,639,0
102,100,1683,724,2740,2598,0
102,101,1683,724,224,2208,0
102,103,1683,724,1276,2330,0
102,104,1683,724,107,933,0
102,105,1683,724,1480,2153,0
102,106,1683,724,891,1933,0
102,107,1683,724,2849,2170,0
102,108,1683,724,1226,2205,0
102,109,1683,724,1117,460,0
102,110,1683,724,1597,111,0
102,111,1683,724,2174,2704,0
102,112,1683,724,811,90,0
102,113,1683,724,260,692,0
102,114,1683,724,1967,1969,0
102,115,1683,724,1133,2946,0
102,116,1683,724,786,2901,0
102,117,1683,724,312,1389,0
102,118,1683,724,2476,340,0
102,119,1683,724,2362,2436,0
102,120,1683,724,1679,1396,0
102,121,1683,724,2646,1977,0
102,122,1683,724,1769,2613,0
102,123,1683,724,636,2906,0
102,124,1683,724,2503,2888,0
102,125,1683,724,727,2051,0
102,126,1683,724,339,2092,0
102,127,1683,724,2559,1995,0
102,128,1683,724,1491,2896,0
102,129,1683,724,2256,1576,0
102,130,1683,724,335,2848,0
102,131,1683,724,1279,994,0
102,132,1683,724,191,2042,0
102,133,1683,724,2815,2594,0
102,134,1683,724,1341,659,0
102,135,1683,724,202,1952,0
102,136,1683,724,2049,235,0
102,137,1683,724,949,365,0
102,138,1683,724,442,484,0
102,139,1683,724,1496,989,0
102,140,1683,724,1432,2260,0
102,141,1683,724,378,1386,0
102,142,1683,724,251,778,0
102,143,1683,724,483,113,0
102,144,1683,724,2426,100,0
102,145,1683,724,2388,1563,0
102,146,1683,724,2427,2993,0
102,147,1683,724,1415,940,0
102,148,1683,724,40,1221,0
102,149,1683,724,415,137,0
102,150,1683,724,256,2140,0
102,151,1683,724,90,1522,0
102,152,1683,724,1589,989,0
102,153,1683,724,341,205,0
102,154,1683,724,883,1339,0
102,155,1683,724,280,1464,0
102,156,1683,724,1201,2822,0
102,157,1683,724,2942,1389,0
102,158,1683,724,1138,2750,0
102,159,1683,724,2639,1778,0
102,160,1683,724,662,429,0
102,161,1683,724,652,7,0
102,162,1683,724,2034,2057,0
102,163,1683,724,2854,2051,0
102,164,1683,724,1441,1791,0
102,165,1683,724,2428,256,0
102,166,1683,724,112,2528,0
102,167,1683,724,2873,2538,0
102,168,1683,724,2900,823,0
102,169,1683,724,263,2591,0
102,170,1683,724,486,2698,0
102,171,1683,724,568,150,0
102,172,1683,724,1194,2604,0
102,173,1683,724,1563,2193,0
102,174,1683,724,882,2764,0
102,175,1683,724,1800,2849,0
102,176,1683,724,58,2694,0
102,177,1683,724,2845,282,0
102,178,1683,724,2776,2400,0
102,179,1683,724,2493,1574,0
102,180,1683,724,1075,1910,0
102,181,1683,724,449,428,0
102,182,1683,724,2039,1945,0
102,183,1683,724,2887,271,0
102,184,1683,724,1400,2901,0
102,185,1683,724,2908,1118,0
102,186,1683,724,1650,1604,0
102,187,1683,724,2331,1718,0
102,188,1683,724,1439,133,0
102,189,1683,724,42,79,0
102,190,1683,724,1558,1707,0
102,191,1683,724,177,1143,0
102,192,1683,724,2585,1501,0
102,193,1683,724,888,374,0
102,194,1683,724,263,2834,0
102,195,1683,724,1595,2302,0
103,0,1276,2330,434,320,0
103,1,1276,2330,571,1612,0
103,2,1276,2330,135,2521,0
103,3,1276,2330,1047,2342,0
103,4,1276,2330,1231,1324,0
103,5,1276,2330,675,751,0
103,6,1276,2330,1122,987,0
103,7,1276,2330,242,2916,0
103,8,1276,2330,1743,2319,0
103,9,1276,2330,2618,754,0
103,10,1276,2330,2910,1478,0
103,11,1276,2330,2108,832,0
103,12,1276,2330,2,1143,0
103,13,1276,2330,1115,2279,0
103,14,1276,2330,1977,415,0
103,15,1276,2330,2226,1439,0
103,16,1276,2330,2325,1601,0
103,17,1276,2330,2489,1612,0
103,18,1276,2330,488,2077,0
103,19,1276,2330,1366,798,0
103,20,1276,2330,190,1364,0
103,21,1276,2330,2898,1873,0
103,22,1276,2330,2802,484,0
103,23,1276,2330,1769,1361,0
103,24,1276,2330,1719,2907,0
103,25,1276,2330,203,816,0
103,26,1276,2330,1401,1966,0
103,27,1276,2330,565,2022,0
103,28,1276,2330,2418,1484,0
103,29,1276,2330,2744,2458,0
103,30,1276,2330,2840,2909,0
103,31,1276,2330,2633,2565,0
103,32,1276,2330,2705,1885,0
103,33,1276,2330,2153,2262,0
103,34,1276,2330,387,708,0
103,35,1276,2330,2510,1697,0
103,36,1276,2330,648,2898,0
103,37,1276,2330,652,1817,0
103,38,1276,2330,1578,698,0
103,39,1276,2330,2296,2101,0
103,40,1276,2330,1931,2689,0
103,41,1276,2330,526,1595,0
103,42,1276,2330,2293,1825,0
103,43,1276,2330,533,1404,0
103,44,1276,2330,2655,608,0
103,45,1276,2330,1891,927,0
103,46,1276,2330,362,551,0
103,47,1276,2330,517,432,0
103,48,1276,2330,554,2611,0
103,49,1276,2330,2495,1015,0
103,50,1276,2330,582,952,0
103,51,1276,2330,2325,1655,0
103,52,1276,2330,627,564,0
103,53,1276,2330,118,1718,0
103,54,1276,2330,1703,700,0
103,55,1276,2330,1698,1595,0
103,56,1276,2330,2867,2916,0
103,57,1276,2330,2436,1514,0
103,58,1276,2330,2012,2768,0
103,59,1276,2330,2307,1019,0
103,60,1276,2330,59,2441,0
103,61,1276,2330,1399,1108,0
103,62,1276,2330,2643,1912,0
103,63,1276,2330,2219,2119,0
103,64,1276,2330,2401,2202,0
103,65,1276,2330,387,1838,0
103,66,1276,2330,1601,1532,0
103,67,1276,2330,2837,72,0
103,68,1276,2330,1391,2951,0
103,69,1276,2330,595,1317,0
103,70,1276,2330,2920,540,0
103,71,1276,2330,2816,2465,0
103,72,1276,2330,2231,1907,0
103,73,1276,2330,1470,2429,0
103,74,1276,2330,2847,1382,0
103,75,1276,2330,1398,2370,0
103,76,1276,2330,1762,2756,0
103,77,1276,2330,95,1819,0
103,78,1276,2330,2814,2784,0
103,79,1276,2330,2728,847,0
103,80,1276,2330,1380,2542,0
103,81,1276,2330,1722,2778,0
103,82,1276,2330,2181,2634,0
103,83,1276,2330,2405,2720,0
103,84,1276,2330,2862,2797,0
103,85,1276,2330,598,2000,0
103,86,1276,2330,2675,1916,0
103,87,1276,2330,2094,513,0
103,88,1276,2330,89,2129,0
103,89,1276,2330,1347,973,0
103,90,1276,2330,1412,647,0
103,91,1276,2330,2716,1699,0
103,92,1276,2330,2679,301,0
103,93,1276,2330,2086,1982,0
103,94,1276,2330,750,2399,0
103,95,1276,2330,503,2249,0
103,96,1276,2330,1529,2820,0
103,97,1276,2330,116,1176,0
103,98,1276,2330,692,2813,0
103,99,1276,2330,231,639,0
103,100,1276,2330,2740,2598,0
103,101,1276,2330,224,2208,0
103,102,1276,2330,1683,724,0
103,104,1276,2330,107,933,0
103,105,1276,2330,1480,2153,0
103,106,1276,2330,891,1933,0
103,107,1276,2330,2849,2170,0
103,108,1276,2330,1226,2205,1
103,109,1276,2330,1117,460,0
103,110,1276,2330,1597,111,0
103,111,1276,2330,2174,2704,0
103,112,1276,2330,811,90,0
103,113,1276,2330,260,692,0
103,114,1276,2330,1967,1969,0
103,115,1276,2330,1133,2946,0
103,116,1276,2330,786,2901,0
103,117,1276,2330,312,1389,0
103,118,1276,2330,2476,340,0
103,119,1276,2330,2362,2436,0
103,120,1276,2330,1679,1396,0
103,121,1276,2330,2646,1977,0
103,122,1276,2330,1769,2613,0
103,123,1276,2330,636,2906,0
103,124,1276,2330,2503,2888,0
103,125,1276,2330,727,2051,0
103,126,1276,2330,339,2092,0
103,127,1276,2330,2559,1995,0
103,128,1276,2330,1491,2896,0
103,129,1276,2330,2256,1576,0
103,130,1276,2330,335,2848,0
103,131,1276,2330,1279,994,0
103,132,1276,2330,191,2042,0
103,133,1276,2330,2815,2594,0
103,134,1276,2330,1341,659,0
103,135,1276,2330,202,1952,0
103,136,1276,2330,2049,235,0
103,137,1276,2330,949,365,0
103,138,1276,2330,442,484,0
103,139,1276,2330,1496,989,0
103,140,1276,2330,1432,2260,0
103,141,1276,2330,378,1386,0
103,142,1276,2330,251,778,0
103,143,1276,2330,483,113,0
103,144,1276,2330,2426,100,0
103,145,1276,2330,2388,1563,0
103,146,1276,2330,2427,2993,0
103,147,1276,2330,1415,940,0
103,148,1276,2330,40,1221,0
103,149,1276,2330,415,137,0
103,150,1276,2330,256,2140,0
103,151,1276,2330,90,1522,0
103,152,1276,2330,1589,989,0
103,153,1276,2330,341,205,0
103,154,1276,2330,883,1339,0
103,155,1276,2330,280,1464,0
103,156,1276,2330,1201,2822,0
103,157,1276,2330,2942,1389,0
103,158,1276,2330,1138,2750,0
103,159,1276,2330,2639,1778,0
103,160,1276,2330,662,429,0
103,161,1276,2330,652,7,0
103,162,1276,2330,2034,2057,0
103,163,1276,2330,2854,2051,0
103,164,1276,2330,1441,1791,0
103,165,1276,2330,2428,256,0
103,166,1276,2330,112,2528,0
103,167,1276,2330,2873,2538,0
103,168,1276,2330,2900,823,0
103,169,1276,2330,263,2591,0
103,170,1276,2330,486,2698,0
103,171,1276,2330,568,150,0
103,172,1276,2330,1194,2604,0
103,173,1276,2330,1563,2193,0
103,174,1276,2330,882,2764,0
103,175,1276,2330,1800,2849,0
103,176,1276,2330,58,2694,0
103,177,1276,2330,2845,282,0
103,178,1276,2330,2776,2400,0
103,179,1276,2330,2493,1574,0
103,180,1276,2330,1075,1910,0
103,181,1276,2330,449,428,0
103,182,1276,2330,2039,1945,0
103,183,1276,2330,2887,271,0
103,184,1276,2330,1400,2901,0
103,185,1276,2330,2908,1118,0
103,186,1276,2330,1650,1604,0
103,187,1276,2330,2331,1718,0
103,188,1276,2330,1439,133,0
103,189,1276,2330,42,79,0
103,190,1276,2330,1558,1707,0
103,191,1276,2330,177,1143,0
103,192,1276,2330,2585,1501,0
103,193,1276,2330,888,374,0
103,194,1276,2330,263,2834,0
103,195,1276,2330,1595,2302,0
104,0,107,933,434,320,0
104,1,107,933,571,1612,0
104,2,107,933,135,2521,0
104,3,107,933,1047,2342,0
104,4,107,933,1231,1324,0
104,5,107,933,675,751,0
104,6,107,933,1122,987,0
104,7,107,933,242,2916,0
104,8,107,933,1743,2319,0
104,9,107,933,2618,754,0
104,10,107,933,2910,1478,0
104,11,107,933,2108,832,0
104,12,107,933,2,1143,0
104,13,107,933,1115,2279,0
104,14,107,933,1977,415,0
104,15,107,933,2226,1439,0
104,16,107,933,2325,1601,0
104,17,107,933,2489,1612,0
104,18,107,933,488,2077,0
104,19,107,933,1366,798,0
104,20,107,933,190,1364,0
104,21,107,933,2898,1873,0
104,22,107,933,2802,484,0
104,23,107,933,1769,1361,0
104,24,107,933,1719,2907,0
104,25,107,933,203,816,1
104,26,107,933,1401,1966,0
104,27,107,933,565,2022,0
104,28,107,933,2418,1484,0
104,29,107,933,2744,2458,0
104,30,107,933,2840,2909,0
104,31,107,933,2633,2565,0
104,32,107,933,2705,1885,0
104,33,107,933,2153,2262,0
104,34,107,933,387,708,0
104,35,107,933,2510,1697,0
104,36,107,933,648,2898,0
104,37,107,933,652,1817,0
104,38,107,933,1578,698,0
104,39,107,933,2296,2101,0
104,40,107,933,1931,2689,0
104,41,107,933,526,1595,0
104,42,107,933,2293,1825,0
104,43,107,933,533,1404,0
104,44,107,933,2655,608,0
104,45,107,933,1891,927,0
104,46,107,933,362,551,0
104,47,107,933,517,432,0
104,48,107,933,554,2611,0
104,49,107,933,2495,1015,0
104,50,107,933,582,952,0
104,51,107,933,2325,1655,0
104,52,107,933,627,564,0
104,53,107,933,118,1718,0
104,54,107,933,1703,700,0
104,55,107,933,1698,1595,0
104,56,107,933,2867,2916,0
104,57,107,933,2436,1514,0
104,58,107,933,2012,2768,0
104,59,107,933,2307,1019,0
104,60,107,933,59,2441,0
104,61,107,933,1399,1108,0
104,62,107,933,2643,1912,0
104,63,107,933,2219,2119,0
104,64,107,933,2401,2202,0
104,65,107,933,387,1838,0
104,66,107,933,1601,1532,0
104,67,107,933,2837,72,0
104,68,107,933,1391,2951,0
104,69,107,933,595,1317,0
104,70,107,933,2920,540,0
104,71,107,933,2816,2465,0
104,72,107,933,2231,1907,0
104,73,107,933,1470,2429,0
104,74,107,933,2847,1382,0
104,75,107,933,1398,2370,0
104,76,107,933,1762,2756,0
104,77,107,933,95,1819,0
104,78,107,933,2814,2784,0
104,79,107,933,2728,847,0
104,80,107,933,1380,2542,0
104,81,107,933,1722,2778,0
104,82,107,933,2181,2634,0
104,83,107,933,2405,2720,0
104,84,107,933,2862,2797,0
104,85,107,933,598,2000,0
104,86,107,933,2675,1916,0
104,87,107,933,2094,513,0
104,88,107,933,89,2129,0
104,89,107,933,1347,973,0
104,90,107,933,1412,647,0
104,91,107,933,2716,1699,0
104,92,107,933,2679,301,0
104,93,107,933,2086,1982,0
104,94,107,933,750,2399,0
104,95,107,933,503,2249,0
104,96,107,933,1529,2820,0
104,97,107,933,116,1176,0
104,98,107,933,692,2813,0
104,99,107,933,231,639,0
104,100,107,933,2740,2598,0
104,101,107,933,224,2208,0
104,102,107,933,1683,724,0
104,103,107,933,1276,2330,0
104,105,107,933,1480,2153,0
104,106,107,933,891,1933,0
104,107,107,933,2849,2170,0
104,108,107,933,1226,2205,0
104,109,107,933,1117,460,0
104,110,107,933,1597,111,0
104,111,107,933,2174,2704,0
104,112,107,933,811,90,0
104,113,107,933,260,692,0
104,114,107,933,1967,1969,0
104,115,107,933,1133,2946,0
104,116,107,933,786,2901,0
104,117,107,933,312,1389,0
104,118,107,933,2476,340,0
104,119,107,933,2362,2436,0
104,120,107,933,1679,1396,0
104,121,107,933,2646,1977,0
104,122,107,933,1769,2613,0
104,123,107,933,636,2906,0
104,124,107,933,2503,2888,0
104,125,107,933,727,2051,0
104,126,107,933,339,2092,0
104,127,107,933,2559,1995,0
104,128,107,933,1491,2896,0
104,129,107,933,2256,1576,0
104,130,107,933,335,2848,0
104,131,107,933,1279,994,0
104,132,107,933,191,2042,0
104,133,107,933,2815,2594,0
104,134,107,933,1341,659,0
104,135,107,933,202,1952,0
104,136,107,933,2049,235,0
104,137,107,933,949,365,0
104,138,107,933,442,484,0
104,139,107,933,1496,989,0
104,140,107,933,1432,2260,0
104,141,107,933,378,1386,0
104,142,107,933,251,778,0
104,143,107,933,483,113,0
104,144,107,933,2426,100,0
104,145,107,933,2388,1563,0
104,146,107,933,2427,2993,0
104,147,107,933,1415,940,0
104,148,107,933,40,1221,0
104,149,107,933,415,137,0
104,150,107,933,256,2140,0
104,151,107,933,90,1522,0
104,152,107,933,1589,989,0
104,153,107,933,341,205,0
104,154,107,933,883,1339,0
104,155,107,933,280,1464,0
104,156,107,933,1201,2822,0
104,157,107,933,2942,1389,0
104,158,107,933,1138,2750,0
104,159,107,933,2639,1778,0
104,160,107,933,662,429,0
104,161,107,933,652,7,0
104,162,107,933,2034,2057,0
104,163,107,933,2854,2051,0
104,164,107,933,1441,1791,0
104,165,107,933,2428,256,0
104,166,107,933,112,2528,0
104,167,107,933,2873,2538,0
104,168,107,933,2900,823,0
104,169,107,933,263,2591,0
104,170,107,933,486,2698,0
104,171,107,933,568,150,0
104,172,107,933,1194,2604,0
104,173,107,933,1563,2193,0
104,174,107,933,882,2764,0
104,175,107,933,1800,2849,0
104,176,107,933,58,2694,0
104,177,107,933,2845,282,0
104,178,107,933,2776,2400,0
104,179,107,933,2493,1574,0
104,180,107,933,1075,1910,0
104,181,107,933,449,428,0
104,182,107,933,2039,1945,0
104,183,107,933,2887,271,0
104,184,107,933,1400,2901,0
104,185,107,933,2908,1118,0
104,186,107,933,1650,1604,0
104,187,107,933,2331,1718,0
104,188,107,933,1439,133,0
104,189,107,933,42,79,0
104,190,107,933,1558,1707,0
104,191,107,933,177,1143,0
104,192,107,933,2585,1501,0
104,193,107,933,888,374,0
104,194,107,933,263,2834,0
104,195,107,933,1595,2302,0
105,0,1480,2153,434,320,0
105,1,1480,2153,571,1612,0
105,2,1480,2153,135,2521,0
105,3,1480,2153,1047,2342,0
105,4,1480,2153,1231,1324,0
105,5,1480,2153,675,751,0
105,6,1480,2153,1122,987,0
105,7,1480,2153,242,2916,0
105,8,1480,2153,1743,2319,0
105,9,1480,2153,2618,754,0
105,10,1480,2153,2910,1478,0
105,11,1480,2153,2108,832,0
105,12,1480,2153,2,1143,0
105,13,1480,2153,1115,2279,0
105,14,1480,2153,1977,415,0
105,15,1480,2153,2226,1439,0
105,16,1480,2153,2325,1601,0
105,17,1480,2153,2489,1612,0
105,18,1480,2153,488,2077,0
105,19,1480,2153,1366,798,0
105,20,1480,2153,190,1364,0
105,21,1480,2153,2898,1873,0
105,22,1480,2153,2802,484,0
105,23,1480,2153,1769,1361,0
105,24,1480,2153,1719,2907,0
105,25,1480,2153,203,816,0
105,26,1480,2153,1401,1966,0
105,27,1480,2153,565,2022,0
105,28,1480,2153,2418,1484,0
105,29,1480,2153,2744,2458,0
105,30,1480,2153,2840,2909,0
105,31,1480,2153,2633,2565,0
105,32,1480,2153,2705,1885,0
105,33,1480,2153,2153,2262,0
105,34,1480,2153,387,708,0
105,35,1480,2153,2510,1697,0
105,36,1480,2153,648,2898,0
105,37,1480,2153,652,1817,0
105,38,1480,2153,1578,698,0
105,39,1480,2153,2296,2101,0
105,40,1480,2153,1931,2689,0
105,41,1480,2153,526,1595,0
105,42,1480,2153,2293,1825,0
105,43,1480,2153,533,1404,0
105,44,1480,2153,2655,608,0
105,45,1480,2153,1891,927,0
105,46,1480,2153,362,551,0
105,47,1480,2153,517,432,0
105,48,1480,2153,554,2611,0
105,49,1480,2153,2495,1015,0
105,50,1480,2153,582,952,0
105,51,1480,2153,2325,1655,0
105,52,1480,2153,627,564,0
105,53,1480,2153,118,1718,0
105,54,1480,2153,1703,700,0
105,55,1480,2153,1698,1595,0
105,56,1480,2153,2867,2916,0
105,57,1480,2153,2436,1514,0
105,58,1480,2153,2012,2768,0
105,59,1480,2153,2307,1019,0
105,60,1480,2153,59,2441,0
105,61,1480,2153,1399,1108,0
105,62,1480,2153,2643,1912,0
105,63,1480,2153,2219,2119,0
105,64,1480,2153,2401,2202,0
105,65,1480,2153,387,1838,0
105,66,1480,2153,1601,1532,0
105,67,1480,2153,2837,72,0
105,68,1480,2153,1391,2951,0
105,69,1480,2153,595,1317,0
105,70,1480,2153,2920,540,0
105,71,1480,2153,2816,2465,0
105,72,1480,2153,2231,1907,0
105,73,1480,2153,1470,2429,0
105,74,1480,2153,2847,1382,0
105,75,1480,2153,1398,2370,0
105,76,1480,2153,1762,2756,0
105,77,1480,2153,95,1819,0
105,78,1480,2153,2814,2784,0
105,79,1480,2153,2728,847,0
105,80,1480,2153,1380,2542,0
105,81,1480,2153,1722,2778,0
105,82,1480,2153,2181,2634,0
105,83,1480,2153,2405,2720,0
105,84,1480,2153,2862,2797,0
105,85,1480,2153,598,2000,0
105,86,1480,2153,2675,1916,0
105,87,1480,2153,2094,513,0
105,88,1480,2153,89,2129,0
105,89,1480,2153,1347,973,0
105,90,1480,2153,1412,647,0
105,91,1480,2153,2716,1699,0
105,92,1480,2153,2679,301,0
105,93,1480,2153,2086,1982,0
105,94,1480,2153,750,2399,0
105,95,1480,2153,503,2249,0
105,96,1480,2153,1529,2820,0
105,97,1480,2153,116,1176,0
105,98,1480,2153,692,2813,0
105,99,1480,2153,231,639,0
105,100,1480,2153,2740,2598,0
105,101,1480,2153,224,2208,0
105,102,1480,2153,1683,724,0
105,103,1480,2153,1276,2330,0
105,104,1480,2153,107,933,0
105,106,1480,2153,891,1933,0
105,107,1480,2153,2849,2170,0
105,108,1480,2153,1226,2205,0
105,109,1480,2153,1117,460,0
105,110,1480,2153,1597,111,0
105,111,1480,2153,2174,2704,0
105,112,1480,2153,811,90,0
105,113,1480,2153,260,692,0
105,114,1480,2153,1967,1969,0
105,115,1480,2153,1133,2946,0
105,116,1480,2153,786,2901,0
105,117,1480,2153,312,1389,0
105,118,1480,2153,2476,340,0
105,119,1480,2153,2362,2436,0
105,120,1480,2153,1679,1396,0
105,121,1480,2153,2646,1977,0
105,122,1480,2153,1769,2613,0
105,123,1480,2153,636,2906,0
105,124,1480,2153,2503,2888,0
105,125,1480,2153,727,2051,0
105,126,1480,2153,339,2092,0
105,127,1480,2153,2559,1995,0
105,128,1480,2153,1491,2896,0
105,129,1480,2153,2256,1576,0
105,130,1480,2153,335,2848,0
105,131,1480,2153,1279,994,0
105,132,1480,2153,191,2042,0
105,133,1480,2153,2815,2594,0
105,134,1480,2153,1341,659,0
105,135,1480,2153,202,1952,0
105,136,1480,2153,2049,235,0
105,137,1480,2153,949,365,0
105,138,1480,2153,442,484,0
105,139,1480,2153,1496,989,0
105,140,1480,2153,1432,2260,1
105,141,1480,2153,378,1386,0
105,142,1480,2153,251,778,0
105,143,1480,2153,483,113,0
105,144,1480,2153,2426,100,0
105,145,1480,2153,2388,1563,0
105,146,1480,2153,2427,2993,0
105,147,1480,2153,1415,940,0
105,148,1480,2153,40,1221,0
105,149,1480,2153,415,137,0
105,150,1480,2153,256,2140,0
105,151,1480,2153,90,1522,0
105,152,1480,2153,1589,989,0
105,153,1480,2153,341,205,0
105,154,1480,2153,883,1339,0
105,155,1480,2153,280,1464,0
105,156,1480,2153,1201,2822,0
105,157,1480,2153,2942,1389,0
105,158,1480,2153,1138,2750,0
105,159,1480,2153,2639,1778,0
105,160,1480,2153,662,429,0
105,161,1480,2153,652,7,0
105,162,1480,2153,2034,2057,0
105,163,1480,2153,2854,2051,0
105,164,1480,2153,1441,1791,0
105,165,1480,2153,2428,256,0
105,166,1480,2153,112,2528,0
105,167,1480,2153,2873,2538,0
105,168,1480,2153,2900,823,0
105,169,1480,2153,263,2591,0
105,170,1480,2153,486,2698,0
105,171,1480,2153,568,150,0
105,172,1480,2153,1194,2604,0
105,173,1480,2153,1563,2193,0
105,174,1480,2153,882,2764,0
105,175,1480,2153,1800,2849,0
105,176,1480,2153,58,2694,0
105,177,1480,2153,2845,282,0
105,178,1480,2153,2776,2400,0
105,179,1480,2153,2493,1574,0
105,180,1480,2153,1075,1910,0
105,181,1480,2153,449,428,0
105,182,1480,2153,2039,1945,0
105,183,1480,2153,2887,271,0
105,184,1480,2153,1400,2901,0
105,185,1480,2153,2908,1118,0
105,186,1480,2153,1650,1604,0
105,187,1480,2153,2331,1718,0
105,188,1480,2153,1439,133,0
105,189,1480,2153,42,79,0
105,190,1480,2153,1558,1707,0
105,191,1480,2153,177,1143,0
105,192,1480,2153,2585,1501,0
105,193,1480,2153,888,374,0
105,194,1480,2153,263,2834,0
105,195,1480,2153,1595,2302,0
106,0,891,1933,434,320,0
106,1,891,1933,571,1612,0
106,2,891,1933,135,2521,0
106,3,891,1933,1047,2342,0
106,4,891,1933,1231,1324,0
106,5,891,1933,675,751,0
106,6,891,1933,1122,987,0
106,7,891,1933,242,2916,0
106,8,891,1933,1743,2319,0
106,9,891,1933,2618,754,0
106,10,891,1933,2910,1478,0
106,11,891,1933,2108,832,0
106,12,891,1933,2,1143,0
106,13,891,1933,1115,2279,0
106,14,891,1933,1977,415,0
106,15,891,1933,2226,1439,0
106,16,891,1933,2325,1601,0
106,17,891,1933,2489,1612,0
106,18,891,1933,488,2077,0
106,19,891,1933,1366,798,0
106,20,891,1933,190,1364,0
106,21,891,1933,2898,1873,0
106,22,891,1933,2802,484,0
106,23,891,1933,1769,1361,0
106,24,891,1933,1719,2907,0
106,25,891,1933,203,816,0
106,26,891,1933,1401,1966,0
106,27,891,1933,565,2022,0
106,28,891,1933,2418,1484,0
106,29,891,1933,2744,2458,0
106,30,891,1933,2840,2909,0
106,31,891,1933,2633,2565,0
106,32,891,1933,2705,1885,0
106,33,891,1933,2153,2262,0
106,34,891,1933,387,708,0
106,35,891,1933,2510,1697,0
106,36,891,1933,648,2898,0
106,37,891,1933,652,1817,0
106,38,891,1933,1578,698,0
106,39,891,1933,2296,2101,0
106,40,891,1933,1931,2689,0
106,41,891,1933,526,1595,0
106,42,891,1933,2293,1825,0
106,43,891,1933,533,1404,0
106,44,891,1933,2655,608,0
106,45,891,1933,1891,927,0
106,46,891,1933,362,551,0
106,47,891,1933,517,432,0
106,48,891,1933,554,2611,0
106,49,891,1933,2495,1015,0
106,50,891,1933,582,952,0
106,51,891,1933,2325,1655,0
106,52,891,1933,627,564,0
106,53,891,1933,118,1718,0
106,54,891,1933,1703,700,0
106,55,891,1933,1698,1595,0
106,56,891,1933,2867,2916,0
106,57,891,1933,2436,1514,0
106,58,891,1933,2012,2768,0
106,59,891,1933,2307,1019,0
106,60,891,1933,59,2441,0
106,61,891,1933,1399,1108,0
106,62,891,1933,2643,1912,0
106,63,891,1933,2219,2119,0
106,64,891,1933,2401,2202,0
106,65,891,1933,387,1838,0
106,66,891,1933,1601,1532,0
106,67,891,1933,2837,72,0
106,68,891,1933,1391,2951,0
106,69,891,1933,595,1317,0
106,70,891,1933,2920,540,0
106,71,891,1933,2816,2465,0
106,72,891,1933,2231,1907,0
106,73,891,1933,1470,2429,0
106,74,891,1933,2847,1382,0
106,75,891,1933,1398,2370,0
106,76,891,1933,1762,2756,0
106,77,891,1933,95,1819,0
106,78,891,1933,2814,2784,0
106,79,891,1933,2728,847,0
106,80,891,1933,1380,2542,0
106,81,891,1933,1722,2778,0
106,82,891,1933,2181,2634,0
106,83,891,1933,2405,2720,0
106,84,891,1933,2862,2797,0
106,85,891,1933,598,2000,0
106,86,891,1933,2675,1916,0
106,87,891,1933,2094,513,0
106,88,891,1933,89,2129,0
106,89,891,1933,1347,973,0
106,90,891,1933,1412,647,0
106,91,891,1933,2716,1699,0
106,92,891,1933,2679,301,0
106,93,891,1933,2086,1982,0
106,94,891,1933,750,2399,0
106,95,891,1933,503,2249,0
106,96,891,1933,1529,2820,0
106,97,891,1933,116,1176,0
106,98,891,1933,692,2813,0
106,99,891,1933,231,639,0
106,100,891,1933,2740,2598,0
106,101,891,1933,224,2208,0
106,102,891,1933,1683,724,0
106,103,891,1933,1276,2330,0
106,104,891,1933,107,933,0
106,105,891,1933,1480,2153,0
106,107,891,1933,2849,2170,0
106,108,891,1933,1226,2205,0
106,109,891,1933,1117,460,0
106,110,891,1933,1597,111,0
106,111,891,1933,2174,2704,0
106,112,891,1933,811,90,0
106,113,891,1933,260,692,0
106,114,891,1933,1967,1969,0
106,115,891,1933,1133,2946,0
106,116,891,1933,786,2901,0
106,117,891,1933,312,1389,0
106,118,891,1933,2476,340,0
106,119,891,1933,2362,2436,0
106,120,891,1933,1679,1396,0
106,121,891,1933,2646,1977,0
106,122,891,1933,1769,2613,0
106,123,891,1933,636,2906,0
106,124,891,1933,2503,2888,0
106,125,891,1933,727,2051,0
106,126,891,1933,339,2092,0
106,127,891,1933,2559,1995,0
106,128,891,1933,1491,2896,0
106,129,891,1933,2256,1576,0
106,130,891,1933,335,2848,0
106,131,891,1933,1279,994,0
106,132,891,1933,191,2042,0
106,133,891,1933,2815,2594,0
106,134,891,1933,1341,659,0
106,135,891,1933,202,1952,0
106,136,891,1933,2049,235,0
106,137,891,1933,949,365,0
106,138,891,1933,442,484,0
106,139,891,1933,1496,989,0
106,140,891,1933,1432,2260,0
106,141,891,1933,378,1386,0
106,142,891,1933,251,778,0
106,143,891,1933,483,113,0
106,144,891,1933,2426,100,0
106,145,891,1933,2388,1563,0
106,146,891,1933,2427,2993,0
106,147,891,1933,1415,940,0
106,148,891,1933,40,1221,0
106,149,891,1933,415,137,0
106,150,891,1933,256,2140,0
106,151,891,1933,90,1522,0
106,152,891,1933,1589,989,0
106,153,891,1933,341,205,0
106,154,891,1933,883,1339,0
106,155,891,1933,280,1464,0
106,156,891,1933,1201,2822,0
106,157,891,1933,2942,1389,0
106,158,891,1933,1138,2750,0
106,159,891,1933,2639,1778,0
106,160,891,1933,662,429,0
106,161,891,1933,652,7,0
106,162,891,1933,2034,2057,0
106,163,891,1933,2854,2051,0
106,164,891,1933,1441,1791,0
106,165,891,1933,2428,256,0
106,166,891,1933,112,2528,0
106,167,891,1933,2873,2538,0
106,168,891,1933,2900,823,0
106,169,891,1933,263,2591,0
106,170,891,1933,486,2698,0
106,171,891,1933,568,150,0
106,172,891,1933,1194,2604,0
106,173,891,1933,1563,2193,0
106,174,891,1933,882,2764,0
106,175,891,1933,1800,2849,0
106,176,891,1933,58,2694,0
106,177,891,1933,2845,282,0
106,178,891,1933,2776,2400,0
106,179,891,1933,2493,1574,0
106,180,891,1933,1075,1910,1
106,181,891,1933,449,428,0
106,182,891,1933,2039,1945,0
106,183,891,1933,2887,271,0
106,184,891,1933,1400,2901,0
106,185,891,1933,2908,1118,0
106,186,891,1933,1650,1604,0
106,187,891,1933,2331,1718,0
106,188,891,1933,1439,133,0
106,189,891,1933,42,79,0
106,190,891,1933,1558,1707,0
106,191,891,1933,177,1143,0
106,192,891,1933,2585,1501,0
106,193,891,1933,888,374,0
106,194,891,1933,263,2834,0
106,195,891,1933,1595,2302,0
107,0,2849,2170,434,320,0
107,1,2849,2170,571,1612,0
107,2,2849,2170,135,2521,0
107,3,2849,2170,1047,2342,0
107,4,2849,2170,1231,1324,0
107,5,2849,2170,675,751,0
107,6,2849,2170,1122,987,0
107,7,2849,2170,242,2916,0
107,8,2849,2170,1743,2319,0
107,9,2849,2170,2618,754,0
107,10,2849,2170,2910,1478,0
107,11,2849,2170,2108,832,0
107,12,2849,2170,2,1143,0
107,13,2849,2170,1115,2279,0
107,14,2849,2170,1977,415,0
107,15,2849,2170,2226,1439,0
107,16,2849,2170,2325,1601,0
107,17,2849,2170,2489,1612,0
107,18,2849,2170,488,2077,0
107,19,2849,2170,1366,798,0
107,20,2849,2170,190,1364,0
107,21,2849,2170,2898,1873,0
107,22,2849,2170,2802,484,0
107,23,2849,2170,1769,1361,0
107,24,2849,2170,1719,2907,0
107,25,2849,2170,203,816,0
107,26,2849,2170,1401,1966,0
107,27,2849,2170,565,2022,0
107,28,2849,2170,2418,1484,0
107,29,2849,2170,2744,2458,0
107,30,2849,2170,2840,2909,0
107,31,2849,2170,2633,2565,0
107,32,2849,2170,2705,1885,0
107,33,2849,2170,2153,2262,0
107,34,2849,2170,387,708,0
107,35,2849,2170,2510,1697,0
107,36,2849,2170,648,2898,0
107,37,2849,2170,652,1817,0
107,38,2849,2170,1578,698,0
107,39,2849,2170,2296,2101,0
107,40,2849,2170,1931,2689,0
107,41,2849,2170,526,1595,0
107,42,2849,2170,2293,1825,0
107,43,2849,2170,533,1404,0
107,44,2849,2170,2655,608,0
107,45,2849,2170,1891,927,0
107,46,2849,2170,362,551,0
107,47,2849,2170,517,432,0
107,48,2849,2170,554,2611,0
107,49,2849,2170,2495,1015,0
107,50,2849,2170,582,952,0
107,51,2849,2170,2325,1655,0
107,52,2849,2170,627,564,0
107,53,2849,2170,118,1718,0
107,54,2849,2170,1703,700,0
107,55,2849,2170,1698,1595,0
107,56,2849,2170,2867,2916,0
107,57,2849,2170,2436,1514,0
107,58,2849,2170,2012,2768,0
107,59,2849,2170,2307,1019,0
107,60,2849,2170,59,2441,0
107,61,2849,2170,1399,1108,0
107,62,2849,2170,2643,1912,0
107,63,2849,2170,2219,2119,0
107,64,2849,2170,2401,2202,0
107,65,2849,2170,387,1838,0
107,66,2849,2170,1601,1532,0
107,67,2849,2170,2837,72,0
107,68,2849,2170,1391,2951,0
107,69,2849,2170,595,1317,0
107,70,2849,2170,2920,540,0
107,71,2849,2170,2816,2465,0
107,72,2849,2170,2231,1907,0
107,73,2849,2170,1470,2429,0
107,74,2849,2170,2847,1382,0
107,75,2849,2170,1398,2370,0
107,76,2849,2170,1762,2756,0
107,77,2849,2170,95,1819,0
107,78,2849,2170,2814,2784,0
107,79,2849,2170,2728,847,0
107,80,2849,2170,1380,2542,0
107,81,2849,2170,1722,2778,0
107,82,2849,2170,2181,2634,0
107,83,2849,2170,2405,2720,0
107,84,2849,2170,2862,2797,0
107,85,2849,2170,598,2000,0
107,86,2849,2170,2675,1916,0
107,87,2849,2170,2094,513,0
107,88,2849,2170,89,2129,0
107,89,2849,2170,1347,973,0
107,90,2849,2170,1412,647,0
107,91,2849,2170,2716,1699,0
107,92,2849,2170,2679,301,0
107,93,2849,2170,2086,1982,0
107,94,2849,2170,750,2399,0
107,95,2849,2170,503,2249,0
107,96,2849,2170,1529,2820,0
107,97,2849,2170,116,1176,0
107,98,2849,2170,692,2813,0
107,99,2849,2170,231,639,0
107,100,2849,2170,2740,2598,0
107,101,2849,2170,224,2208,0
107,102,2849,2170,1683,724,0
107,103,2849,2170,1276,2330,0
107,104,2849,2170,107,933,0
107,105,2849,2170,1480,2153,0
107,106,2849,2170,891,1933,0
107,108,2849,2170,1226,2205,0
107,109,2849,2170,1117,460,0
107,110,2849,2170,1597,111,0
107,111,2849,2170,2174,2704,0
107,112,2849,2170,811,90,0
107,113,2849,2170,260,692,0
107,114,2849,2170,1967,1969,0
107,115,2849,2170,1133,2946,0
107,116,2849,2170,786,2901,0
107,117,2849,2170,312,1389,0
107,118,2849,2170,2476,340,0
107,119,2849,2170,2362,2436,0
107,120,2849,2170,1679,1396,0
107,121,2849,2170,2646,1977,0
107,122,2849,2170,1769,2613,0
107,123,2849,2170,636,2906,0
107,124,2849,2170,2503,2888,0
107,125,2849,2170,727,2051,0
107,126,2849,2170,339,2092,0
107,127,2849,2170,2559,1995,0
107,128,2849,2170,1491,2896,0
107,129,2849,2170,2256,1576,0
107,130,2849,2170,335,2848,0
107,131,2849,2170,1279,994,0
107,132,2849,2170,191,2042,0
107,133,2849,2170,2815,2594,0
107,134,2849,2170,1341,659,0
107,135,2849,2170,202,1952,0
107,136,2849,2170,2049,235,0
107,137,2849,2170,949,365,0
107,138,2849,2170,442,484,0
107,139,2849,2170,1496,989,0
107,140,2849,2170,1432,2260,0
107,141,2849,2170,378,1386,0
107,142,2849,2170,251,778,0
107,143,2849,2170,483,113,0
107,144,2849,2170,2426,100,0
107,145,2849,2170,2388,1563,0
107,146,2849,2170,2427,2993,0
107,147,2849,2170,1415,940,0
107,148,2849,2170,40,1221,0
107,149,2849,2170,415,137,0
107,150,2849,2170,256,2140,0
107,151,2849,2170,90,1522,0
107,152,2849,2170,1589,989,0
107,153,2849,2170,341,205,0
107,154,2849,2170,883,1339,0
107,155,2849,2170,280,1464,0
107,156,2849,2170,1201,2822,0
107,157,2849,2170,2942,1389,0
107,158,2849,2170,1138,2750,0
107,159,2849,2170,2639,1778,0
107,160,2849,2170,662,429,0
107,161,2849,2170,652,7,0
107,162,2849,2170,2034,2057,0
107,163,2849,2170,2854,2051,0
107,164,2849,2170,1441,1791,0
107,165,2849,2170,2428,256,0
107,166,2849,2170,112,2528,0
107,167,2849,2170,2873,2538,0
107,168,2849,2170,2900,823,0
107,169,2849,2170,263,2591,0
107,170,2849,2170,486,2698,0
107,171,2849,2170,568,150,0
107,172,2849,2170,1194,2604,0
107,173,2849,2170,1563,2193,0
107,174,2849,2170,882,2764,0
107,175,2849,2170,1800,2849,0
107,176,2849,2170,58,2694,0
107,177,2849,2170,2845,282,0
107,178,2849,2170,2776,2400,1
107,179,2849,2170,2493,1574,0
107,180,2849,2170,1075,1910,0
107,181,2849,2170,449,428,0
107,182,2849,2170,2039,1945,0
107,183,2849,2170,2887,271,0
107,184,2849,2170,1400,2901,0
107,185,2849,2170,2908,1118,0
107,186,2849,2170,1650,1604,0
107,187,2849,2170,2331,1718,0
107,188,2849,2170,1439,133,0
107,189,2849,2170,42,79,0
107,190,2849,2170,1558,1707,0
107,191,2849,2170,177,1143,0
107,192,2849,2170,2585,1501,0
107,193,2849,2170,888,374,0
107,194,2849,2170,263,2834,0
107,195,2849,2170,1595,2302,0
108,0,1226,2205,434,320,0
108,1,1226,2205,571,1612,0
108,2,1226,2205,135,2521,0
108,3,1226,2205,1047,2342,0
108,4,1226,2205,1231,1324,0
108,5,1226,2205,675,751,0
108,6,1226,2205,1122,987,0
108,7,1226,2205,242,2916,0
108,8,1226,2205,1743,2319,0
108,9,1226,2205,2618,754,0
108,10,1226,2205,2910,1478,0
108,11,1226,2205,2108,832,0
108,12,1226,2205,2,1143,0
108,13,1226,2205,1115,2279,1
108,14,1226,2205,1977,415,0
108,15,1226,2205,2226,1439,0
108,16,1226,2205,2325,1601,0
108,17,1226,2205,2489,1612,0
108,18,1226,2205,488,2077,0
108,19,1226,2205,1366,798,0
108,20,1226,2205,190,1364,0
108,21,1226,2205,2898,1873,0
108,22,1226,2205,2802,484,0
108,23,1226,2205,1769,1361,0
108,24,1226,2205,1719,2907,0
108,25,1226,2205,203,816,0
108,26,1226,2205,1401,1966,0
108,27,1226,2205,565,2022,0
108,28,1226,2205,2418,1484,0
108,29,1226,2205,2744,2458,0
108,30,1226,2205,2840,2909,0
108,31,1226,2205,2633,2565,0
108,32,1226,2205,2705,1885,0
108,33,1226,2205,2153,2262,0
108,34,1226,2205,387,708,0
108,35,1226,2205,2510,1697,0
108,36,1226,2205,648,2898,0
108,37,1226,2205,652,1817,0
108,38,1226,2205,1578,698,0
108,39,1226,2205,2296,2101,0
108,40,1226,2205,1931,2689,0
108,41,1226,2205,526,1595,0
108,42,1226,2205,2293,1825,0
108,43,1226,2205,533,1404,0
108,44,1226,2205,2655,608,0
108,45,1226,2205,1891,927,0
108,46,1226,2205,362,551,0
108,47,1226,2205,517,432,0
108,48,1226,2205,554,2611,0
108,49,1226,2205,2495,1015,0
108,50,1226,2205,582,952,0
108,51,1226,2205,2325,1655,0
108,52,1226,2205,627,564,0
108,53,1226,2205,118,1718,0
108,54,1226,2205,1703,700,0
108,55,1226,2205,1698,1595,0
108,56,1226,2205,2867,2916,0
108,57,1226,2205,2436,1514,0
108,58,1226,2205,2012,2768,0
108,59,1226,2205,2307,1019,0
108,60,1226,2205,59,2441,0
108,61,1226,2205,1399,1108,0
108,62,1226,2205,2643,1912,0
108,63,1226,2205,2219,2119,0
108,64,1226,2205,2401,2202,0
108,65,1226,2205,387,1838,0
108,66,1226,2205,1601,1532,0
108,67,1226,2205,2837,72,0
108,68,1226,2205,1391,2951,0
108,69,1226,2205,595,1317,0
108,70,1226,2205,2920,540,0
108,71,1226,2205,2816,2465,0
108,72,1226,2205,2231,1907,0
108,73,1226,2205,1470,2429,0
108,74,1226,2205,2847,1382,0
108,75,1226,2205,1398,2370,0
108,76,1226,2205,1762,2756,0
108,77,1226,2205,95,1819,0
108,78,1226,2205,2814,2784,0
108,79,1226,2205,2728,847,0
108,80,1226,2205,1380,2542,0
108,81,1226,2205,1722,2778,0
108,82,1226,2205,2181,2634,0
108,83,1226,2205,2405,2720,0
108,84,1226,2205,2862,2797,0
108,85,1226,2205,598,2000,0
108,86,1226,2205,2675,1916,0
108,87,1226,2205,2094,513,0
108,88,1226,2205,89,2129,0
108,89,1226,2205,1347,973,0
108,90,1226,2205,1412,647,0
108,91,1226,2205,2716,1699,0
108,92,1226,2205,2679,301,0
108,93,1226,2205,2086,1982,0
108,94,1226,2205,750,2399,0
108,95,1226,2205,503,2249,0
108,96,1226,2205,1529,2820,0
108,97,1226,2205,116,1176,0
108,98,1226,2205,692,2813,0
108,99,1226,2205,231,639,0
108,100,1226,2205,2740,2598,0
108,101,1226,2205,224,2208,0
108,102,1226,2205,1683,724,0
108,103,1226,2205,1276,2330,0
108,104,1226,2205,107,933,0
108,105,1226,2205,1480,2153,0
108,106,1226,2205,891,1933,0
108,107,1226,2205,2849,2170,0
108,109,1226,2205,1117,460,0
108,110,1226,2205,1597,111,0
108,111,1226,2205,2174,2704,0
108,112,1226,2205,811,90,0
108,113,1226,2205,260,692,0
108,114,1226,2205,1967,1969,0
108,115,1226,2205,1133,2946,0
108,116,1226,2205,786,2901,0
108,117,1226,2205,312,1389,0
108,118,1226,2205,2476,340,0
108,119,1226,2205,2362,2436,0
108,120,1226,2205,1679,1396,0
108,121,1226,2205,2646,1977,0
108,122,1226,2205,1769,2613,0
108,123,1226,2205,636,2906,0
108,124,1226,2205,2503,2888,0
108,125,1226,2205,727,2051,0
108,126,1226,2205,339,2092,0
108,127,1226,2205,2559,1995,0
108,128,1226,2205,1491,2896,0
108,129,1226,2205,2256,1576,0
108,130,1226,2205,335,2848,0
108,131,1226,2205,1279,994,0
108,132,1226,2205,191,2042,0
108,133,1226,2205,2815,2594,0
108,134,1226,2205,1341,659,0
108,135,1226,2205,202,1952,0
108,136,1226,2205,2049,235,0
108,137,1226,2205,949,365,0
108,138,1226,2205,442,484,0
108,139,1226,2205,1496,989,0
108,140,1226,2205,1432,2260,0
108,141,1226,2205,378,1386,0
108,142,1226,2205,251,778,0
108,143,1226,2205,483,113,0
108,144,1226,2205,2426,100,0
108,145,1226,2205,2388,1563,0
108,146,1226,2205,2427,2993,0
108,147,1226,2205,1415,940,0
108,148,1226,2205,40,1221,0
108,149,1226,2205,415,137,0
108,150,1226,2205,256,2140,0
108,151,1226,2205,90,1522,0
108,152,1226,2205,1589,989,0
108,153,1226,2205,341,205,0
108,154,1226,2205,883,1339,0
108,155,1226,2205,280,1464,0
108,156,1226,2205,1201,2822,0
108,157,1226,2205,2942,1389,0
108,158,1226,2205,1138,2750,0
108,159,1226,2205,2639,1778,0
108,160,1226,2205,662,429,0
108,161,1226,2205,652,7,0
108,162,1226,2205,2034,2057,0
108,163,1226,2205,2854,2051,0
108,164,1226,2205,1441,1791,0
108,165,1226,2205,2428,256,0
108,166,1226,2205,112,2528,0
108,167,1226,2205,2873,2538,0
108,168,1226,2205,2900,823,0
108,169,1226,2205,263,2591,0
108,170,1226,2205,486,2698,0
108,171,1226,2205,568,150,0
108,172,1226,2205,1194,2604,0
108,173,1226,2205,1563,2193,0
108,174,1226,2205,882,2764,0
108,175,1226,2205,1800,2849,0
108,176,1226,2205,58,2694,0
108,177,1226,2205,2845,282,0
108,178,1226,2205,2776,2400,0
108,179,1226,2205,2493,1574,0
108,180,1226,2205,1075,1910,0
108,181,1226,2205,449,428,0
108,182,1226,2205,2039,1945,0
108,183,1226,2205,2887,271,0
108,184,1226,2205,1400,2901,0
108,185,1226,2205,2908,1118,0
108,186,1226,2205,1650,1604,0
108,187,1226,2205,2331,1718,0
108,188,1226,2205,1439,133,0
108,189,1226,2205,42,79,0
108,190,1226,2205,1558,1707,0
108,191,1226,2205,177,1143,0
108,192,1226,2205,2585,1501,0
108,193,1226,2205,888,374,0
108,194,1226,2205,263,2834,0
108,195,1226,2205,1595,2302,0
109,0,1117,460,434,320,0
109,1,1117,460,571,1612,0
109,2,1117,460,135,2521,0
109,3,1117,460,1047,2342,0
109,4,1117,460,1231,1324,0
109,5,1117,460,675,751,0
109,6,1117,460,1122,987,0
109,7,1117,460,242,2916,0
109,8,1117,460,1743,2319,0
109,9,1117,460,2618,754,0
109,10,1117,460,2910,1478,0
109,11,1117,460,2108,832,0
109,12,1117,460,2,1143,0
109,13,1117,460,1115,2279,0
109,14,1117,460,1977,415,0
109,15,1117,460,2226,1439,0
109,16,1117,460,2325,1601,0
109,17,1117,460,2489,1612,0
109,18,1117,460,488,2077,0
109,19,1117,460,1366,798,0
109,20,1117,460,190,1364,0
109,21,1117,460,2898,1873,0
109,22,1117,460,2802,484,0
109,23,1117,460,1769,1361,0
109,24,1117,460,1719,2907,0
109,25,1117,460,203,816,0
109,26,1117,460,1401,1966,0
109,27,1117,460,565,2022,0
109,28,1117,460,2418,1484,0
109,29,1117,460,2744,2458,0
109,30,1117,460,2840,2909,0
109,31,1117,460,2633,2565,0
109,32,1117,460,2705,1885,0
109,33,1117,460,2153,2262,0
109,34,1117,460,387,708,0
109,35,1117,460,2510,1697,0
109,36,1117,460,648,2898,0
109,37,1117,460,652,1817,0
109,38,1117,460,1578,698,0
109,39,1117,460,2296,2101,0
109,40,1117,460,1931,2689,0
109,41,1117,460,526,1595,0
109,42,1117,460,2293,1825,0
109,43,1117,460,533,1404,0
109,44,1117,460,2655,608,0
109,45,1117,460,1891,927,0
109,46,1117,460,362,551,0
109,47,1117,460,517,432,0
109,48,1117,460,554,2611,0
109,49,1117,460,2495,1015,0
109,50,1117,460,582,952,0
109,51,1117,460,2325,1655,0
109,52,1117,460,627,564,0
109,53,1117,460,118,1718,0
109,54,1117,460,1703,700,0
109,55,1117,460,1698,1595,0
109,56,1117,460,2867,2916,0
109,57,1117,460,2436,1514,0
109,58,1117,460,2012,2768,0
109,59,1117,460,2307,1019,0
109,60,1117,460,59,2441,0
109,61,1117,460,1399,1108,0
109,62,1117,460,2643,1912,0
109,63,1117,460,2219,2119,0
109,64,1117,460,2401,2202,0
109,65,1117,460,387,1838,0
109,66,1117,460,1601,1532,0
109,67,1117,460,2837,72,0
109,68,1117,460,1391,2951,0
109,69,1117,460,595,1317,0
109,70,1117,460,2920,540,0
109,71,1117,460,2816,2465,0
109,72,1117,460,2231,1907,0
109,73,1117,460,1470,2429,0
109,74,1117,460,2847,1382,0
109,75,1117,460,1398,2370,0
109,76,1117,460,1762,2756,0
109,77,1117,460,95,1819,0
109,78,1117,460,2814,2784,0
109,79,1117,460,2728,847,0
109,80,1117,460,1380,2542,0
109,81,1117,460,1722,2778,0
109,82,1117,460,2181,2634,0
109,83,1117,460,2405,2720,0
109,84,1117,460,2862,2797,0
109,85,1117,460,598,2000,0
109,86,1117,460,2675,1916,0
109,87,1117,460,2094,513,0
109,88,1117,460,89,2129,0
109,89,1117,460,1347,973,0
109,90,1117,460,1412,647,0
109,91,1117,460,2716,1699,0
109,92,1117,460,2679,301,0
109,93,1117,460,2086,1982,0
109,94,1117,460,750,2399,0
109,95,1117,460,503,2249,0
109,96,1117,460,1529,2820,0
109,97,1117,460,116,1176,0
109,98,1117,460,692,2813,0
109,99,1117,460,231,639,0
109,100,1117,460,2740,2598,0
109,101,1117,460,224,2208,0
109,102,1117,460,1683,724,0
109,103,1117,460,1276,2330,0
109,104,1117,460,107,933,0
109,105,1117,460,1480,2153,0
109,106,1117,460,891,1933,0
109,107,1117,460,2849,2170,0
109,108,1117,460,1226,2205,0
109,110,1117,460,1597,111,0
109,111,1117,460,2174,2704,0
109,112,1117,460,811,90,0
109,113,1117,460,260,692,0
109,114,1117,460,1967,1969,0
109,115,1117,460,1133,2946,0
109,116,1117,460,786,2901,0
109,117,1117,460,312,1389,0
109,118,1117,460,2476,340,0
109,119,1117,460,2362,2436,0
109,120,1117,460,1679,1396,0
109,121,1117,460,2646,1977,0
109,122,1117,460,1769,2613,0
109,123,1117,460,636,2906,0
109,124,1117,460,2503,2888,0
109,125,1117,460,727,2051,0
109,126,1117,460,339,2092,0
109,127,1117,460,2559,1995,0
109,128,1117,460,1491,2896,0
109,129,1117,460,2256,1576,0
109,130,1117,460,335,2848,0
109,131,1117,460,1279,994,0
109,132,1117,460,191,2042,0
109,133,1117,460,2815,2594,0
109,134,1117,460,1341,659,0
109,135,1117,460,202,1952,0
109,136,1117,460,2049,235,0
109,137,1117,460,949,365,0
109,138,1117,460,442,484,0
109,139,1117,460,1496,989,0
109,140,1117,460,1432,2260,0
109,141,1117,460,378,1386,0
109,142,1117,460,251,778,0
109,143,1117,460,483,113,0
109,144,1117,460,2426,100,0
109,145,1117,460,2388,1563,0
109,146,1117,460,2427,2993,0
109,147,1117,460,1415,940,0
109,148,1117,460,40,1221,0
109,149,1117,460,415,137,0
109,150,1117,460,256,2140,0
109,151,1117,460,90,1522,0
109,152,1117,460,1589,989,0
109,153,1117,460,341,205,0
109,154,1117,460,883,1339,0
109,155,1117,460,280,1464,0
109,156,1117,460,1201,2822,0
109,157,1117,460,2942,1389,0
109,158,1117,460,1138,2750,0
109,159,1117,460,2639,1778,0
109,160,1117,460,662,429,0
109,161,1117,460,652,7,0
109,162,1117,460,2034,2057,0
109,163,1117,460,2854,2051,0
109,164,1117,460,1441,1791,0
109,165,1117,460,2428,256,0
109,166,1117,460,112,2528,0
109,167,1117,460,2873,2538,0
109,168,1117,460,2900,823,0
109,169,1117,460,263,2591,0
109,170,1117,460,486,2698,0
109,171,1117,460,568,150,0
109,172,1117,460,1194,2604,0
109,173,1117,460,1563,2193,0
109,174,1117,460,882,2764,0
109,175,1117,460,1800,2849,0
109,176,1117,460,58,2694,0
109,177,1117,460,2845,282,0
109,178,1117,460,2776,2400,0
109,179,1117,460,2493,1574,0
109,180,1117,460,1075,1910,0
109,181,1117,460,449,428,0
109,182,1117,460,2039,1945,0
109,183,1117,460,2887,271,0
109,184,1117,460,1400,2901,0
109,185,1117,460,2908,1118,0
109,186,1117,460,1650,1604,0
109,187,1117,460,2331,1718,0
109,188,1117,460,1439,133,1
109,189,1117,460,42,79,0
109,190,1117,460,1558,1707,0
109,191,1117,460,177,1143,0
109,192,1117,460,2585,1501,0
109,193,1117,460,888,374,0
109,194,1117,460,263,2834,0
109,195,1117,460,1595,2302,0
110,0,1597,111,434,320,0
110,1,1597,111,571,1612,0
110,2,1597,111,135,2521,0
110,3,1597,111,1047,2342,0
110,4,1597,111,1231,1324,0
110,5,1597,111,675,751,0
110,6,1597,111,1122,987,0
110,7,1597,111,242,2916,0
110,8,1597,111,1743,2319,0
110,9,1597,111,2618,754,0
110,10,1597,111,2910,1478,0
110,11,1597,111,2108,832,0
110,12,1597,111,2,1143,0
110,13,1597,111,1115,2279,0
110,14,1597,111,1977,415,0
110,15,1597,111,2226,1439,0
110,16,1597,111,2325,1601,0
110,17,1597,111,2489,1612,0
110,18,1597,111,488,2077,0
110,19,1597,111,1366,798,0
110,20,1597,111,190,1364,0
110,21,1597,111,2898,1873,0
110,22,1597,111,2802,484,0
110,23,1597,111,1769,1361,0
110,24,1597,111,1719,2907,0
110,25,1597,111,203,816,0
110,26,1597,111,1401,1966,0
110,27,1597,111,565,2022,0
110,28,1597,111,2418,1484,0
110,29,1597,111,2744,2458,0
110,30,1597,111,2840,2909,0
110,31,1597,111,2633,2565,0
110,32,1597,111,2705,1885,0
110,33,1597,111,2153,2262,0
110,34,1597,111,387,708,0
110,35,1597,111,2510,1697,0
110,36,1597,111,648,2898,0
110,37,1597,111,652,1817,0
110,38,1597,111,1578,698,0
110,39,1597,111,2296,2101,0
110,40,1597,111,1931,2689,0
110,41,1597,111,526,1595,0
110,42,1597,111,2293,1825,0
110,43,1597,111,533,1404,0
110,44,1597,111,2655,608,0
110,45,1597,111,1891,927,0
110,46,1597,111,362,551,0
110,47,1597,111,517,432,0
110,48,1597,111,554,2611,0
110,49,1597,111,2495,1015,0
110,50,1597,111,582,952,0
110,51,1597,111,2325,1655,0
110,52,1597,111,627,564,0
110,53,1597,111,118,1718,0
110,54,1597,111,1703,700,0
110,55,1597,111,1698,1595,0
110,56,1597,111,2867,2916,0
110,57,1597,111,2436,1514,0
110,58,1597,111,2012,2768,0
110,59,1597,111,2307,1019,0
110,60,1597,111,59,2441,0
110,61,1597,111,1399,1108,0
110,62,1597,111,2643,1912,0
110,63,1597,111,2219,2119,0
110,64,1597,111,2401,2202,0
110,65,1597,111,387,1838,0
110,66,1597,111,1601,1532,0
110,67,1597,111,2837,72,0
110,68,1597,111,1391,2951,0
110,69,1597,111,595,1317,0
110,70,1597,111,2920,540,0
110,71,1597,111,2816,2465,0
110,72,1597,111,2231,1907,0
110,73,1597,111,1470,2429,0
110,74,1597,111,2847,1382,0
110,75,1597,111,1398,2370,0
110,76,1597,111,1762,2756,0
110,77,1597,111,95,1819,0
110,78,1597,111,2814,2784,0
110,79,1597,111,2728,847,0
110,80,1597,111,1380,2542,0
110,81,1597,111,1722,2778,0
110,82,1597,111,2181,2634,0
110,83,1597,111,2405,2720,0
110,84,1597,111,2862,2797,0
110,85,1597,111,598,2000,0
110,86,1597,111,2675,1916,0
110,87,1597,111,2094,513,0
110,88,1597,111,89,2129,0
110,89,1597,111,1347,973,0
110,90,1597,111,1412,647,0
110,91,1597,111,2716,1699,0
110,92,1597,111,2679,301,0
110,93,1597,111,2086,1982,0
110,94,1597,111,750,2399,0
110,95,1597,111,503,2249,0
110,96,1597,111,1529,2820,0
110,97,1597,111,116,1176,0
110,98,1597,111,692,2813,0
110,99,1597,111,231,639,0
110,100,1597,111,2740,2598,0
110,101,1597,111,224,2208,0
110,102,1597,111,1683,724,0
110,103,1597,111,1276,2330,0
110,104,1597,111,107,933,0
110,105,1597,111,1480,2153,0
110,106,1597,111,891,1933,0
110,107,1597,111,2849,2170,0
110,108,1597,111,1226,2205,0
110,109,1597,111,1117,460,0
110,111,1597,111,2174,2704,0
110,112,1597,111,811,90,0
110,113,1597,111,260,692,0
110,114,1597,111,1967,1969,0
110,115,1597,111,1133,2946,0
110,116,1597,111,786,2901,0
110,117,1597,111,312,1389,0
110,118,1597,111,2476,340,0
110,119,1597,111,2362,2436,0
110,120,1597,111,1679,1396,0
110,121,1597,111,2646,1977,0
110,122,1597,111,1769,2613,0
110,123,1597,111,636,2906,0
110,124,1597,111,2503,2888,0
110,125,1597,111,727,2051,0
110,126,1597,111,339,2092,0
110,127,1597,111,2559,1995,0
110,128,1597,111,1491,2896,0
110,129,1597,111,2256,1576,0
110,130,1597,111,335,2848,0
110,131,1597,111,1279,994,0
110,132,1597,111,191,2042,0
110,133,1597,111,2815,2594,0
110,134,1597,111,1341,659,0
110,135,1597,111,202,1952,0
110,136,1597,111,2049,235,1
110,137,1597,111,949,365,0
110,138,1597,111,442,484,0
110,139,1597,111,1496,989,0
110,140,1597,111,1432,2260,0
110,141,1597,111,378,1386,0
110,142,1597,111,251,778,0
110,143,1597,111,483,113,0
110,144,1597,111,2426,100,0
110,145,1597,111,2388,1563,0
110,146,1597,111,2427,2993,0
110,147,1597,111,1415,940,0
110,148,1597,111,40,1221,0
110,149,1597,111,415,137,0
110,150,1597,111,256,2140,0
110,151,1597,111,90,1522,0
110,152,1597,111,1589,989,0
110,153,1597,111,341,205,0
110,154,1597,111,883,1339,0
110,155,1597,111,280,1464,0
110,156,1597,111,1201,2822,0
110,157,1597,111,2942,1389,0
110,158,1597,111,1138,2750,0
110,159,1597,111,2639,1778,0
110,160,1597,111,662,429,0
110,161,1597,111,652,7,0
110,162,1597,111,2034,2057,0
110,163,1597,111,2854,2051,0
110,164,1597,111,1441,1791,0
110,165,1597,111,2428,256,0
110,166,1597,111,112,2528,0
110,167,1597,111,2873,2538,0
110,168,1597,111,2900,823,0
110,169,1597,111,263,2591,0
110,170,1597,111,486,2698,0
110,171,1597,111,568,150,0
110,172,1597,111,1194,2604,0
110,173,1597,111,1563,2193,0
110,174,1597,111,882,2764,0
110,175,1597,111,1800,2849,0
110,176,1597,111,58,2694,0
110,177,1597,111,2845,282,0
110,178,1597,111,2776,2400,0
110,179,1597,111,2493,1574,0
110,180,1597,111,1075,1910,0
110,181,1597,111,449,428,0
110,182,1597,111,2039,1945,0
110,183,1597,111,2887,271,0
110,184,1597,111,1400,2901,0
110,185,1597,111,2908,1118,0
110,186,1597,111,1650,1604,0
110,187,1597,111,2331,1718,0
110,188,1597,111,1439,133,0
110,189,1597,111,42,79,0
110,190,1597,111,1558,1707,0
110,191,1597,111,177,1143,0
110,192,1597,111,2585,1501,0
110,193,1597,111,888,374,0
110,194,1597,111,263,2834,0
110,195,1597,111,1595,2302,0
111,0,2174,2704,434,320,0
111,1,2174,2704,571,1612,0
111,2,2174,2704,135,2521,0
111,3,2174,2704,1047,2342,0
111,4,2174,2704,1231,1324,0
111,5,2174,2704,675,751,0
111,6,2174,2704,1122,987,0
111,7,2174,2704,242,2916,0
111,8,2174,2704,1743,2319,0
111,9,2174,2704,2618,754,0
111,10,2174,2704,2910,1478,0
111,11,2174,2704,2108,832,0
111,12,2174,2704,2,1143,0
111,13,2174,2704,1115,2279,0
111,14,2174,2704,1977,415,0
111,15,2174,2704,2226,1439,0
111,16,2174,2704,2325,1601,0
111,17,2174,2704,2489,1612,0
111,18,2174,2704,488,2077,0
111,19,2174,2704,1366,798,0
111,20,2174,2704,190,1364,0
111,21,2174,2704,2898,1873,0
111,22,2174,2704,2802,484,0
111,23,2174,2704,1769,1361,0
111,24,2174,2704,1719,2907,0
111,25,2174,2704,203,816,0
111,26,2174,2704,1401,1966,0
111,27,2174,2704,565,2022,0
111,28,2174,2704,2418,1484,0
111,29,2174,2704,2744,2458,0
111,30,2174,2704,2840,2909,0
111,31,2174,2704,2633,2565,0
111,32,2174,2704,2705,1885,0
111,33,2174,2704,2153,2262,0
111,34,2174,2704,387,708,0
111,35,2174,2704,2510,1697,0
111,36,2174,2704,648,2898,0
111,37,2174,2704,652,1817,0
111,38,2174,2704,1578,698,0
111,39,2174,2704,2296,2101,0
111,40,2174,2704,1931,2689,0
111,41,2174,2704,526,1595,0
111,42,2174,2704,2293,1825,0
111,43,2174,2704,533,1404,0
111,44,2174,2704,2655,608,0
111,45,2174,2704,1891,927,0
111,46,2174,2704,362,551,0
111,47,2174,2704,517,432,0
111,48,2174,2704,554,2611,0
111,49,2174,2704,2495,1015,0
111,50,2174,2704,582,952,0
111,51,2174,2704,2325,1655,0
111,52,2174,2704,627,564,0
111,53,2174,2704,118,1718,0
111,54,2174,2704,1703,700,0
111,55,2174,2704,1698,1595,0
111,56,2174,2704,2867,2916,0
111,57,2174,2704,2436,1514,0
111,58,2174,2704,2012,2768,1
111,59,2174,2704,2307,1019,0
111,60,2174,2704,59,2441,0
111,61,2174,2704,1399,1108,0
111,62,2174,2704,2643,1912,0
111,63,2174,2704,2219,2119,0
111,64,2174,2704,2401,2202,0
111,65,2174,2704,387,1838,0
111,66,2174,2704,1601,1532,0
111,67,2174,2704,2837,72,0
111,68,2174,2704,1391,2951,0
111,69,2174,2704,595,1317,0
111,70,2174,2704,2920,540,0
111,71,2174,2704,2816,2465,0
111,72,2174,2704,2231,1907,0
111,73,2174,2704,1470,2429,0
111,74,2174,2704,2847,1382,0
111,75,2174,2704,1398,2370,0
111,76,2174,2704,1762,2756,0
111,77,2174,2704,95,1819,0
111,78,2174,2704,2814,2784,0
111,79,2174,2704,2728,847,0
111,80,2174,2704,1380,2542,0
111,81,2174,2704,1722,2778,0
111,82,2174,2704,2181,2634,0
111,83,2174,2704,2405,2720,0
111,84,2174,2704,2862,2797,0
111,85,2174,2704,598,2000,0
111,86,2174,2704,2675,1916,0
111,87,2174,2704,2094,513,0
111,88,2174,2704,89,2129,0
111,89,2174,2704,1347,973,0
111,90,2174,2704,1412,647,0
111,91,2174,2704,2716,1699,0
111,92,2174,2704,2679,301,0
111,93,2174,2704,2086,1982,0
111,94,2174,2704,750,2399,0
111,95,2174,2704,503,2249,0
111,96,2174,2704,1529,2820,0
111,97,2174,2704,116,1176,0
111,98,2174,2704,692,2813,0
111,99,2174,2704,231,639,0
111,100,2174,2704,2740,2598,0
111,101,2174,2704,224,2208,0
111,102,2174,2704,1683,724,0
111,103,2174,2704,1276,2330,0
111,104,2174,2704,107,933,0
111,105,2174,2704,1480,2153,0
111,106,2174,2704,891,1933,0
111,107,2174,2704,2849,2170,0
111,108,2174,2704,1226,2205,0
111,109,2174,2704,1117,460,0
111,110,2174,2704,1597,111,0
111,112,2174,2704,811,90,0
111,113,2174,2704,260,692,0
111,114,2174,2704,1967,1969,0
111,115,2174,2704,1133,2946,0
111,116,2174,2704,786,2901,0
111,117,2174,2704,312,1389,0
111,118,2174,2704,2476,340,0
111,119,2174,2704,2362,2436,0
111,120,2174,2704,1679,1396,0
111,121,2174,2704,2646,1977,0
111,122,2174,2704,1769,2613,0
111,123,2174,2704,636,2906,0
111,124,2174,2704,2503,2888,0
111,125,2174,2704,727,2051,0
111,126,2174,2704,339,2092,0
111,127,2174,2704,2559,1995,0
111,128,2174,2704,1491,2896,0
111,129,2174,2704,2256,1576,0
111,130,2174,2704,335,2848,0
111,131,2174,2704,1279,994,0
111,132,2174,2704,191,2042,0
111,133,2174,2704,2815,2594,0
111,134,2174,2704,1341,659,0
111,135,2174,2704,202,1952,0
111,136,2174,2704,2049,235,0
111,137,2174,2704,949,365,0
111,138,2174,2704,442,484,0
111,139,2174,2704,1496,989,0
111,140,2174,2704,1432,2260,0
111,141,2174,2704,378,1386,0
111,142,2174,2704,251,778,0
111,143,2174,2704,483,113,0
111,144,2174,2704,2426,100,0
111,145,2174,2704,2388,1563,0
111,146,2174,2704,2427,2993,0
111,147,2174,2704,1415,940,0
111,148,2174,2704,40,1221,0
111,149,2174,2704,415,137,0
111,150,2174,2704,256,2140,0
111,151,2174,2704,90,1522,0
111,152,2174,2704,1589,989,0
111,153,2174,2704,341,205,0
111,154,2174,2704,883,1339,0
111,155,2174,2704,280,1464,0
111,156,2174,2704,1201,2822,0
111,157,2174,2704,2942,1389,0
111,158,2174,2704,1138,2750,0
111,159,2174,2704,2639,1778,0
111,160,2174,2704,662,429,0
111,161,2174,2704,652,7,0
111,162,2174,2704,2034,2057,0
111,163,2174,2704,2854,2051,0
111,164,2174,2704,1441,1791,0
111,165,2174,2704,2428,256,0
111,166,2174,2704,112,2528,0
111,167,2174,2704,2873,2538,0
111,168,2174,2704,2900,823,0
111,169,2174,2704,263,2591,0
111,170,2174,2704,486,2698,0
111,171,2174,2704,568,150,0
111,172,2174,2704,1194,2604,0
111,173,2174,2704,1563,2193,0
111,174,2174,2704,882,2764,0
111,175,2174,2704,1800,2849,0
111,176,2174,2704,58,2694,0
111,177,2174,2704,2845,282,0
111,178,2174,2704,2776,2400,0
111,179,2174,2704,2493,1574,0
111,180,2174,2704,1075,1910,0
111,181,2174,2704,449,428,0
111,182,2174,2704,2039,1945,0
111,183,2174,2704,2887,271,0
111,184,2174,2704,1400,2901,0
111,185,2174,2704,2908,1118,0
111,186,2174,2704,1650,1604,0
111,187,2174,2704,2331,1718,0
111,188,2174,2704,1439,133,0
111,189,2174,2704,42,79,0
111,190,2174,2704,1558,1707,0
111,191,2174,2704,177,1143,0
111,192,2174,2704,2585,1501,0
111,193,2174,2704,888,374,0
111,194,2174,2704,263,2834,0
111,195,2174,2704,1595,2302,0
112,0,811,90,434,320,0
112,1,811,90,571,1612,0
112,2,811,90,135,2521,0
112,3,811,90,1047,2342,0
112,4,811,90,1231,1324,0
112,5,811,90,675,751,0
112,6,811,90,1122,987,0
112,7,811,90,242,2916,0
112,8,811,90,1743,2319,0
112,9,811,90,2618,754,0
112,10,811,90,2910,1478,0
112,11,811,90,2108,832,0
112,12,811,90,2,1143,0
112,13,811,90,1115,2279,0
112,14,811,90,1977,415,0
112,15,811,90,2226,1439,0
112,16,811,90,2325,1601,0
112,17,811,90,2489,1612,0
112,18,811,90,488,2077,0
112,19,811,90,1366,798,0
112,20,811,90,190,1364,0
112,21,811,90,2898,1873,0
112,22,811,90,2802,484,0
112,23,811,90,1769,1361,0
112,24,811,90,1719,2907,0
112,25,811,90,203,816,0
112,26,811,90,1401,1966,0
112,27,811,90,565,2022,0
112,28,811,90,2418,1484,0
112,29,811,90,2744,2458,0
112,30,811,90,2840,2909,0
112,31,811,90,2633,2565,0
112,32,811,90,2705,1885,0
112,33,811,90,2153,2262,0
112,34,811,90,387,708,0
112,35,811,90,2510,1697,0
112,36,811,90,648,2898,0
112,37,811,90,652,1817,0
112,38,811,90,1578,698,0
112,39,811,90,2296,2101,0
112,40,811,90,1931,2689,0
112,41,811,90,526,1595,0
112,42,811,90,2293,1825,0
112,43,811,90,533,1404,0
112,44,811,90,2655,608,0
112,45,811,90,1891,927,0
112,46,811,90,362,551,0
112,47,811,90,517,432,0
112,48,811,90,554,2611,0
112,49,811,90,2495,1015,0
112,50,811,90,582,952,0
112,51,811,90,2325,1655,0
112,52,811,90,627,564,0
112,53,811,90,118,1718,0
112,54,811,90,1703,700,0
112,55,811,90,1698,1595,0
112,56,811,90,2867,2916,0
112,57,811,90,2436,1514,0
112,58,811,90,2012,2768,0
112,59,811,90,2307,1019,0
112,60,811,90,59,2441,0
112,61,811,90,1399,1108,0
112,62,811,90,2643,1912,0
112,63,811,90,2219,2119,0
112,64,811,90,2401,2202,0
112,65,811,90,387,1838,0
112,66,811,90,1601,1532,0
112,67,811,90,2837,72,0
112,68,811,90,1391,2951,0
112,69,811,90,595,1317,0
112,70,811,90,2920,540,0
112,71,811,90,2816,2465,0
112,72,811,90,2231,1907,0
112,73,811,90,1470,2429,0
112,74,811,90,2847,1382,0
112,75,811,90,1398,2370,0
112,76,811,90,1762,2756,0
112,77,811,90,95,1819,0
112,78,811,90,2814,2784,0
112,79,811,90,2728,847,0
112,80,811,90,1380,2542,0
112,81,811,90,1722,2778,0
112,82,811,90,2181,2634,0
112,83,811,90,2405,2720,0
112,84,811,90,2862,2797,0
112,85,811,90,598,2000,0
112,86,811,90,2675,1916,0
112,87,811,90,2094,513,0
112,88,811,90,89,2129,0
112,89,811,90,1347,973,0
112,90,811,90,1412,647,0
112,91,811,90,2716,1699,0
112,92,811,90,2679,301,0
112,93,811,90,2086,1982,0
112,94,811,90,750,2399,0
112,95,811,90,503,2249,0
112,96,811,90,1529,2820,0
112,97,811,90,116,1176,0
112,98,811,90,692,2813,0
112,99,811,90,231,639,0
112,100,811,90,2740,2598,0
112,101,811,90,224,2208,0
112,102,811,90,1683,724,0
112,103,811,90,1276,2330,0
112,104,811,90,107,933,0
112,105,811,90,1480,2153,0
112,106,811,90,891,1933,0
112,107,811,90,2849,2170,0
112,108,811,90,1226,2205,0
112,109,811,90,1117,460,0
112,110,811,90,1597,111,0
112,111,811,90,2174,2704,0
112,113,811,90,260,692,0
112,114,811,90,1967,1969,0
112,115,811,90,1133,2946,0
112,116,811,90,786,2901,0
112,117,811,90,312,1389,0
112,118,811,90,2476,340,0
112,119,811,90,2362,2436,0
112,120,811,90,1679,1396,0
112,121,811,90,2646,1977,0
112,122,811,90,1769,2613,0
112,123,811,90,636,2906,0
112,124,811,90,2503,2888,0
112,125,811,90,727,2051,0
112,126,811,90,339,2092,0
112,127,811,90,2559,1995,0
112,128,811,90,1491,2896,0
112,129,811,90,2256,1576,0
112,130,811,90,335,2848,0
112,131,811,90,1279,994,0
112,132,811,90,191,2042,0
112,133,811,90,2815,2594,0
112,134,811,90,1341,659,0
112,135,811,90,202,1952,0
112,136,811,90,2049,235,0
112,137,811,90,949,365,0
112,138,811,90,442,484,0
112,139,811,90,1496,989,0
112,140,811,90,1432,2260,0
112,141,811,90,378,1386,0
112,142,811,90,251,778,0
112,143,811,90,483,113,0
112,144,811,90,2426,100,0
112,145,811,90,2388,1563,0
112,146,811,90,2427,2993,0
112,147,811,90,1415,940,0
112,148,811,90,40,1221,0
112,149,811,90,415,137,0
112,150,811,90,256,2140,0
112,151,811,90,90,1522,0
112,152,811,90,1589,989,0
112,153,811,90,341,205,0
112,154,811,90,883,1339,0
112,155,811,90,280,1464,0
112,156,811,90,1201,2822,0
112,157,811,90,2942,1389,0
112,158,811,90,1138,2750,0
112,159,811,90,2639,1778,0
112,160,811,90,662,429,0
112,161,811,90,652,7,0
112,162,811,90,2034,2057,0
112,163,811,90,2854,2051,0
112,164,811,90,1441,1791,0
112,165,811,90,2428,256,0
112,166,811,90,112,2528,0
112,167,811,90,2873,2538,0
112,168,811,90,2900,823,0
112,169,811,90,263,2591,0
112,170,811,90,486,2698,0
112,171,811,90,568,150,0
112,172,811,90,1194,2604,0
112,173,811,90,1563,2193,0
112,174,811,90,882,2764,0
112,175,811,90,1800,2849,0
112,176,811,90,58,2694,0
112,177,811,90,2845,282,0
112,178,811,90,2776,2400,0
112,179,811,90,2493,1574,0
112,180,811,90,1075,1910,0
112,181,811,90,449,428,0
112,182,811,90,2039,1945,0
112,183,811,90,2887,271,0
112,184,811,90,1400,2901,0
112,185,811,90,2908,1118,0
112,186,811,90,1650,1604,0
112,187,811,90,2331,1718,0
112,188,811,90,1439,133,0
112,189,811,90,42,79,0
112,190,811,90,1558,1707,0
112,191,811,90,177,1143,0
112,192,811,90,2585,1501,0
112,193,811,90,888,374,1
112,194,811,90,263,2834,0
112,195,811,90,1595,2302,0
113,0,260,692,434,320,0
113,1,260,692,571,1612,0
113,2,260,692,135,2521,0
113,3,260,692,1047,2342,0
113,4,260,692,1231,1324,0
113,5,260,692,675,751,0
113,6,260,692,1122,987,0
113,7,260,692,242,2916,0
113,8,260,692,1743,2319,0
113,9,260,692,2618,754,0
113,10,260,692,2910,1478,0
113,11,260,692,2108,832,0
113,12,260,692,2,1143,0
113,13,260,692,1115,2279,0
113,14,260,692,1977,415,0
113,15,260,692,2226,1439,0
113,16,260,692,2325,1601,0
113,17,260,692,2489,1612,0
113,18,260,692,488,2077,0
113,19,260,692,1366,798,0
113,20,260,692,190,1364,0
113,21,260,692,2898,1873,0
113,22,260,692,2802,484,0
113,23,260,692,1769,1361,0
113,24,260,692,1719,2907,0
113,25,260,692,203,816,0
113,26,260,692,1401,1966,0
113,27,260,692,565,2022,0
113,28,260,692,2418,1484,0
113,29,260,692,2744,2458,0
113,30,260,692,2840,2909,0
113,31,260,692,2633,2565,0
113,32,260,692,2705,1885,0
113,33,260,692,2153,2262,0
113,34,260,692,387,708,0
113,35,260,692,2510,1697,0
113,36,260,692,648,2898,0
113,37,260,692,652,1817,0
113,38,260,692,1578,698,0
113,39,260,692,2296,2101,0
113,40,260,692,1931,2689,0
113,41,260,692,526,1595,0
113,42,260,692,2293,1825,0
113,43,260,692,533,1404,0
113,44,260,692,2655,608,0
113,45,260,692,1891,927,0
113,46,260,692,362,551,0
113,47,260,692,517,432,0
113,48,260,692,554,2611,0
113,49,260,692,2495,1015,0
113,50,260,692,582,952,0
113,51,260,692,2325,1655,0
113,52,260,692,627,564,0
113,53,260,692,118,1718,0
113,54,260,692,1703,700,0
113,55,260,692,1698,1595,0
113,56,260,692,2867,2916,0
113,57,260,692,2436,1514,0
113,58,260,692,2012,2768,0
113,59,260,692,2307,1019,0
113,60,260,692,59,2441,0
113,61,260,692,1399,1108,0
113,62,260,692,2643,1912,0
113,63,260,692,2219,2119,0
113,64,260,692,2401,2202,0
113,65,260,692,387,1838,0
113,66,260,692,1601,1532,0
113,67,260,692,2837,72,0
113,68,260,692,1391,2951,0
113,69,260,692,595,1317,0
113,70,260,692,2920,540,0
113,71,260,692,2816,2465,0
113,72,260,692,2231,1907,0
113,73,260,692,1470,2429,0
113,74,260,692,2847,1382,0
113,75,260,692,1398,2370,0
113,76,260,692,1762,2756,0
113,77,260,692,95,1819,0
113,78,260,692,2814,2784,0
113,79,260,692,2728,847,0
113,80,260,692,1380,2542,0
113,81,260,692,1722,2778,0
113,82,260,692,2181,2634,0
113,83,260,692,2405,2720,0
113,84,260,692,2862,2797,0
113,85,260,692,598,2000,0
113,86,260,692,2675,1916,0
113,87,260,692,2094,513,0
113,88,260,692,89,2129,0
113,89,260,692,1347,973,0
113,90,260,692,1412,647,0
113,91,260,692,2716,1699,0
113,92,260,692,2679,301,0
113,93,260,692,2086,1982,0
113,94,260,692,750,2399,0
113,95,260,692,503,2249,0
113,96,260,692,1529,2820,0
113,97,260,692,116,1176,0
113,98,260,692,692,2813,0
113,99,260,692,231,639,1
113,100,260,692,2740,2598,0
113,101,260,692,224,2208,0
113,102,260,692,1683,724,0
113,103,260,692,1276,2330,0
113,104,260,692,107,933,0
113,105,260,692,1480,2153,0
113,106,260,692,891,1933,0
113,107,260,692,2849,2170,0
113,108,260,692,1226,2205,0
113,109,260,692,1117,460,0
113,110,260,692,1597,111,0
113,111,260,692,2174,2704,0
113,112,260,692,811,90,0
113,114,260,692,1967,1969,0
113,115,260,692,1133,2946,0
113,116,260,692,786,2901,0
113,117,260,692,312,1389,0
113,118,260,692,2476,340,0
113,119,260,692,2362,2436,0
113,120,260,692,1679,1396,0
113,121,260,692,2646,1977,0
113,122,260,692,1769,2613,0
113,123,260,692,636,2906,0
113,124,260,692,2503,2888,0
113,125,260,692,727,2051,0
113,126,260,692,339,2092,0
113,127,260,692,2559,1995,0
113,128,260,692,1491,2896,0
113,129,260,692,2256,1576,0
113,130,260,692,335,2848,0
113,131,260,692,1279,994,0
113,132,260,692,191,2042,0
113,133,260,692,2815,2594,0
113,134,260,692,1341,659,0
113,135,260,692,202,1952,0
113,136,260,692,2049,235,0
113,137,260,692,949,365,0
113,138,260,692,442,484,0
113,139,260,692,1496,989,0
113,140,260,692,1432,2260,0
113,141,260,692,378,1386,0
113,142,260,692,251,778,0
113,143,260,692,483,113,0
113,144,260,692,2426,100,0
113,145,260,692,2388,1563,0
113,146,260,692,2427,2993,0
113,147,260,692,1415,940,0
113,148,260,692,40,1221,0
113,149,260,692,415,137,0
113,150,260,692,256,2140,0
113,151,260,692,90,1522,0
113,152,260,692,1589,989,0
113,153,260,692,341,205,0
113,154,260,692,883,1339,0
113,155,260,692,280,1464,0
113,156,260,692,1201,2822,0
113,157,260,692,2942,1389,0
113,158,260,692,1138,2750,0
113,159,260,692,2639,1778,0
113,160,260,692,662,429,0
113,161,260,692,652,7,0
113,162,260,692,2034,2057,0
113,163,260,692,2854,2051,0
113,164,260,692,1441,1791,0
113,165,260,692,2428,256,0
113,166,260,692,112,2528,0
113,167,260,692,2873,2538,0
113,168,260,692,2900,823,0
113,169,260,692,263,2591,0
113,170,260,692,486,2698,0
113,171,260,692,568,150,0
113,172,260,692,1194,2604,0
113,173,260,692,1563,2193,0
113,174,260,692,882,2764,0
113,175,260,692,1800,2849,0
113,176,260,692,58,2694,0
113,177,260,692,2845,282,0
113,178,260,692,2776,2400,0
113,179,260,692,2493,1574,0
113,180,260,692,1075,1910,0
113,181,260,692,449,428,0
113,182,260,692,2039,1945,0
113,183,260,692,2887,271,0
113,184,260,692,1400,2901,0
113,185,260,692,2908,1118,0
113,186,260,692,1650,1604,0
113,187,260,692,2331,1718,0
113,188,260,692,1439,133,0
113,189,260,692,42,79,0
113,190,260,692,1558,1707,0
113,191,260,692,177,1143,0
113,192,260,692,2585,1501,0
113,193,260,692,888,374,0
113,194,260,692,263,2834,0
113,195,260,692,1595,2302,0
114,0,1967,1969,434,320,0
114,1,1967,1969,571,1612,0
114,2,1967,1969,135,2521,0
114,3,1967,1969,1047,2342,0
114,4,1967,1969,1231,1324,0
114,5,1967,1969,675,751,0
114,6,1967,1969,1122,987,0
114,7,1967,1969,242,2916,0
114,8,1967,1969,1743,2319,0
114,9,1967,1969,2618,754,0
114,10,1967,1969,2910,1478,0
114,11,1967,1969,2108,832,0
114,12,1967,1969,2,1143,0
114,13,1967,1969,1115,2279,0
114,14,1967,1969,1977,415,0
114,15,1967,1969,2226,1439,0
114,16,1967,1969,2325,1601,0
114,17,1967,1969,2489,1612,0
114,18,1967,1969,488,2077,0
114,19,1967,1969,1366,798,0
114,20,1967,1969,190,1364,0
114,21,1967,1969,2898,1873,0
114,22,1967,1969,2802,484,0
114,23,1967,1969,1769,1361,0
114,24,1967,1969,1719,2907,0
114,25,1967,1969,203,816,0
114,26,1967,1969,1401,1966,0
114,27,1967,1969,565,2022,0
114,28,1967,1969,2418,1484,0
114,29,1967,1969,2744,2458,0
114,30,1967,1969,2840,2909,0
114,31,1967,1969,2633,2565,0
114,32,1967,1969,2705,1885,0
114,33,1967,1969,2153,2262,0
114,34,1967,1969,387,708,0
114,35,1967,1969,2510,1697,0
114,36,1967,1969,648,2898,0
114,37,1967,1969,652,1817,0
114,38,1967,1969,1578,698,0
114,39,1967,1969,2296,2101,0
114,40,1967,1969,1931,2689,0
114,41,1967,1969,526,1595,0
114,42,1967,1969,2293,1825,0
114,43,1967,1969,533,1404,0
114,44,1967,1969,2655,608,0
114,45,1967,1969,1891,927,0
114,46,1967,1969,362,551,0
114,47,1967,1969,517,432,0
114,48,1967,1969,554,2611,0
114,49,1967,1969,2495,1015,0
114,50,1967,1969,582,952,0
114,51,1967,1969,2325,1655,0
114,52,1967,1969,627,564,0
114,53,1967,1969,118,1718,0
114,54,1967,1969,1703,700,0
114,55,1967,1969,1698,1595,0
114,56,1967,1969,2867,2916,0
114,57,1967,1969,2436,1514,0
114,58,1967,1969,2012,2768,0
114,59,1967,1969,2307,1019,0
114,60,1967,1969,59,2441,0
114,61,1967,1969,1399,1108,0
114,62,1967,1969,2643,1912,0
114,63,1967,1969,2219,2119,0
114,64,1967,1969,2401,2202,0
114,65,1967,1969,387,1838,0
114,66,1967,1969,1601,1532,0
114,67,1967,1969,2837,72,0
114,68,1967,1969,1391,2951,0
114,69,1967,1969,595,1317,0
114,70,1967,1969,2920,540,0
114,71,1967,1969,2816,2465,0
114,72,1967,1969,2231,1907,0
114,73,1967,1969,1470,2429,0
114,74,1967,1969,2847,1382,0
114,75,1967,1969,1398,2370,0
114,76,1967,1969,1762,2756,0
114,77,1967,1969,95,1819,0
114,78,1967,1969,2814,2784,0
114,79,1967,1969,2728,847,0
114,80,1967,1969,1380,2542,0
114,81,1967,1969,1722,2778,0
114,82,1967,1969,2181,2634,0
114,83,1967,1969,2405,2720,0
114,84,1967,1969,2862,2797,0
114,85,1967,1969,598,2000,0
114,86,1967,1969,2675,1916,0
114,87,1967,1969,2094,513,0
114,88,1967,1969,89,2129,0
114,89,1967,1969,1347,973,0
114,90,1967,1969,1412,647,0
114,91,1967,1969,2716,1699,0
114,92,1967,1969,2679,301,0
114,93,1967,1969,2086,1982,0
114,94,1967,1969,750,2399,0
114,95,1967,1969,503,2249,0
114,96,1967,1969,1529,2820,0
114,97,1967,1969,116,1176,0
114,98,1967,1969,692,2813,0
114,99,1967,1969,231,639,0
114,100,1967,1969,2740,2598,0
114,101,1967,1969,224,2208,0
114,102,1967,1969,1683,724,0
114,103,1967,1969,1276,2330,0
114,104,1967,1969,107,933,0
114,105,1967,1969,1480,2153,0
114,106,1967,1969,891,1933,0
114,107,1967,1969,2849,2170,0
114,108,1967,1969,1226,2205,0
114,109,1967,1969,1117,460,0
114,110,1967,1969,1597,111,0
114,111,1967,1969,2174,2704,0
114,112,1967,1969,811,90,0
114,113,1967,1969,260,692,0
114,115,1967,1969,1133,2946,0
114,116,1967,1969,786,2901,0
114,117,1967,1969,312,1389,0
114,118,1967,1969,2476,340,0
114,119,1967,1969,2362,2436,0
114,120,1967,1969,1679,1396,0
114,121,1967,1969,2646,1977,0
114,122,1967,1969,1769,2613,0
114,123,1967,1969,636,2906,0
114,124,1967,1969,2503,2888,0
114,125,1967,1969,727,2051,0
114,126,1967,1969,339,2092,0
114,127,1967,1969,2559,1995,0
114,128,1967,1969,1491,2896,0
114,129,1967,1969,2256,1576,0
114,130,1967,1969,335,2848,0
114,131,1967,1969,1279,994,0
114,132,1967,1969,191,2042,0
114,133,1967,1969,2815,2594,0
114,134,1967,1969,1341,659,0
114,135,1967,1969,202,1952,0
114,136,1967,1969,2049,235,0
114,137,1967,1969,949,365,0
114,138,1967,1969,442,484,0
114,139,1967,1969,1496,989,0
114,140,1967,1969,1432,2260,0
114,141,1967,1969,378,1386,0
114,142,1967,1969,251,778,0
114,143,1967,1969,483,113,0
114,144,1967,1969,2426,100,0
114,145,1967,1969,2388,1563,0
114,146,1967,1969,2427,2993,0
114,147,1967,1969,1415,940,0
114,148,1967,1969,40,1221,0
114,149,1967,1969,415,137,0
114,150,1967,1969,256,2140,0
114,151,1967,1969,90,1522,0
114,152,1967,1969,1589,989,0
114,153,1967,1969,341,205,0
114,154,1967,1969,883,1339,0
114,155,1967,1969,280,1464,0
114,156,1967,1969,1201,2822,0
114,157,1967,1969,2942,1389,0
114,158,1967,1969,1138,2750,0
114,159,1967,1969,2639,1778,0
114,160,1967,1969,662,429,0
114,161,1967,1969,652,7,0
114,162,1967,1969,2034,2057,1
114,163,1967,1969,2854,2051,0
114,164,1967,1969,1441,1791,0
114,165,1967,1969,2428,256,0
114,166,1967,1969,112,2528,0
114,167,1967,1969,2873,2538,0
114,168,1967,1969,2900,823,0
114,169,1967,1969,263,2591,0
114,170,1967,1969,486,2698,0
114,171,1967,1969,568,150,0
114,172,1967,1969,1194,2604,0
114,173,1967,1969,1563,2193,0
114,174,1967,1969,882,2764,0
114,175,1967,1969,1800,2849,0
114,176,1967,1969,58,2694,0
114,177,1967,1969,2845,282,0
114,178,1967,1969,2776,2400,0
114,179,1967,1969,2493,1574,0
114,180,1967,1969,1075,1910,0
114,181,1967,1969,449,428,0
114,182,1967,1969,2039,1945,0
114,183,1967,1969,2887,271,0
114,184,1967,1969,1400,2901,0
114,185,1967,1969,2908,1118,0
114,186,1967,1969,1650,1604,0
114,187,1967,1969,2331,1718,0
114,188,1967,1969,1439,133,0
114,189,1967,1969,42,79,0
114,190,1967,1969,1558,1707,0
114,191,1967,1969,177,1143,0
114,192,1967,1969,2585,1501,0
114,193,1967,1969,888,374,0
114,194,1967,1969,263,2834,0
114,195,1967,1969,1595,2302,0
115,0,1133,2946,434,320,0
115,1,1133,2946,571,1612,0
115,2,1133,2946,135,2521,0
115,3,1133,2946,1047,2342,0
115,4,1133,2946,1231,1324,0
115,5,1133,2946,675,751,0
115,6,1133,2946,1122,987,0
115,7,1133,2946,242,2916,0
115,8,1133,2946,1743,2319,0
115,9,1133,2946,2618,754,0
115,10,1133,2946,2910,1478,0
115,11,1133,2946,2108,832,0
115,12,1133,2946,2,1143,0
115,13,1133,2946,1115,2279,0
115,14,1133,2946,1977,415,0
115,15,1133,2946,2226,1439,0
115,16,1133,2946,2325,1601,0
115,17,1133,2946,2489,1612,0
115,18,1133,2946,488,2077,0
115,19,1133,2946,1366,798,0
115,20,1133,2946,190,1364,0
115,21,1133,2946,2898,1873,0
115,22,1133,2946,2802,484,0
115,23,1133,2946,1769,1361,0
115,24,1133,2946,1719,2907,0
115,25,1133,2946,203,816,0
115,26,1133,2946,1401,1966,0
115,27,1133,2946,565,2022,0
115,28,1133,2946,2418,1484,0
115,29,1133,2946,2744,2458,0
115,30,1133,2946,2840,2909,0
115,31,1133,2946,2633,2565,0
115,32,1133,2946,2705,1885,0
115,33,1133,2946,2153,2262,0
115,34,1133,2946,387,708,0
115,35,1133,2946,2510,1697,0
115,36,1133,2946,648,2898,0
115,37,1133,2946,652,1817,0
115,38,1133,2946,1578,698,0
115,39,1133,2946,2296,2101,0
115,40,1133,2946,1931,2689,0
115,41,1133,2946,526,1595,0
115,42,1133,2946,2293,1825,0
115,43,1133,2946,533,1404,0
115,44,1133,2946,2655,608,0
115,45,1133,2946,1891,927,0
115,46,1133,2946,362,551,0
115,47,1133,2946,517,432,0
115,48,1133,2946,554,2611,0
115,49,1133,2946,2495,1015,0
115,50,1133,2946,582,952,0
115,51,1133,2946,2325,1655,0
115,52,1133,2946,627,564,0
115,53,1133,2946,118,1718,0
115,54,1133,2946,1703,700,0
115,55,1133,2946,1698,1595,0
115,56,1133,2946,2867,2916,0
115,57,1133,2946,2436,1514,0
115,58,1133,2946,2012,2768,0
115,59,1133,2946,2307,1019,0
115,60,1133,2946,59,2441,0
115,61,1133,2946,1399,1108,0
115,62,1133,2946,2643,1912,0
115,63,1133,2946,2219,2119,0
115,64,1133,2946,2401,2202,0
115,65,1133,2946,387,1838,0
115,66,1133,2946,1601,1532,0
115,67,1133,2946,2837,72,0
115,68,1133,2946,1391,2951,0
115,69,1133,2946,595,1317,0
115,70,1133,2946,2920,540,0
115,71,1133,2946,2816,2465,0
115,72,1133,2946,2231,1907,0
115,73,1133,2946,1470,2429,0
115,74,1133,2946,2847,1382,0
115,75,1133,2946,1398,2370,0
115,76,1133,2946,1762,2756,0
115,77,1133,2946,95,1819,0
115,78,1133,2946,2814,2784,0
115,79,1133,2946,2728,847,0
115,80,1133,2946,1380,2542,0
115,81,1133,2946,1722,2778,0
115,82,1133,2946,2181,2634,0
115,83,1133,2946,2405,2720,0
115,84,1133,2946,2862,2797,0
115,85,1133,2946,598,2000,0
115,86,1133,2946,2675,1916,0
115,87,1133,2946,2094,513,0
115,88,1133,2946,89,2129,0
115,89,1133,2946,1347,973,0
115,90,1133,2946,1412,647,0
115,91,1133,2946,2716,1699,0
115,92,1133,2946,2679,301,0
115,93,1133,2946,2086,1982,0
115,94,1133,2946,750,2399,0
115,95,1133,2946,503,2249,0
115,96,1133,2946,1529,2820,0
115,97,1133,2946,116,1176,0
115,98,1133,2946,692,2813,0
115,99,1133,2946,231,639,0
115,100,1133,2946,2740,2598,0
115,101,1133,2946,224,2208,0
115,102,1133,2946,1683,724,0
115,103,1133,2946,1276,2330,0
115,104,1133,2946,107,933,0
115,105,1133,2946,1480,2153,0
115,106,1133,2946,891,1933,0
115,107,1133,2946,2849,2170,0
115,108,1133,2946,1226,2205,0
115,109,1133,2946,1117,460,0
115,110,1133,2946,1597,111,0
115,111,1133,2946,2174,2704,0
115,112,1133,2946,811,90,0
115,113,1133,2946,260,692,0
115,114,1133,2946,1967,1969,0
115,116,1133,2946,786,2901,0
115,117,1133,2946,312,1389,0
115,118,1133,2946,2476,340,0
115,119,1133,2946,2362,2436,0
115,120,1133,2946,1679,1396,0
115,121,1133,2946,2646,1977,0
115,122,1133,2946,1769,2613,0
115,123,1133,2946,636,2906,0
115,124,1133,2946,2503,2888,0
115,125,1133,2946,727,2051,0
115,126,1133,2946,339,2092,0
115,127,1133,2946,2559,1995,0
115,128,1133,2946,1491,2896,0
115,129,1133,2946,2256,1576,0
115,130,1133,2946,335,2848,0
115,131,1133,2946,1279,994,0
115,132,1133,2946,191,2042,0
115,133,1133,2946,2815,2594,0
115,134,1133,2946,1341,659,0
115,135,1133,2946,202,1952,0
115,136,1133,2946,2049,235,0
115,137,1133,2946,949,365,0
115,138,1133,2946,442,484,0
115,139,1133,2946,1496,989,0
115,140,1133,2946,1432,2260,0
115,141,1133,2946,378,1386,0
115,142,1133,2946,251,778,0
115,143,1133,2946,483,113,0
115,144,1133,2946,2426,100,0
115,145,1133,2946,2388,1563,0
115,146,1133,2946,2427,2993,0
115,147,1133,2946,1415,940,0
115,148,1133,2946,40,1221,0
115,149,1133,2946,415,137,0
115,150,1133,2946,256,2140,0
115,151,1133,2946,90,1522,0
115,152,1133,2946,1589,989,0
115,153,1133,2946,341,205,0
115,154,1133,2946,883,1339,0
115,155,1133,2946,280,1464,0
115,156,1133,2946,1201,2822,1
115,157,1133,2946,2942,1389,0
115,158,1133,2946,1138,2750,0
115,159,1133,2946,2639,1778,0
115,160,1133,2946,662,429,0
115,161,1133,2946,652,7,0
115,162,1133,2946,2034,2057,0
115,163,1133,2946,2854,2051,0
115,164,1133,2946,1441,1791,0
115,165,1133,2946,2428,256,0
115,166,1133,2946,112,2528,0
115,167,1133,2946,2873,2538,0
115,168,1133,2946,2900,823,0
115,169,1133,2946,263,2591,0
115,170,1133,2946,486,2698,0
115,171,1133,2946,568,150,0
115,172,1133,2946,1194,2604,0
115,173,1133,2946,1563,2193,0
115,174,1133,2946,882,2764,0
115,175,1133,2946,1800,2849,0
115,176,1133,2946,58,2694,0
115,177,1133,2946,2845,282,0
115,178,1133,2946,2776,2400,0
115,179,1133,2946,2493,1574,0
115,180,1133,2946,1075,1910,0
115,181,1133,2946,449,428,0
115,182,1133,2946,2039,1945,0
115,183,1133,2946,2887,271,0
115,184,1133,2946,1400,2901,0
115,185,1133,2946,2908,1118,0
115,186,1133,2946,1650,1604,0
115,187,1133,2946,2331,1718,0
115,188,1133,2946,1439,133,0
115,189,1133,2946,42,79,0
115,190,1133,2946,1558,1707,0
115,191,1133,2946,177,1143,0
115,192,1133,2946,2585,1501,0
115,193,1133,2946,888,374,0
115,194,1133,2946,263,2834,0
115,195,1133,2946,1595,2302,0
116,0,786,2901,434,320,0
116,1,786,2901,571,1612,0
116,2,786,2901,135,2521,0
116,3,786,2901,1047,2342,0
116,4,786,2901,1231,1324,0
116,5,786,2901,675,751,0
116,6,786,2901,1122,987,0
116,7,786,2901,242,2916,0
116,8,786,2901,1743,2319,0
116,9,786,2901,2618,754,0
116,10,786,2901,2910,1478,0
116,11,786,2901,2108,832,0
116,12,786,2901,2,1143,0
116,13,786,2901,1115,2279,0
116,14,786,2901,1977,415,0
116,15,786,2901,2226,1439,0
116,16,786,2901,2325,1601,0
116,17,786,2901,2489,1612,0
116,18,786,2901,488,2077,0
116,19,786,2901,1366,798,0
116,20,786,2901,190,1364,0
116,21,786,2901,2898,1873,0
116,22,786,2901,2802,484,0
116,23,786,2901,1769,1361,0
116,24,786,2901,1719,2907,0
116,25,786,2901,203,816,0
116,26,786,2901,1401,1966,0
116,27,786,2901,565,2022,0
116,28,786,2901,2418,1484,0
116,29,786,2901,2744,2458,0
116,30,786,2901,2840,2909,0
116,31,786,2901,2633,2565,0
116,32,786,2901,2705,1885,0
116,33,786,2901,2153,2262,0
116,34,786,2901,387,708,0
116,35,786,2901,2510,1697,0
116,36,786,2901,648,2898,0
116,37,786,2901,652,1817,0
116,38,786,2901,1578,698,0
116,39,786,2901,2296,2101,0
116,40,786,2901,1931,2689,0
116,41,786,2901,526,1595,0
116,42,786,2901,2293,1825,0
116,43,786,2901,533,1404,0
116,44,786,2901,2655,608,0
116,45,786,2901,1891,927,0
116,46,786,2901,362,551,0
116,47,786,2901,517,432,0
116,48,786,2901,554,2611,0
116,49,786,2901,2495,1015,0
116,50,786,2901,582,952,0
116,51,786,2901,2325,1655,0
116,52,786,2901,627,564,0
116,53,786,2901,118,1718,0
116,54,786,2901,1703,700,0
116,55,786,2901,1698,1595,0
116,56,786,2901,2867,2916,0
116,57,786,2901,2436,1514,0
116,58,786,2901,2012,2768,0
116,59,786,2901,2307,1019,0
116,60,786,2901,59,2441,0
116,61,786,2901,1399,1108,0
116,62,786,2901,2643,1912,0
116,63,786,2901,2219,2119,0
116,64,786,2901,2401,2202,0
116,65,786,2901,387,1838,0
116,66,786,2901,1601,1532,0
116,67,786,2901,2837,72,0
116,68,786,2901,1391,2951,0
116,69,786,2901,595,1317,0
116,70,786,2901,2920,540,0
116,71,786,2901,2816,2465,0
116,72,786,2901,2231,1907,0
116,73,786,2901,1470,2429,0
116,74,786,2901,2847,1382,0
116,75,786,2901,1398,2370,0
116,76,786,2901,1762,2756,0
116,77,786,2901,95,1819,0
116,78,786,2901,2814,2784,0
116,79,786,2901,2728,847,0
116,80,786,2901,1380,2542,0
116,81,786,2901,1722,2778,0
116,82,786,2901,2181,2634,0
116,83,786,2901,2405,2720,0
116,84,786,2901,2862,2797,0
116,85,786,2901,598,2000,0
116,86,786,2901,2675,1916,0
116,87,786,2901,2094,513,0
116,88,786,2901,89,2129,0
116,89,786,2901,1347,973,0
116,90,786,2901,1412,647,0
116,91,786,2901,2716,1699,0
116,92,786,2901,2679,301,0
116,93,786,2901,2086,1982,0
116,94,786,2901,750,2399,0
116,95,786,2901,503,2249,0
116,96,786,2901,1529,2820,0
116,97,786,2901,116,1176,0
116,98,786,2901,692,2813,0
116,99,786,2901,231,639,0
116,100,786,2901,2740,2598,0
116,101,786,2901,224,2208,0
116,102,786,2901,1683,724,0
116,103,786,2901,1276,2330,0
116,104,786,2901,107,933,0
116,105,786,2901,1480,2153,0
116,106,786,2901,891,1933,0
116,107,786,2901,2849,2170,0
116,108,786,2901,1226,2205,0
116,109,786,2901,1117,460,0
116,110,786,2901,1597,111,0
116,111,786,2901,2174,2704,0
116,112,786,2901,811,90,0
116,113,786,2901,260,692,0
116,114,786,2901,1967,1969,0
116,115,786,2901,1133,2946,0
116,117,786,2901,312,1389,0
116,118,786,2901,2476,340,0
116,119,786,2901,2362,2436,0
116,120,786,2901,1679,1396,0
116,121,786,2901,2646,1977,0
116,122,786,2901,1769,2613,0
116,123,786,2901,636,2906,1
116,124,786,2901,2503,2888,0
116,125,786,2901,727,2051,0
116,126,786,2901,339,2092,0
116,127,786,2901,2559,1995,0
116,128,786,2901,1491,2896,0
116,129,786,2901,2256,1576,0
116,130,786,2901,335,2848,0
116,131,786,2901,1279,994,0
116,132,786,2901,191,2042,0
116,133,786,2901,2815,2594,0
116,134,786,2901,1341,659,0
116,135,786,2901,202,1952,0
116,136,786,2901,2049,235,0
116,137,786,2901,949,365,0
116,138,786,2901,442,484,0
116,139,786,2901,1496,989,0
116,140,786,2901,1432,2260,0
116,141,786,2901,378,1386,0
116,142,786,2901,251,778,0
116,143,786,2901,483,113,0
116,144,786,2901,2426,100,0
116,145,786,2901,2388,1563,0
116,146,786,2901,2427,2993,0
116,147,786,2901,1415,940,0
116,148,786,2901,40,1221,0
116,149,786,2901,415,137,0
116,150,786,2901,256,2140,0
116,151,786,2901,90,1522,0
116,152,786,2901,1589,989,0
116,153,786,2901,341,205,0
116,154,786,2901,883,1339,0
116,155,786,2901,280,1464,0
116,156,786,2901,1201,2822,0
116,157,786,2901,2942,1389,0
116,158,786,2901,1138,2750,0
116,159,786,2901,2639,1778,0
116,160,786,2901,662,429,0
116,161,786,2901,652,7,0
116,162,786,2901,2034,2057,0
116,163,786,2901,2854,2051,0
116,164,786,2901,1441,1791,0
116,165,786,2901,2428,256,0
116,166,786,2901,112,2528,0
116,167,786,2901,2873,2538,0
116,168,786,2901,2900,823,0
116,169,786,2901,263,2591,0
116,170,786,2901,486,2698,0
116,171,786,2901,568,150,0
116,172,786,2901,1194,2604,0
116,173,786,2901,1563,2193,0
116,174,786,2901,882,2764,0
116,175,786,2901,1800,2849,0
116,176,786,2901,58,2694,0
116,177,786,2901,2845,282,0
116,178,786,2901,2776,2400,0
116,179,786,2901,2493,1574,0
116,180,786,2901,1075,1910,0
116,181,786,2901,449,428,0
116,182,786,2901,2039,1945,0
116,183,786,2901,2887,271,0
116,184,786,2901,1400,2901,0
116,185,786,2901,2908,1118,0
116,186,786,2901,1650,1604,0
116,187,786,2901,2331,1718,0
116,188,786,2901,1439,133,0
116,189,786,2901,42,79,0
116,190,786,2901,1558,1707,0
116,191,786,2901,177,1143,0
116,192,786,2901,2585,1501,0
116,193,786,2901,888,374,0
116,194,786,2901,263,2834,0
116,195,786,2901,1595,2302,0
117,0,312,1389,434,320,0
117,1,312,1389,571,1612,0
117,2,312,1389,135,2521,0
117,3,312,1389,1047,2342,0
117,4,312,1389,1231,1324,0
117,5,312,1389,675,751,0
117,6,312,1389,1122,987,0
117,7,312,1389,242,2916,0
117,8,312,1389,1743,2319,0
117,9,312,1389,2618,754,0
117,10,312,1389,2910,1478,0
117,11,312,1389,2108,832,0
117,12,312,1389,2,1143,0
117,13,312,1389,1115,2279,0
117,14,312,1389,1977,415,0
117,15,312,1389,2226,1439,0
117,16,312,1389,2325,1601,0
117,17,312,1389,2489,1612,0
117,18,312,1389,488,2077,0
117,19,312,1389,1366,798,0
117,20,312,1389,190,1364,1
117,21,312,1389,2898,1873,0
117,22,312,1389,2802,484,0
117,23,312,1389,1769,1361,0
117,24,312,1389,1719,2907,0
117,25,312,1389,203,816,0
117,26,312,1389,1401,1966,0
117,27,312,1389,565,2022,0
117,28,312,1389,2418,1484,0
117,29,312,1389,2744,2458,0
117,30,312,1389,2840,2909,0
117,31,312,1389,2633,2565,0
117,32,312,1389,2705,1885,0
117,33,312,1389,2153,2262,0
117,34,312,1389,387,708,0
117,35,312,1389,2510,1697,0
117,36,312,1389,648,2898,0
117,37,312,1389,652,1817,0
117,38,312,1389,1578,698,0
117,39,312,1389,2296,2101,0
117,40,312,1389,1931,2689,0
117,41,312,1389,526,1595,0
117,42,312,1389,2293,1825,0
117,43,312,1389,533,1404,0
117,44,312,1389,2655,608,0
117,45,312,1389,1891,927,0
117,46,312,1389,362,551,0
117,47,312,1389,517,432,0
117,48,312,1389,554,2611,0
117,49,312,1389,2495,1015,0
117,50,312,1389,582,952,0
117,51,312,1389,2325,1655,0
117,52,312,1389,627,564,0
117,53,312,1389,118,1718,0
117,54,312,1389,1703,700,0
117,55,312,1389,1698,1595,0
117,56,312,1389,2867,2916,0
117,57,312,1389,2436,1514,0
117,58,312,1389,2012,2768,0
117,59,312,1389,2307,1019,0
117,60,312,1389,59,2441,0
117,61,312,1389,1399,1108,0
117,62,312,1389,2643,1912,0
117,63,312,1389,2219,2119,0
117,64,312,1389,2401,2202,0
117,65,312,1389,387,1838,0
117,66,312,1389,1601,1532,0
117,67,312,1389,2837,72,0
117,68,312,1389,1391,2951,0
117,69,312,1389,595,1317,0
117,70,312,1389,2920,540,0
117,71,312,1389,2816,2465,0
117,72,312,1389,2231,1907,0
117,73,312,1389,1470,2429,0
117,74,312,1389,2847,1382,0
117,75,312,1389,1398,2370,0
117,76,312,1389,1762,2756,0
117,77,312,1389,95,1819,0
117,78,312,1389,2814,2784,0
117,79,312,1389,2728,847,0
117,80,312,1389,1380,2542,0
117,81,312,1389,1722,2778,0
117,82,312,1389,2181,2634,0
117,83,312,1389,2405,2720,0
117,84,312,1389,2862,2797,0
117,85,312,1389,598,2000,0
117,86,312,1389,2675,1916,0
117,87,312,1389,2094,513,0
117,88,312,1389,89,2129,0
117,89,312,1389,1347,973,0
117,90,312,1389,1412,647,0
117,91,312,1389,2716,1699,0
117,92,312,1389,2679,301,0
117,93,312,1389,2086,1982,0
117,94,312,1389,750,2399,0
117,95,312,1389,503,2249,0
117,96,312,1389,1529,2820,0
117,97,312,1389,116,1176,0
117,98,312,1389,692,2813,0
117,99,312,1389,231,639,0
117,100,312,1389,2740,2598,0
117,101,312,1389,224,2208,0
117,102,312,1389,1683,724,0
117,103,312,1389,1276,2330,0
117,104,312,1389,107,933,0
117,105,312,1389,1480,2153,0
117,106,312,1389,891,1933,0
117,107,312,1389,2849,2170,0
117,108,312,1389,1226,2205,0
117,109,312,1389,1117,460,0
117,110,312,1389,1597,111,0
117,111,312,1389,2174,2704,0
117,112,312,1389,811,90,0
117,113,312,1389,260,692,0
117,114,312,1389,1967,1969,0
117,115,312,1389,1133,2946,0
117,116,312,1389,786,2901,0
117,118,312,1389,2476,340,0
117,119,312,1389,2362,2436,0
117,120,312,1389,1679,1396,0
117,121,312,1389,2646,1977,0
117,122,312,1389,1769,2613,0
117,123,312,1389,636,2906,0
117,124,312,1389,2503,2888,0
117,125,312,1389,727,2051,0
117,126,312,1389,339,2092,0
117,127,312,1389,2559,1995,0
117,128,312,1389,1491,2896,0
117,129,312,1389,2256,1576,0
117,130,312,1389,335,2848,0
117,131,312,1389,1279,994,0
117,132,312,1389,191,2042,0
117,133,312,1389,2815,2594,0
117,134,312,1389,1341,659,0
117,135,312,1389,202,1952,0
117,136,312,1389,2049,235,0
117,137,312,1389,949,365,0
117,138,312,1389,442,484,0
117,139,312,1389,1496,989,0
117,140,312,1389,1432,2260,0
117,141,312,1389,378,1386,0
117,142,312,1389,251,778,0
117,143,312,1389,483,113,0
117,144,312,1389,2426,100,0
117,145,312,1389,2388,1563,0
117,146,312,1389,2427,2993,0
117,147,312,1389,1415,940,0
117,148,312,1389,40,1221,0
117,149,312,1389,415,137,0
117,150,312,1389,256,2140,0
117,151,312,1389,90,1522,0
117,152,312,1389,1589,989,0
117,153,312,1389,341,205,0
117,154,312,1389,883,1339,0
117,155,312,1389,280,1464,0
117,156,312,1389,1201,2822,0
117,157,312,1389,2942,1389,0
117,158,312,1389,1138,2750,0
117,159,312,1389,2639,1778,0
117,160,312,1389,662,429,0
117,161,312,1389,652,7,0
117,162,312,1389,2034,2057,0
117,163,312,1389,2854,2051,0
117,164,312,1389,1441,1791,0
117,165,312,1389,2428,256,0
117,166,312,1389,112,2528,0
117,167,312,1389,2873,2538,0
117,168,312,1389,2900,823,0
117,169,312,1389,263,2591,0
117,170,312,1389,486,2698,0
117,171,312,1389,568,150,0
117,172,312,1389,1194,2604,0
117,173,312,1389,1563,2193,0
117,174,312,1389,882,2764,0
117,175,312,1389,1800,2849,0
117,176,312,1389,58,2694,0
117,177,312,1389,2845,282,0
117,178,312,1389,2776,2400,0
117,179,312,1389,2493,1574,0
117,180,312,1389,1075,1910,0
117,181,312,1389,449,428,0
117,182,312,1389,2039,1945,0
117,183,312,1389,2887,271,0
117,184,312,1389,1400,2901,0
117,185,312,1389,2908,1118,0
117,186,312,1389,1650,1604,0
117,187,312,1389,2331,1718,0
117,188,312,1389,1439,133,0
117,189,312,1389,42,79,0
117,190,312,1389,1558,1707,0
117,191,312,1389,177,1143,0
117,192,312,1389,2585,1501,0
117,193,312,1389,888,374,0
117,194,312,1389,263,2834,0
117,195,312,1389,1595,2302,0
118,0,2476,340,434,320,0
118,1,2476,340,571,1612,0
118,2,2476,340,135,2521,0
118,3,2476,340,1047,2342,0
118,4,2476,340,1231,1324,0
118,5,2476,340,675,751,0
118,6,2476,340,1122,987,0
118,7,2476,340,242,2916,0
118,8,2476,340,1743,2319,0
118,9,2476,340,2618,754,0
118,10,2476,340,2910,1478,0
118,11,2476,340,2108,832,0
118,12,2476,340,2,1143,0
118,13,2476,340,1115,2279,0
118,14,2476,340,1977,415,0
118,15,2476,340,2226,1439,0
118,16,2476,340,2325,1601,0
118,17,2476,340,2489,1612,0
118,18,2476,340,488,2077,0
118,19,2476,340,1366,798,0
118,20,2476,340,190,1364,0
118,21,2476,340,2898,1873,0
118,22,2476,340,2802,484,0
118,23,2476,340,1769,1361,0
118,24,2476,340,1719,2907,0
118,25,2476,340,203,816,0
118,26,2476,340,1401,1966,0
118,27,2476,340,565,2022,0
118,28,2476,340,2418,1484,0
118,29,2476,340,2744,2458,0
118,30,2476,340,2840,2909,0
118,31,2476,340,2633,2565,0
118,32,2476,340,2705,1885,0
118,33,2476,340,2153,2262,0
118,34,2476,340,387,708,0
118,35,2476,340,2510,1697,0
118,36,2476,340,648,2898,0
118,37,2476,340,652,1817,0
118,38,2476,340,1578,698,0
118,39,2476,340,2296,2101,0
118,40,2476,340,1931,2689,0
118,41,2476,340,526,1595,0
118,42,2476,340,2293,1825,0
118,43,2476,340,533,1404,0
118,44,2476,340,2655,608,0
118,45,2476,340,1891,927,0
118,46,2476,340,362,551,0
118,47,2476,340,517,432,0
118,48,2476,340,554,2611,0
118,49,2476,340,2495,1015,0
118,50,2476,340,582,952,0
118,51,2476,340,2325,1655,0
118,52,2476,340,627,564,0
118,53,2476,340,118,1718,0
118,54,2476,340,1703,700,0
118,55,2476,340,1698,1595,0
118,56,2476,340,2867,2916,0
118,57,2476,340,2436,1514,0
118,58,2476,340,2012,2768,0
118,59,2476,340,2307,1019,0
118,60,2476,340,59,2441,0
118,61,2476,340,1399,1108,0
118,62,2476,340,2643,1912,0
118,63,2476,340,2219,2119,0
118,64,2476,340,2401,2202,0
118,65,2476,340,387,1838,0
118,66,2476,340,1601,1532,0
118,67,2476,340,2837,72,0
118,68,2476,340,1391,2951,0
118,69,2476,340,595,1317,0
118,70,2476,340,2920,540,0
118,71,2476,340,2816,2465,0
118,72,2476,340,2231,1907,0
118,73,2476,340,1470,2429,0
118,74,2476,340,2847,1382,0
118,75,2476,340,1398,2370,0
118,76,2476,340,1762,2756,0
118,77,2476,340,95,1819,0
118,78,2476,340,2814,2784,0
118,79,2476,340,2728,847,0
118,80,2476,340,1380,2542,0
118,81,2476,340,1722,2778,0
118,82,2476,340,2181,2634,0
118,83,2476,340,2405,2720,0
118,84,2476,340,2862,2797,0
118,85,2476,340,598,2000,0
118,86,2476,340,2675,1916,0
118,87,2476,340,2094,513,0
118,88,2476,340,89,2129,0
118,89,2476,340,1347,973,0
118,90,2476,340,1412,647,0
118,91,2476,340,2716,1699,0
118,92,2476,340,2679,301,0
118,93,2476,340,2086,1982,0
118,94,2476,340,750,2399,0
118,95,2476,340,503,2249,0
118,96,2476,340,1529,2820,0
118,97,2476,340,116,1176,0
118,98,2476,340,692,2813,0
118,99,2476,340,231,639,0
118,100,2476,340,2740,2598,0
118,101,2476,340,224,2208,0
118,102,2476,340,1683,724,0
118,103,2476,340,1276,2330,0
118,104,2476,340,107,933,0
118,105,2476,340,1480,2153,0
118,106,2476,340,891,1933,0
118,107,2476,340,2849,2170,0
118,108,2476,340,1226,2205,0
118,109,2476,340,1117,460,0
118,110,2476,340,1597,111,0
118,111,2476,340,2174,2704,0
118,112,2476,340,811,90,0
118,113,2476,340,260,692,0
118,114,2476,340,1967,1969,0
118,115,2476,340,1133,2946,0
118,116,2476,340,786,2901,0
118,117,2476,340,312,1389,0
118,119,2476,340,2362,2436,0
118,120,2476,340,1679,1396,0
118,121,2476,340,2646,1977,0
118,122,2476,340,1769,2613,0
118,123,2476,340,636,2906,0
118,124,2476,340,2503,2888,0
118,125,2476,340,727,2051,0
118,126,2476,340,339,2092,0
118,127,2476,340,2559,1995,0
118,128,2476,340,1491,2896,0
118,129,2476,340,2256,1576,0
118,130,2476,340,335,2848,0
118,131,2476,340,1279,994,0
118,132,2476,340,191,2042,0
118,133,2476,340,2815,2594,0
118,134,2476,340,1341,659,0
118,135,2476,340,202,1952,0
118,136,2476,340,2049,235,0
118,137,2476,340,949,365,0
118,138,2476,340,442,484,0
118,139,2476,340,1496,989,0
118,140,2476,340,1432,2260,0
118,141,2476,340,378,1386,0
118,142,2476,340,251,778,0
118,143,2476,340,483,113,0
118,144,2476,340,2426,100,0
118,145,2476,340,2388,1563,0
118,146,2476,340,2427,2993,0
118,147,2476,340,1415,940,0
118,148,2476,340,40,1221,0
118,149,2476,340,415,137,0
118,150,2476,340,256,2140,0
118,151,2476,340,90,1522,0
118,152,2476,340,1589,989,0
118,153,2476,340,341,205,0
118,154,2476,340,883,1339,0
118,155,2476,340,280,1464,0
118,156,2476,340,1201,2822,0
118,157,2476,340,2942,1389,0
118,158,2476,340,1138,2750,0
118,159,2476,340,2639,1778,0
118,160,2476,340,662,429,0
118,161,2476,340,652,7,0
118,162,2476,340,2034,2057,0
118,163,2476,340,2854,2051,0
118,164,2476,340,1441,1791,0
118,165,2476,340,2428,256,1
118,166,2476,340,112,2528,0
118,167,2476,340,2873,2538,0
118,168,2476,340,2900,823,0
118,169,2476,340,263,2591,0
118,170,2476,340,486,2698,0
118,171,2476,340,568,150,0
118,172,2476,340,1194,2604,0
118,173,2476,340,1563,2193,0
118,174,2476,340,882,2764,0
118,175,2476,340,1800,2849,0
118,176,2476,340,58,2694,0
118,177,2476,340,2845,282,0
118,178,2476,340,2776,2400,0
118,179,2476,340,2493,1574,0
118,180,2476,340,1075,1910,0
118,181,2476,340,449,428,0
118,182,2476,340,2039,1945,0
118,183,2476,340,2887,271,0
118,184,2476,340,1400,2901,0
118,185,2476,340,2908,1118,0
118,186,2476,340,1650,1604,0
118,187,2476,340,2331,1718,0
118,188,2476,340,1439,133,0
118,189,2476,340,42,79,0
118,190,2476,340,1558,1707,0
118,191,2476,340,177,1143,0
118,192,2476,340,2585,1501,0
118,193,2476,340,888,374,0
118,194,2476,340,263,2834,0
118,195,2476,340,1595,2302,0
119,0,2362,2436,434,320,0
119,1,2362,2436,571,1612,0
119,2,2362,2436,135,2521,0
119,3,2362,2436,1047,2342,0
119,4,2362,2436,1231,1324,0
119,5,2362,2436,675,751,0
119,6,2362,2436,1122,987,0
119,7,2362,2436,242,2916,0
119,8,2362,2436,1743,2319,0
119,9,2362,2436,2618,754,0
119,10,2362,2436,2910,1478,0
119,11,2362,2436,2108,832,0
119,12,2362,2436,2,1143,0
119,13,2362,2436,1115,2279,0
119,14,2362,2436,1977,415,0
119,15,2362,2436,2226,1439,0
119,16,2362,2436,2325,1601,0
119,17,2362,2436,2489,1612,0
119,18,2362,2436,488,2077,0
119,19,2362,2436,1366,798,0
119,20,2362,2436,190,1364,0
119,21,2362,2436,2898,1873,0
119,22,2362,2436,2802,484,0
119,23,2362,2436,1769,1361,0
119,24,2362,2436,1719,2907,0
119,25,2362,2436,203,816,0
119,26,2362,2436,1401,1966,0
119,27,2362,2436,565,2022,0
119,28,2362,2436,2418,1484,0
119,29,2362,2436,2744,2458,0
119,30,2362,2436,2840,2909,0
119,31,2362,2436,2633,2565,0
119,32,2362,2436,2705,1885,0
119,33,2362,2436,2153,2262,0
119,34,2362,2436,387,708,0
119,35,2362,2436,2510,1697,0
119,36,2362,2436,648,2898,0
119,37,2362,2436,652,1817,0
119,38,2362,2436,1578,698,0
119,39,2362,2436,2296,2101,0
119,40,2362,2436,1931,2689,0
119,41,2362,2436,526,1595,0
119,42,2362,2436,2293,1825,0
119,43,2362,2436,533,1404,0
119,44,2362,2436,2655,608,0
119,45,2362,2436,1891,927,0
119,46,2362,2436,362,551,0
119,47,2362,2436,517,432,0
119,48,2362,2436,554,2611,0
119,49,2362,2436,2495,1015,0
119,50,2362,2436,582,952,0
119,51,2362,2436,2325,1655,0
119,52,2362,2436,627,564,0
119,53,2362,2436,118,1718,0
119,54,2362,2436,1703,700,0
119,55,2362,2436,1698,1595,0
119,56,2362,2436,2867,2916,0
119,57,2362,2436,2436,1514,0
119,58,2362,2436,2012,2768,0
119,59,2362,2436,2307,1019,0
119,60,2362,2436,59,2441,0
119,61,2362,2436,1399,1108,0
119,62,2362,2436,2643,1912,0
119,63,2362,2436,2219,2119,0
119,64,2362,2436,2401,2202,0
119,65,2362,2436,387,1838,0
119,66,2362,2436,1601,1532,0
119,67,2362,2436,2837,72,0
119,68,2362,2436,1391,2951,0
119,69,2362,2436,595,1317,0
119,70,2362,2436,2920,540,0
119,71,2362,2436,2816,2465,0
119,72,2362,2436,2231,1907,0
119,73,2362,2436,1470,2429,0
119,74,2362,2436,2847,1382,0
119,75,2362,2436,1398,2370,0
119,76,2362,2436,1762,2756,0
119,77,2362,2436,95,1819,0
119,78,2362,2436,2814,2784,0
119,79,2362,2436,2728,847,0
119,80,2362,2436,1380,2542,0
119,81,2362,2436,1722,2778,0
119,82,2362,2436,2181,2634,1
119,83,2362,2436,2405,2720,0
119,84,2362,2436,2862,2797,0
119,85,2362,2436,598,2000,0
119,86,2362,2436,2675,1916,0
119,87,2362,2436,2094,513,0
119,88,2362,2436,89,2129,0
119,89,2362,2436,1347,973,0
119,90,2362,2436,1412,647,0
119,91,2362,2436,2716,1699,0
119,92,2362,2436,2679,301,0
119,93,2362,2436,2086,1982,0
119,94,2362,2436,750,2399,0
119,95,2362,2436,503,2249,0
119,96,2362,2436,1529,2820,0
119,97,2362,2436,116,1176,0
119,98,2362,2436,692,2813,0
119,99,2362,2436,231,639,0
119,100,2362,2436,2740,2598,0
119,101,2362,2436,224,2208,0
119,102,2362,2436,1683,724,0
119,103,2362,2436,1276,2330,0
119,104,2362,2436,107,933,0
119,105,2362,2436,1480,2153,0
119,106,2362,2436,891,1933,0
119,107,2362,2436,2849,2170,0
119,108,2362,2436,1226,2205,0
119,109,2362,2436,1117,460,0
119,110,2362,2436,1597,111,0
119,111,2362,2436,2174,2704,0
119,112,2362,2436,811,90,0
119,113,2362,2436,260,692,0
119,114,2362,2436,1967,1969,0
119,115,2362,2436,1133,2946,0
119,116,2362,2436,786,2901,0
119,117,2362,2436,312,1389,0
119,118,2362,2436,2476,340,0
119,120,2362,2436,1679,1396,0
119,121,2362,2436,2646,1977,0
119,122,2362,2436,1769,2613,0
119,123,2362,2436,636,2906,0
119,124,2362,2436,2503,2888,0
119,125,2362,2436,727,2051,0
119,126,2362,2436,339,2092,0
119,127,2362,2436,2559,1995,0
119,128,2362,2436,1491,2896,0
119,129,2362,2436,2256,1576,0
119,130,2362,2436,335,2848,0
119,131,2362,2436,1279,994,0
119,132,2362,2436,191,2042,0
119,133,2362,2436,2815,2594,0
119,134,2362,2436,1341,659,0
119,135,2362,2436,202,1952,0
119,136,2362,2436,2049,235,0
119,137,2362,2436,949,365,0
119,138,2362,2436,442,484,0
119,139,2362,2436,1496,989,0
119,140,2362,2436,1432,2260,0
119,141,2362,2436,378,1386,0
119,142,2362,2436,251,778,0
119,143,2362,2436,483,113,0
119,144,2362,2436,2426,100,0
119,145,2362,2436,2388,1563,0
119,146,2362,2436,2427,2993,0
119,147,2362,2436,1415,940,0
119,148,2362,2436,40,1221,0
119,149,2362,2436,415,137,0
119,150,2362,2436,256,2140,0
119,151,2362,2436,90,1522,0
119,152,2362,2436,1589,989,0
119,153,2362,2436,341,205,0
119,154,2362,2436,883,1339,0
119,155,2362,2436,280,1464,0
119,156,2362,2436,1201,2822,0
119,157,2362,2436,2942,1389,0
119,158,2362,2436,1138,2750,0
119,159,2362,2436,2639,1778,0
119,160,2362,2436,662,429,0
119,161,2362,2436,652,7,0
119,162,2362,2436,2034,2057,0
119,163,2362,2436,2854,2051,0
119,164,2362,2436,1441,1791,0
119,165,2362,2436,2428,256,0
119,166,2362,2436,112,2528,0
119,167,2362,2436,2873,2538,0
119,168,2362,2436,2900,823,0
119,169,2362,2436,263,2591,0
119,170,2362,2436,486,2698,0
119,171,2362,2436,568,150,0
119,172,2362,2436,1194,2604,0
119,173,2362,2436,1563,2193,0
119,174,2362,2436,882,2764,0
119,175,2362,2436,1800,2849,0
119,176,2362,2436,58,2694,0
119,177,2362,2436,2845,282,0
119,178,2362,2436,2776,2400,0
119,179,2362,2436,2493,1574,0
119,180,2362,2436,1075,1910,0
119,181,2362,2436,449,428,0
119,182,2362,2436,2039,1945,0
119,183,2362,2436,2887,271,0
119,184,2362,2436,1400,2901,0
119,185,2362,2436,2908,1118,0
119,186,2362,2436,1650,1604,0
119,187,2362,2436,2331,1718,0
119,188,2362,2436,1439,133,0
119,189,2362,2436,42,79,0
119,190,2362,2436,1558,1707,0
119,191,2362,2436,177,1143,0
119,192,2362,2436,2585,1501,0
119,193,2362,2436,888,374,0
119,194,2362,2436,263,2834,0
119,195,2362,2436,1595,2302,0
120,0,1679,1396,434,320,0
120,1,1679,1396,571,1612,0
120,2,1679,1396,135,2521,0
120,3,1679,1396,1047,2342,0
120,4,1679,1396,1231,1324,0
120,5,1679,1396,675,751,0
120,6,1679,1396,1122,987,0
120,7,1679,1396,242,2916,0
120,8,1679,1396,1743,2319,0
120,9,1679,1396,2618,754,0
120,10,1679,1396,2910,1478,0
120,11,1679,1396,2108,832,0
120,12,1679,1396,2,1143,0
120,13,1679,1396,1115,2279,0
120,14,1679,1396,1977,415,0
120,15,1679,1396,2226,1439,0
120,16,1679,1396,2325,1601,0
120,17,1679,1396,2489,1612,0
120,18,1679,1396,488,2077,0
120,19,1679,1396,1366,798,0
120,20,1679,1396,190,1364,0
120,21,1679,1396,2898,1873,0
120,22,1679,1396,2802,484,0
120,23,1679,1396,1769,1361,1
120,24,1679,1396,1719,2907,0
120,25,1679,1396,203,816,0
120,26,1679,1396,1401,1966,0
120,27,1679,1396,565,2022,0
120,28,1679,1396,2418,1484,0
120,29,1679,1396,2744,2458,0
120,30,1679,1396,2840,2909,0
120,31,1679,1396,2633,2565,0
120,32,1679,1396,2705,1885,0
120,33,1679,1396,2153,2262,0
120,34,1679,1396,387,708,0
120,35,1679,1396,2510,1697,0
120,36,1679,1396,648,2898,0
120,37,1679,1396,652,1817,0
120,38,1679,1396,1578,698,0
120,39,1679,1396,2296,2101,0
120,40,1679,1396,1931,2689,0
120,41,1679,1396,526,1595,0
120,42,1679,1396,2293,1825,0
120,43,1679,1396,533,1404,0
120,44,1679,1396,2655,608,0
120,45,1679,1396,1891,927,0
120,46,1679,1396,362,551,0
120,47,1679,1396,517,432,0
120,48,1679,1396,554,2611,0
120,49,1679,1396,2495,1015,0
120,50,1679,1396,582,952,0
120,51,1679,1396,2325,1655,0
120,52,1679,1396,627,564,0
120,53,1679,1396,118,1718,0
120,54,1679,1396,1703,700,0
120,55,1679,1396,1698,1595,0
120,56,1679,1396,2867,2916,0
120,57,1679,1396,2436,1514,0
120,58,1679,1396,2012,2768,0
120,59,1679,1396,2307,1019,0
120,60,1679,1396,59,2441,0
120,61,1679,1396,1399,1108,0
120,62,1679,1396,2643,1912,0
120,63,1679,1396,2219,2119,0
120,64,1679,1396,2401,2202,0
120,65,1679,1396,387,1838,0
120,66,1679,1396,1601,1532,0
120,67,1679,1396,2837,72,0
120,68,1679,1396,1391,2951,0
120,69,1679,1396,595,1317,0
120,70,1679,1396,2920,540,0
120,71,1679,1396,2816,2465,0
120,72,1679,1396,2231,1907,0
120,73,1679,1396,1470,2429,0
120,74,1679,1396,2847,1382,0
120,75,1679,1396,1398,2370,0
120,76,1679,1396,1762,2756,0
120,77,1679,1396,95,1819,0
120,78,1679,1396,2814,2784,0
120,79,1679,1396,2728,847,0
120,80,1679,1396,1380,2542,0
120,81,1679,1396,1722,2778,0
120,82,1679,1396,2181,2634,0
120,83,1679,1396,2405,2720,0
120,84,1679,1396,2862,2797,0
120,85,1679,1396,598,2000,0
120,86,1679,1396,2675,1916,0
120,87,1679,1396,2094,513,0
120,88,1679,1396,89,2129,0
120,89,1679,1396,1347,973,0
120,90,1679,1396,1412,647,0
120,91,1679,1396,2716,1699,0
120,92,1679,1396,2679,301,0
120,93,1679,1396,2086,1982,0
120,94,1679,1396,750,2399,0
120,95,1679,1396,503,2249,0
120,96,1679,1396,1529,2820,0
120,97,1679,1396,116,1176,0
120,98,1679,1396,692,2813,0
120,99,1679,1396,231,639,0
120,100,1679,1396,2740,2598,0
120,101,1679,1396,224,2208,0
120,102,1679,1396,1683,724,0
120,103,1679,1396,1276,2330,0
120,104,1679,1396,107,933,0
120,105,1679,1396,1480,2153,0
120,106,1679,1396,891,1933,0
120,107,1679,1396,2849,2170,0
120,108,1679,1396,1226,2205,0
120,109,1679,1396,1117,460,0
120,110,1679,1396,1597,111,0
120,111,1679,1396,2174,2704,0
120,112,1679,1396,811,90,0
120,113,1679,1396,260,692,0
120,114,1679,1396,1967,1969,0
120,115,1679,1396,1133,2946,0
120,116,1679,1396,786,2901,0
120,117,1679,1396,312,1389,0
120,118,1679,1396,2476,340,0
120,119,1679,1396,2362,2436,0
120,121,1679,1396,2646,1977,0
120,122,1679,1396,1769,2613,0
120,123,1679,1396,636,2906,0
120,124,1679,1396,2503,2888,0
120,125,1679,1396,727,2051,0
120,126,1679,1396,339,2092,0
120,127,1679,1396,2559,1995,0
120,128,1679,1396,1491,2896,0
120,129,1679,1396,2256,1576,0
120,130,1679,1396,335,2848,0
120,131,1679,1396,1279,994,0
120,132,1679,1396,191,2042,0
120,133,1679,1396,2815,2594,0
120,134,1679,1396,1341,659,0
120,135,1679,1396,202,1952,0
120,136,1679,1396,2049,235,0
120,137,1679,1396,949,365,0
120,138,1679,1396,442,484,0
120,139,1679,1396,1496,989,0
120,140,1679,1396,1432,2260,0
120,141,1679,1396,378,1386,0
120,142,1679,1396,251,778,0
120,143,1679,1396,483,113,0
120,144,1679,1396,2426,100,0
120,145,1679,1396,2388,1563,0
120,146,1679,1396,2427,2993,0
120,147,1679,1396,1415,940,0
120,148,1679,1396,40,1221,0
120,149,1679,1396,415,137,0
120,150,1679,1396,256,2140,0
120,151,1679,1396,90,1522,0
120,152,1679,1396,1589,989,0
120,153,1679,1396,341,205,0
120,154,1679,1396,883,1339,0
120,155,1679,1396,280,1464,0
120,156,1679,1396,1201,2822,0
120,157,1679,1396,2942,1389,0
120,158,1679,1396,1138,2750,0
120,159,1679,1396,2639,1778,0
120,160,1679,1396,662,429,0
120,161,1679,1396,652,7,0
120,162,1679,1396,2034,2057,0
120,163,1679,1396,2854,2051,0
120,164,1679,1396,1441,1791,0
120,165,1679,1396,2428,256,0
120,166,1679,1396,112,2528,0
120,167,1679,1396,2873,2538,0
120,168,1679,1396,2900,823,0
120,169,1679,1396,263,2591,0
120,170,1679,1396,486,2698,0
120,171,1679,1396,568,150,0
120,172,1679,1396,1194,2604,0
120,173,1679,1396,1563,2193,0
120,174,1679,1396,882,2764,0
120,175,1679,1396,1800,2849,0
120,176,1679,1396,58,2694,0
120,177,1679,1396,2845,282,0
120,178,1679,1396,2776,2400,0
120,179,1679,1396,2493,1574,0
120,180,1679,1396,1075,1910,0
120,181,1679,1396,449,428,0
120,182,1679,1396,2039,1945,0
120,183,1679,1396,2887,271,0
120,184,1679,1396,1400,2901,0
120,185,1679,1396,2908,1118,0
120,186,1679,1396,1650,1604,0
120,187,1679,1396,2331,1718,0
120,188,1679,1396,1439,133,0
120,189,1679,1396,42,79,0
120,190,1679,1396,1558,1707,0
120,191,1679,1396,177,1143,0
120,192,1679,1396,2585,1501,0
120,193,1679,1396,888,374,0
120,194,1679,1396,263,2834,0
120,195,1679,1396,1595,2302,0
121,0,2646,1977,434,320,0
121,1,2646,1977,571,1612,0
121,2,2646,1977,135,2521,0
121,3,2646,1977,1047,2342,0
121,4,2646,1977,1231,1324,0
121,5,2646,1977,675,751,0
121,6,2646,1977,1122,987,0
121,7,2646,1977,242,2916,0
121,8,2646,1977,1743,2319,0
121,9,2646,1977,2618,754,0
121,10,2646,1977,2910,1478,0
121,11,2646,1977,2108,832,0
121,12,2646,1977,2,1143,0
121,13,2646,1977,1115,2279,0
121,14,2646,1977,1977,415,0
121,15,2646,1977,2226,1439,0
121,16,2646,1977,2325,1601,0
121,17,2646,1977,2489,1612,0
121,18,2646,1977,488,2077,0
121,19,2646,1977,1366,798,0
121,20,2646,1977,190,1364,0
121,21,2646,1977,2898,1873,0
121,22,2646,1977,2802,484,0
121,23,2646,1977,1769,1361,0
121,24,2646,1977,1719,2907,0
121,25,2646,1977,203,816,0
121,26,2646,1977,1401,1966,0
121,27,2646,1977,565,2022,0
121,28,2646,1977,2418,1484,0
121,29,2646,1977,2744,2458,0
121,30,2646,1977,2840,2909,0
121,31,2646,1977,2633,2565,0
121,32,2646,1977,2705,1885,0
121,33,2646,1977,2153,2262,0
121,34,2646,1977,387,708,0
121,35,2646,1977,2510,1697,0
121,36,2646,1977,648,2898,0
121,37,2646,1977,652,1817,0
121,38,2646,1977,1578,698,0
121,39,2646,1977,2296,2101,0
121,40,2646,1977,1931,2689,0
121,41,2646,1977,526,1595,0
121,42,2646,1977,2293,1825,0
121,43,2646,1977,533,1404,0
121,44,2646,1977,2655,608,0
121,45,2646,1977,1891,927,0
121,46,2646,1977,362,551,0
121,47,2646,1977,517,432,0
121,48,2646,1977,554,2611,0
121,49,2646,1977,2495,1015,0
121,50,2646,1977,582,952,0
121,51,2646,1977,2325,1655,0
121,52,2646,1977,627,564,0
121,53,2646,1977,118,1718,0
121,54,2646,1977,1703,700,0
121,55,2646,1977,1698,1595,0
121,56,2646,1977,2867,2916,0
121,57,2646,1977,2436,1514,0
121,58,2646,1977,2012,2768,0
121,59,2646,1977,2307,1019,0
121,60,2646,1977,59,2441,0
121,61,2646,1977,1399,1108,0
121,62,2646,1977,2643,1912,1
121,63,2646,1977,2219,2119,0
121,64,2646,1977,2401,2202,0
121,65,2646,1977,387,1838,0
121,66,2646,1977,1601,1532,0
121,67,2646,1977,2837,72,0
121,68,2646,1977,1391,2951,0
121,69,2646,1977,595,1317,0
121,70,2646,1977,2920,540,0
121,71,2646,1977,2816,2465,0
121,72,2646,1977,2231,1907,0
121,73,2646,1977,1470,2429,0
121,74,2646,1977,2847,1382,0
121,75,2646,1977,1398,2370,0
121,76,2646,1977,1762,2756,0
121,77,2646,1977,95,1819,0
121,78,2646,1977,2814,2784,0
121,79,2646,1977,2728,847,0
121,80,2646,1977,1380,2542,0
121,81,2646,1977,1722,2778,0
121,82,2646,1977,2181,2634,0
121,83,2646,1977,2405,2720,0
121,84,2646,1977,2862,2797,0
121,85,2646,1977,598,2000,0
121,86,2646,1977,2675,1916,0
121,87,2646,1977,2094,513,0
121,88,2646,1977,89,2129,0
121,89,2646,1977,1347,973,0
121,90,2646,1977,1412,647,0
121,91,2646,1977,2716,1699,0
121,92,2646,1977,2679,301,0
121,93,2646,1977,2086,1982,0
121,94,2646,1977,750,2399,0
121,95,2646,1977,503,2249,0
121,96,2646,1977,1529,2820,0
121,97,2646,1977,116,1176,0
121,98,2646,1977,692,2813,0
121,99,2646,1977,231,639,0
121,100,2646,1977,2740,2598,0
121,101,2646,1977,224,2208,0
121,102,2646,1977,1683,724,0
121,103,2646,1977,1276,2330,0
121,104,2646,1977,107,933,0
121,105,2646,1977,1480,2153,0
121,106,2646,1977,891,1933,0
121,107,2646,1977,2849,2170,0
121,108,2646,1977,1226,2205,0
121,109,2646,1977,1117,460,0
121,110,2646,1977,1597,111,0
121,111,2646,1977,2174,2704,0
121,112,2646,1977,811,90,0
121,113,2646,1977,260,692,0
121,114,2646,1977,1967,1969,0
121,115,2646,1977,1133,2946,0
121,116,2646,1977,786,2901,0
121,117,2646,1977,312,1389,0
121,118,2646,1977,2476,340,0
121,119,2646,1977,2362,2436,0
121,120,2646,1977,1679,1396,0
121,122,2646,1977,1769,2613,0
121,123,2646,1977,636,2906,0
121,124,2646,1977,2503,2888,0
121,125,2646,1977,727,2051,0
121,126,2646,1977,339,2092,0
121,127,2646,1977,2559,1995,0
121,128,2646,1977,1491,2896,0
121,129,2646,1977,2256,1576,0
121,130,2646,1977,335,2848,0
121,131,2646,1977,1279,994,0
121,132,2646,1977,191,2042,0
121,133,2646,1977,2815,2594,0
121,134,2646,1977,1341,659,0
121,135,2646,1977,202,1952,0
121,136,2646,1977,2049,235,0
121,137,2646,1977,949,365,0
121,138,2646,1977,442,484,0
121,139,2646,1977,1496,989,0
121,140,2646,1977,1432,2260,0
121,141,2646,1977,378,1386,0
121,142,2646,1977,251,778,0
121,143,2646,1977,483,113,0
121,144,2646,1977,2426,100,0
121,145,2646,1977,2388,1563,0
121,146,2646,1977,2427,2993,0
121,147,2646,1977,1415,940,0
121,148,2646,1977,40,1221,0
121,149,2646,1977,415,137,0
121,150,2646,1977,256,2140,0
121,151,2646,1977,90,1522,0
121,152,2646,1977,1589,989,0
121,153,2646,1977,341,205,0
121,154,2646,1977,883,1339,0
121,155,2646,1977,280,1464,0
121,156,2646,1977,1201,2822,0
121,157,2646,1977,2942,1389,0
121,158,2646,1977,1138,2750,0
121,159,2646,1977,2639,1778,0
121,160,2646,1977,662,429,0
121,161,2646,1977,652,7,0
121,162,2646,1977,2034,2057,0
121,163,2646,1977,2854,2051,0
121,164,2646,1977,1441,1791,0
121,165,2646,1977,2428,256,0
121,166,2646,1977,112,2528,0
121,167,2646,1977,2873,2538,0
121,168,2646,1977,2900,823,0
121,169,2646,1977,263,2591,0
121,170,2646,1977,486,2698,0
121,171,2646,1977,568,150,0
121,172,2646,1977,1194,2604,0
121,173,2646,1977,1563,2193,0
121,174,2646,1977,882,2764,0
121,175,2646,1977,1800,2849,0
121,176,2646,1977,58,2694,0
121,177,2646,1977,2845,282,0
121,178,2646,1977,2776,2400,0
121,179,2646,1977,2493,1574,0
121,180,2646,1977,1075,1910,0
121,181,2646,1977,449,428,0
121,182,2646,1977,2039,1945,0
121,183,2646,1977,2887,271,0
121,184,2646,1977,1400,2901,0
121,185,2646,1977,2908,1118,0
121,186,2646,1977,1650,1604,0
121,187,2646,1977,2331,1718,0
121,188,2646,1977,1439,133,0
121,189,2646,1977,42,79,0
121,190,2646,1977,1558,1707,0
121,191,2646,1977,177,1143,0
121,192,2646,1977,2585,1501,0
121,193,2646,1977,888,374,0
121,194,2646,1977,263,2834,0
121,195,2646,1977,1595,2302,0
122,0,1769,2613,434,320,0
122,1,1769,2613,571,1612,0
122,2,1769,2613,135,2521,0
122,3,1769,2613,1047,2342,0
122,4,1769,2613,1231,1324,0
122,5,1769,2613,675,751,0
122,6,1769,2613,1122,987,0
122,7,1769,2613,242,2916,0
122,8,1769,2613,1743,2319,0
122,9,1769,2613,2618,754,0
122,10,1769,2613,2910,1478,0
122,11,1769,2613,2108,832,0
122,12,1769,2613,2,1143,0
122,13,1769,2613,1115,2279,0
122,14,1769,2613,1977,415,0
122,15,1769,2613,2226,1439,0
122,16,1769,2613,2325,1601,0
122,17,1769,2613,2489,1612,0
122,18,1769,2613,488,2077,0
122,19,1769,2613,1366,798,0
122,20,1769,2613,190,1364,0
122,21,1769,2613,2898,1873,0
122,22,1769,2613,2802,484,0
122,23,1769,2613,1769,1361,0
122,24,1769,2613,1719,2907,0
122,25,1769,2613,203,816,0
122,26,1769,2613,1401,1966,0
122,27,1769,2613,565,2022,0
122,28,1769,2613,2418,1484,0
122,29,1769,2613,2744,2458,0
122,30,1769,2613,2840,2909,0
122,31,1769,2613,2633,2565,0
122,32,1769,2613,2705,1885,0
122,33,1769,2613,2153,2262,0
122,34,1769,2613,387,708,0
122,35,1769,2613,2510,1697,0
122,36,1769,2613,648,2898,0
122,37,1769,2613,652,1817,0
122,38,1769,2613,1578,698,0
122,39,1769,2613,2296,2101,0
122,40,1769,2613,1931,2689,0
122,41,1769,2613,526,1595,0
122,42,1769,2613,2293,1825,0
122,43,1769,2613,533,1404,0
122,44,1769,2613,2655,608,0
122,45,1769,2613,1891,927,0
122,46,1769,2613,362,551,0
122,47,1769,2613,517,432,0
122,48,1769,2613,554,2611,0
122,49,1769,2613,2495,1015,0
122,50,1769,2613,582,952,0
122,51,1769,2613,2325,1655,0
122,52,1769,2613,627,564,0
122,53,1769,2613,118,1718,0
122,54,1769,2613,1703,700,0
122,55,1769,2613,1698,1595,0
122,56,1769,2613,2867,2916,0
122,57,1769,2613,2436,1514,0
122,58,1769,2613,2012,2768,0
122,59,1769,2613,2307,1019,0
122,60,1769,2613,59,2441,0
122,61,1769,2613,1399,1108,0
122,62,1769,2613,2643,1912,0
122,63,1769,2613,2219,2119,0
122,64,1769,2613,2401,2202,0
122,65,1769,2613,387,1838,0
122,66,1769,2613,1601,1532,0
122,67,1769,2613,2837,72,0
122,68,1769,2613,1391,2951,0
122,69,1769,2613,595,1317,0
122,70,1769,2613,2920,540,0
122,71,1769,2613,2816,2465,0
122,72,1769,2613,2231,1907,0
122,73,1769,2613,1470,2429,0
122,74,1769,2613,2847,1382,0
122,75,1769,2613,1398,2370,0
122,76,1769,2613,1762,2756,1
122,77,1769,2613,95,1819,0
122,78,1769,2613,2814,2784,0
122,79,1769,2613,2728,847,0
122,80,1769,2613,1380,2542,0
122,81,1769,2613,1722,2778,0
122,82,1769,2613,2181,2634,0
122,83,1769,2613,2405,2720,0
122,84,1769,2613,2862,2797,0
122,85,1769,2613,598,2000,0
122,86,1769,2613,2675,1916,0
122,87,1769,2613,2094,513,0
122,88,1769,2613,89,2129,0
122,89,1769,2613,1347,973,0
122,90,1769,2613,1412,647,0
122,91,1769,2613,2716,1699,0
122,92,1769,2613,2679,301,0
122,93,1769,2613,2086,1982,0
122,94,1769,2613,750,2399,0
122,95,1769,2613,503,2249,0
122,96,1769,2613,1529,2820,0
122,97,1769,2613,116,1176,0
122,98,1769,2613,692,2813,0
122,99,1769,2613,231,639,0
122,100,1769,2613,2740,2598,0
122,101,1769,2613,224,2208,0
122,102,1769,2613,1683,724,0
122,103,1769,2613,1276,2330,0
122,104,1769,2613,107,933,0
122,105,1769,2613,1480,2153,0
122,106,1769,2613,891,1933,0
122,107,1769,2613,2849,2170,0
122,108,1769,2613,1226,2205,0
122,109,1769,2613,1117,460,0
122,110,1769,2613,1597,111,0
122,111,1769,2613,2174,2704,0
122,112,1769,2613,811,90,0
122,113,1769,2613,260,692,0
122,114,1769,2613,1967,1969,0
122,115,1769,2613,1133,2946,0
122,116,1769,2613,786,2901,0
122,117,1769,2613,312,1389,0
122,118,1769,2613,2476,340,0
122,119,1769,2613,2362,2436,0
122,120,1769,2613,1679,1396,0
122,121,1769,2613,2646,1977,0
122,123,1769,2613,636,2906,0
122,124,1769,2613,2503,2888,0
122,125,1769,2613,727,2051,0
122,126,1769,2613,339,2092,0
122,127,1769,2613,2559,1995,0
122,128,1769,2613,1491,2896,0
122,129,1769,2613,2256,1576,0
122,130,1769,2613,335,2848,0
122,131,1769,2613,1279,994,0
122,132,1769,2613,191,2042,0
122,133,1769,2613,2815,2594,0
122,134,1769,2613,1341,659,0
122,135,1769,2613,202,1952,0
122,136,1769,2613,2049,235,0
122,137,1769,2613,949,365,0
122,138,1769,2613,442,484,0
122,139,1769,2613,1496,989,0
122,140,1769,2613,1432,2260,0
122,141,1769,2613,378,1386,0
122,142,1769,2613,251,778,0
122,143,1769,2613,483,113,0
122,144,1769,2613,2426,100,0
122,145,1769,2613,2388,1563,0
122,146,1769,2613,2427,2993,0
122,147,1769,2613,1415,940,0
122,148,1769,2613,40,1221,0
122,149,1769,2613,415,137,0
122,150,1769,2613,256,2140,0
122,151,1769,2613,90,1522,0
122,152,1769,2613,1589,989,0
122,153,1769,2613,341,205,0
122,154,1769,2613,883,1339,0
122,155,1769,2613,280,1464,0
122,156,1769,2613,1201,2822,0
122,157,1769,2613,2942,1389,0
122,158,1769,2613,1138,2750,0
122,159,1769,2613,2639,1778,0
122,160,1769,2613,662,429,0
122,161,1769,2613,652,7,0
122,162,1769,2613,2034,2057,0
122,163,1769,2613,2854,2051,0
122,164,1769,2613,1441,1791,0
122,165,1769,2613,2428,256,0
122,166,1769,2613,112,2528,0
122,167,1769,2613,2873,2538,0
122,168,1769,2613,2900,823,0
122,169,1769,2613,263,2591,0
122,170,1769,2613,486,2698,0
122,171,1769,2613,568,150,0
122,172,1769,2613,1194,2604,0
122,173,1769,2613,1563,2193,0
122,174,1769,2613,882,2764,0
122,175,1769,2613,1800,2849,0
122,176,1769,2613,58,2694,0
122,177,1769,2613,2845,282,0
122,178,1769,2613,2776,2400,0
122,179,1769,2613,2493,1574,0
122,180,1769,2613,1075,1910,0
122,181,1769,2613,449,428,0
122,182,1769,2613,2039,1945,0
122,183,1769,2613,2887,271,0
122,184,1769,2613,1400,2901,0
122,185,1769,2613,2908,1118,0
122,186,1769,2613,1650,1604,0
122,187,1769,2613,2331,1718,0
122,188,1769,2613,1439,133,0
122,189,1769,2613,42,79,0
122,190,1769,2613,1558,1707,0
122,191,1769,2613,177,1143,0
122,192,1769,2613,2585,1501,0
122,193,1769,2613,888,374,0
122,194,1769,2613,263,2834,0
122,195,1769,2613,1595,2302,0
123,0,636,2906,434,320,0
123,1,636,2906,571,1612,0
123,2,636,2906,135,2521,0
123,3,636,2906,1047,2342,0
123,4,636,2906,1231,1324,0
123,5,636,2906,675,751,0
123,6,636,2906,1122,987,0
123,7,636,2906,242,2916,0
123,8,636,2906,1743,2319,0
123,9,636,2906,2618,754,0
123,10,636,2906,2910,1478,0
123,11,636,2906,2108,832,0
123,12,636,2906,2,1143,0
123,13,636,2906,1115,2279,0
123,14,636,2906,1977,415,0
123,15,636,2906,2226,1439,0
123,16,636,2906,2325,1601,0
123,17,636,2906,2489,1612,0
123,18,636,2906,488,2077,0
123,19,636,2906,1366,798,0
123,20,636,2906,190,1364,0
123,21,636,2906,2898,1873,0
123,22,636,2906,2802,484,0
123,23,636,2906,1769,1361,0
123,24,636,2906,1719,2907,0
123,25,636,2906,203,816,0
123,26,636,2906,1401,1966,0
123,27,636,2906,565,2022,0
123,28,636,2906,2418,1484,0
123,29,636,2906,2744,2458,0
123,30,636,2906,2840,2909,0
123,31,636,2906,2633,2565,0
123,32,636,2906,2705,1885,0
123,33,636,2906,2153,2262,0
123,34,636,2906,387,708,0
123,35,636,2906,2510,1697,0
123,36,636,2906,648,2898,1
123,37,636,2906,652,1817,0
123,38,636,2906,1578,698,0
123,39,636,2906,2296,2101,0
123,40,636,2906,1931,2689,0
123,41,636,2906,526,1595,0
123,42,636,2906,2293,1825,0
123,43,636,2906,533,1404,0
123,44,636,2906,2655,608,0
123,45,636,2906,1891,927,0
123,46,636,2906,362,551,0
123,47,636,2906,517,432,0
123,48,636,2906,554,2611,0
123,49,636,2906,2495,1015,0
123,50,636,2906,582,952,0
123,51,636,2906,2325,1655,0
123,52,636,2906,627,564,0
123,53,636,2906,118,1718,0
123,54,636,2906,1703,700,0
123,55,636,2906,1698,1595,0
123,56,636,2906,2867,2916,0
123,57,636,2906,2436,1514,0
123,58,636,2906,2012,2768,0
123,59,636,2906,2307,1019,0
123,60,636,2906,59,2441,0
123,61,636,2906,1399,1108,0
123,62,636,2906,2643,1912,0
123,63,636,2906,2219,2119,0
123,64,636,2906,2401,2202,0
123,65,636,2906,387,1838,0
123,66,636,2906,1601,1532,0
123,67,636,2906,2837,72,0
123,68,636,2906,1391,2951,0
123,69,636,2906,595,1317,0
123,70,636,2906,2920,540,0
123,71,636,2906,2816,2465,0
123,72,636,2906,2231,1907,0
123,73,636,2906,1470,2429,0
123,74,636,2906,2847,1382,0
123,75,636,2906,1398,2370,0
123,76,636,2906,1762,2756,0
123,77,636,2906,95,1819,0
123,78,636,2906,2814,2784,0
123,79,636,2906,2728,847,0
123,80,636,2906,1380,2542,0
123,81,636,2906,1722,2778,0
123,82,636,2906,2181,2634,0
123,83,636,2906,2405,2720,0
123,84,636,2906,2862,2797,0
123,85,636,2906,598,2000,0
123,86,636,2906,2675,1916,0
123,87,636,2906,2094,513,0
123,88,636,2906,89,2129,0
123,89,636,2906,1347,973,0
123,90,636,2906,1412,647,0
123,91,636,2906,2716,1699,0
123,92,636,2906,2679,301,0
123,93,636,2906,2086,1982,0
123,94,636,2906,750,2399,0
123,95,636,2906,503,2249,0
123,96,636,2906,1529,2820,0
123,97,636,2906,116,1176,0
123,98,636,2906,692,2813,0
123,99,636,2906,231,639,0
123,100,636,2906,2740,2598,0
123,101,636,2906,224,2208,0
123,102,636,2906,1683,724,0
123,103,636,2906,1276,2330,0
123,104,636,2906,107,933,0
123,105,636,2906,1480,2153,0
123,106,636,2906,891,1933,0
123,107,636,2906,2849,2170,0
123,108,636,2906,1226,2205,0
123,109,636,2906,1117,460,0
123,110,636,2906,1597,111,0
123,111,636,2906,2174,2704,0
123,112,636,2906,811,90,0
123,113,636,2906,260,692,0
123,114,636,2906,1967,1969,0
123,115,636,2906,1133,2946,0
123,116,636,2906,786,2901,0
123,117,636,2906,312,1389,0
123,118,636,2906,2476,340,0
123,119,636,2906,2362,2436,0
123,120,636,2906,1679,1396,0
123,121,636,2906,2646,1977,0
123,122,636,2906,1769,2613,0
123,124,636,2906,2503,2888,0
123,125,636,2906,727,2051,0
123,126,636,2906,339,2092,0
123,127,636,2906,2559,1995,0
123,128,636,2906,1491,2896,0
123,129,636,2906,2256,1576,0
123,130,636,2906,335,2848,0
123,131,636,2906,1279,994,0
123,132,636,2906,191,2042,0
123,133,636,2906,2815,2594,0
123,134,636,2906,1341,659,0
123,135,636,2906,202,1952,0
123,136,636,2906,2049,235,0
123,137,636,2906,949,365,0
123,138,636,2906,442,484,0
123,139,636,2906,1496,989,0
123,140,636,2906,1432,2260,0
123,141,636,2906,378,1386,0
123,142,636,2906,251,778,0
123,143,636,2906,483,113,0
123,144,636,2906,2426,100,0
123,145,636,2906,2388,1563,0
123,146,636,2906,2427,2993,0
123,147,636,2906,1415,940,0
123,148,636,2906,40,1221,0
123,149,636,2906,415,137,0
123,150,636,2906,256,2140,0
123,151,636,2906,90,1522,0
123,152,636,2906,1589,989,0
123,153,636,2906,341,205,0
123,154,636,2906,883,1339,0
123,155,636,2906,280,1464,0
123,156,636,2906,1201,2822,0
123,157,636,2906,2942,1389,0
123,158,636,2906,1138,2750,0
123,159,636,2906,2639,1778,0
123,160,636,2906,662,429,0
123,161,636,2906,652,7,0
123,162,636,2906,2034,2057,0
123,163,636,2906,2854,2051,0
123,164,636,2906,1441,1791,0
123,165,636,2906,2428,256,0
123,166,636,2906,112,2528,0
123,167,636,2906,2873,2538,0
123,168,636,2906,2900,823,0
123,169,636,2906,263,2591,0
123,170,636,2906,486,2698,0
123,171,636,2906,568,150,0
123,172,636,2906,1194,2604,0
123,173,636,2906,1563,2193,0
123,174,636,2906,882,2764,0
123,175,636,2906,1800,2849,0
123,176,636,2906,58,2694,0
123,177,636,2906,2845,282,0
123,178,636,2906,2776,2400,0
123,179,636,2906,2493,1574,0
123,180,636,2906,1075,1910,0
123,181,636,2906,449,428,0
123,182,636,2906,2039,1945,0
123,183,636,2906,2887,271,0
123,184,636,2906,1400,2901,0
123,185,636,2906,2908,1118,0
123,186,636,2906,1650,1604,0
123,187,636,2906,2331,1718,0
123,188,636,2906,1439,133,0
123,189,636,2906,42,79,0
123,190,636,2906,1558,1707,0
123,191,636,2906,177,1143,0
123,192,636,2906,2585,1501,0
123,193,636,2906,888,374,0
123,194,636,2906,263,2834,0
123,195,636,2906,1595,2302,0
124,0,2503,2888,434,320,0
124,1,2503,2888,571,1612,0
124,2,2503,2888,135,2521,0
124,3,2503,2888,1047,2342,0
124,4,2503,2888,1231,1324,0
124,5,2503,2888,675,751,0
124,6,2503,2888,1122,987,0
124,7,2503,2888,242,2916,0
124,8,2503,2888,1743,2319,0
124,9,2503,2888,2618,754,0
124,10,2503,2888,2910,1478,0
124,11,2503,2888,2108,832,0
124,12,2503,2888,2,1143,0
124,13,2503,2888,1115,2279,0
124,14,2503,2888,1977,415,0
124,15,2503,2888,2226,1439,0
124,16,2503,2888,2325,1601,0
124,17,2503,2888,2489,1612,0
124,18,2503,2888,488,2077,0
124,19,2503,2888,1366,798,0
124,20,2503,2888,190,1364,0
124,21,2503,2888,2898,1873,0
124,22,2503,2888,2802,484,0
124,23,2503,2888,1769,1361,0
124,24,2503,2888,1719,2907,0
124,25,2503,2888,203,816,0
124,26,2503,2888,1401,1966,0
124,27,2503,2888,565,2022,0
124,28,2503,2888,2418,1484,0
124,29,2503,2888,2744,2458,0
124,30,2503,2888,2840,2909,0
124,31,2503,2888,2633,2565,0
124,32,2503,2888,2705,1885,0
124,33,2503,2888,2153,2262,0
124,34,2503,2888,387,708,0
124,35,2503,2888,2510,1697,0
124,36,2503,2888,648,2898,0
124,37,2503,2888,652,1817,0
124,38,2503,2888,1578,698,0
124,39,2503,2888,2296,2101,0
124,40,2503,2888,1931,2689,0
124,41,2503,2888,526,1595,0
124,42,2503,2888,2293,1825,0
124,43,2503,2888,533,1404,0
124,44,2503,2888,2655,608,0
124,45,2503,2888,1891,927,0
124,46,2503,2888,362,551,0
124,47,2503,2888,517,432,0
124,48,2503,2888,554,2611,0
124,49,2503,2888,2495,1015,0
124,50,2503,2888,582,952,0
124,51,2503,2888,2325,1655,0
124,52,2503,2888,627,564,0
124,53,2503,2888,118,1718,0
124,54,2503,2888,1703,700,0
124,55,2503,2888,1698,1595,0
124,56,2503,2888,2867,2916,0
124,57,2503,2888,2436,1514,0
124,58,2503,2888,2012,2768,0
124,59,2503,2888,2307,1019,0
124,60,2503,2888,59,2441,0
124,61,2503,2888,1399,1108,0
124,62,2503,2888,2643,1912,0
124,63,2503,2888,2219,2119,0
124,64,2503,2888,2401,2202,0
124,65,2503,2888,387,1838,0
124,66,2503,2888,1601,1532,0
124,67,2503,2888,2837,72,0
124,68,2503,2888,1391,2951,0
124,69,2503,2888,595,1317,0
124,70,2503,2888,2920,540,0
124,71,2503,2888,2816,2465,0
124,72,2503,2888,2231,1907,0
124,73,2503,2888,1470,2429,0
124,74,2503,2888,2847,1382,0
124,75,2503,2888,1398,2370,0
124,76,2503,2888,1762,2756,0
124,77,2503,2888,95,1819,0
124,78,2503,2888,2814,2784,0
124,79,2503,2888,2728,847,0
124,80,2503,2888,1380,2542,0
124,81,2503,2888,1722,2778,0
124,82,2503,2888,2181,2634,0
124,83,2503,2888,2405,2720,0
124,84,2503,2888,2862,2797,0
124,85,2503,2888,598,2000,0
124,86,2503,2888,2675,1916,0
124,87,2503,2888,2094,513,0
124,88,2503,2888,89,2129,0
124,89,2503,2888,1347,973,0
124,90,2503,2888,1412,647,0
124,91,2503,2888,2716,1699,0
124,92,2503,2888,2679,301,0
124,93,2503,2888,2086,1982,0
124,94,2503,2888,750,2399,0
124,95,2503,2888,503,2249,0
124,96,2503,2888,1529,2820,0
124,97,2503,2888,116,1176,0
124,98,2503,2888,692,2813,0
124,99,2503,2888,231,639,0
124,100,2503,2888,2740,2598,0
124,101,2503,2888,224,2208,0
124,102,2503,2888,1683,724,0
124,103,2503,2888,1276,2330,0
124,104,2503,2888,107,933,0
124,105,2503,2888,1480,2153,0
124,106,2503,2888,891,1933,0
124,107,2503,2888,2849,2170,0
124,108,2503,2888,1226,2205,0
124,109,2503,2888,1117,460,0
124,110,2503,2888,1597,111,0
124,111,2503,2888,2174,2704,0
124,112,2503,2888,811,90,0
124,113,2503,2888,260,692,0
124,114,2503,2888,1967,1969,0
124,115,2503,2888,1133,2946,0
124,116,2503,2888,786,2901,0
124,117,2503,2888,312,1389,0
124,118,2503,2888,2476,340,0
124,119,2503,2888,2362,2436,0
124,120,2503,2888,1679,1396,0
124,121,2503,2888,2646,1977,0
124,122,2503,2888,1769,2613,0
124,123,2503,2888,636,2906,0
124,125,2503,2888,727,2051,0
124,126,2503,2888,339,2092,0
124,127,2503,2888,2559,1995,0
124,128,2503,2888,1491,2896,0
124,129,2503,2888,2256,1576,0
124,130,2503,2888,335,2848,0
124,131,2503,2888,1279,994,0
124,132,2503,2888,191,2042,0
124,133,2503,2888,2815,2594,0
124,134,2503,2888,1341,659,0
124,135,2503,2888,202,1952,0
124,136,2503,2888,2049,235,0
124,137,2503,2888,949,365,0
124,138,2503,2888,442,484,0
124,139,2503,2888,1496,989,0
124,140,2503,2888,1432,2260,0
124,141,2503,2888,378,1386,0
124,142,2503,2888,251,778,0
124,143,2503,2888,483,113,0
124,144,2503,2888,2426,100,0
124,145,2503,2888,2388,1563,0
124,146,2503,2888,2427,2993,1
124,147,2503,2888,1415,940,0
124,148,2503,2888,40,1221,0
124,149,2503,2888,415,137,0
124,150,2503,2888,256,2140,0
124,151,2503,2888,90,1522,0
124,152,2503,2888,1589,989,0
124,153,2503,2888,341,205,0
124,154,2503,2888,883,1339,0
124,155,2503,2888,280,1464,0
124,156,2503,2888,1201,2822,0
124,157,2503,2888,2942,1389,0
124,158,2503,2888,1138,2750,0
124,159,2503,2888,2639,1778,0
124,160,2503,2888,662,429,0
124,161,2503,2888,652,7,0
124,162,2503,2888,2034,2057,0
124,163,2503,2888,2854,2051,0
124,164,2503,2888,1441,1791,0
124,165,2503,2888,2428,256,0
124,166,2503,2888,112,2528,0
124,167,2503,2888,2873,2538,0
124,168,2503,2888,2900,823,0
124,169,2503,2888,263,2591,0
124,170,2503,2888,486,2698,0
124,171,2503,2888,568,150,0
124,172,2503,2888,1194,2604,0
124,173,2503,2888,1563,2193,0
124,174,2503,2888,882,2764,0
124,175,2503,2888,1800,2849,0
124,176,2503,2888,58,2694,0
124,177,2503,2888,2845,282,0
124,178,2503,2888,2776,2400,0
124,179,2503,2888,2493,1574,0
124,180,2503,2888,1075,1910,0
124,181,2503,2888,449,428,0
124,182,2503,2888,2039,1945,0
124,183,2503,2888,2887,271,0
124,184,2503,2888,1400,2901,0
124,185,2503,2888,2908,1118,0
124,186,2503,2888,1650,1604,0
124,187,2503,2888,2331,1718,0
124,188,2503,2888,1439,133,0
124,189,2503,2888,42,79,0
124,190,2503,2888,1558,1707,0
124,191,2503,2888,177,1143,0
124,192,2503,2888,2585,1501,0
124,193,2503,2888,888,374,0
124,194,2503,2888,263,2834,0
124,195,2503,2888,1595,2302,0
125,0,727,2051,434,320,0
125,1,727,2051,571,1612,0
125,2,727,2051,135,2521,0
125,3,727,2051,1047,2342,0
125,4,727,2051,1231,1324,0
125,5,727,2051,675,751,0
125,6,727,2051,1122,987,0
125,7,727,2051,242,2916,0
125,8,727,2051,1743,2319,0
125,9,727,2051,2618,754,0
125,10,727,2051,2910,1478,0
125,11,727,2051,2108,832,0
125,12,727,2051,2,1143,0
125,13,727,2051,1115,2279,0
125,14,727,2051,1977,415,0
125,15,727,2051,2226,1439,0
125,16,727,2051,2325,1601,0
125,17,727,2051,2489,1612,0
125,18,727,2051,488,2077,0
125,19,727,2051,1366,798,0
125,20,727,2051,190,1364,0
125,21,727,2051,2898,1873,0
125,22,727,2051,2802,484,0
125,23,727,2051,1769,1361,0
125,24,727,2051,1719,2907,0
125,25,727,2051,203,816,0
125,26,727,2051,1401,1966,0
125,27,727,2051,565,2022,0
125,28,727,2051,2418,1484,0
125,29,727,2051,2744,2458,0
125,30,727,2051,2840,2909,0
125,31,727,2051,2633,2565,0
125,32,727,2051,2705,1885,0
125,33,727,2051,2153,2262,0
125,34,727,2051,387,708,0
125,35,727,2051,2510,1697,0
125,36,727,2051,648,2898,0
125,37,727,2051,652,1817,0
125,38,727,2051,1578,698,0
125,39,727,2051,2296,2101,0
125,40,727,2051,1931,2689,0
125,41,727,2051,526,1595,0
125,42,727,2051,2293,1825,0
125,43,727,2051,533,1404,0
125,44,727,2051,2655,608,0
125,45,727,2051,1891,927,0
125,46,727,2051,362,551,0
125,47,727,2051,517,432,0
125,48,727,2051,554,2611,0
125,49,727,2051,2495,1015,0
125,50,727,2051,582,952,0
125,51,727,2051,2325,1655,0
125,52,727,2051,627,564,0
125,53,727,2051,118,1718,0
125,54,727,2051,1703,700,0
125,55,727,2051,1698,1595,0
125,56,727,2051,2867,2916,0
125,57,727,2051,2436,1514,0
125,58,727,2051,2012,2768,0
125,59,727,2051,2307,1019,0
125,60,727,2051,59,2441,0
125,61,727,2051,1399,1108,0
125,62,727,2051,2643,1912,0
125,63,727,2051,2219,2119,0
125,64,727,2051,2401,2202,0
125,65,727,2051,387,1838,0
125,66,727,2051,1601,1532,0
125,67,727,2051,2837,72,0
125,68,727,2051,1391,2951,0
125,69,727,2051,595,1317,0
125,70,727,2051,2920,540,0
125,71,727,2051,2816,2465,0
125,72,727,2051,2231,1907,0
125,73,727,2051,1470,2429,0
125,74,727,2051,2847,1382,0
125,75,727,2051,1398,2370,0
125,76,727,2051,1762,2756,0
125,77,727,2051,95,1819,0
125,78,727,2051,2814,2784,0
125,79,727,2051,2728,847,0
125,80,727,2051,1380,2542,0
125,81,727,2051,1722,2778,0
125,82,727,2051,2181,2634,0
125,83,727,2051,2405,2720,0
125,84,727,2051,2862,2797,0
125,85,727,2051,598,2000,0
125,86,727,2051,2675,1916,0
125,87,727,2051,2094,513,0
125,88,727,2051,89,2129,0
125,89,727,2051,1347,973,0
125,90,727,2051,1412,647,0
125,91,727,2051,2716,1699,0
125,92,727,2051,2679,301,0
125,93,727,2051,2086,1982,0
125,94,727,2051,750,2399,0
125,95,727,2051,503,2249,0
125,96,727,2051,1529,2820,0
125,97,727,2051,116,1176,0
125,98,727,2051,692,2813,0
125,99,727,2051,231,639,0
125,100,727,2051,2740,2598,0
125,101,727,2051,224,2208,0
125,102,727,2051,1683,724,0
125,103,727,2051,1276,2330,0
125,104,727,2051,107,933,0
125,105,727,2051,1480,2153,0
125,106,727,2051,891,1933,1
125,107,727,2051,2849,2170,0
125,108,727,2051,1226,2205,0
125,109,727,2051,1117,460,0
125,110,727,2051,1597,111,0
125,111,727,2051,2174,2704,0
125,112,727,2051,811,90,0
125,113,727,2051,260,692,0
125,114,727,2051,1967,1969,0
125,115,727,2051,1133,2946,0
125,116,727,2051,786,2901,0
125,117,727,2051,312,1389,0
125,118,727,2051,2476,340,0
125,119,727,2051,2362,2436,0
125,120,727,2051,1679,1396,0
125,121,727,2051,2646,1977,0
125,122,727,2051,1769,2613,0
125,123,727,2051,636,2906,0
125,124,727,2051,2503,2888,0
125,126,727,2051,339,2092,0
125,127,727,2051,2559,1995,0
125,128,727,2051,1491,2896,0
125,129,727,2051,2256,1576,0
125,130,727,2051,335,2848,0
125,131,727,2051,1279,994,0
125,132,727,2051,191,2042,0
125,133,727,2051,2815,2594,0
125,134,727,2051,1341,659,0
125,135,727,2051,202,1952,0
125,136,727,2051,2049,235,0
125,137,727,2051,949,365,0
125,138,727,2051,442,484,0
125,139,727,2051,1496,989,0
125,140,727,2051,1432,2260,0
125,141,727,2051,378,1386,0
125,142,727,2051,251,778,0
125,143,727,2051,483,113,0
125,144,727,2051,2426,100,0
125,145,727,2051,2388,1563,0
125,146,727,2051,2427,2993,0
125,147,727,2051,1415,940,0
125,148,727,2051,40,1221,0
125,149,727,2051,415,137,0
125,150,727,2051,256,2140,0
125,151,727,2051,90,1522,0
125,152,727,2051,1589,989,0
125,153,727,2051,341,205,0
125,154,727,2051,883,1339,0
125,155,727,2051,280,1464,0
125,156,727,2051,1201,2822,0
125,157,727,2051,2942,1389,0
125,158,727,2051,1138,2750,0
125,159,727,2051,2639,1778,0
125,160,727,2051,662,429,0
125,161,727,2051,652,7,0
125,162,727,2051,2034,2057,0
125,163,727,2051,2854,2051,0
125,164,727,2051,1441,1791,0
125,165,727,2051,2428,256,0
125,166,727,2051,112,2528,0
125,167,727,2051,2873,2538,0
125,168,727,2051,2900,823,0
125,169,727,2051,263,2591,0
125,170,727,2051,486,2698,0
125,171,727,2051,568,150,0
125,172,727,2051,1194,2604,0
125,173,727,2051,1563,2193,0
125,174,727,2051,882,2764,0
125,175,727,2051,1800,2849,0
125,176,727,2051,58,2694,0
125,177,727,2051,2845,282,0
125,178,727,2051,2776,2400,0
125,179,727,2051,2493,1574,0
125,180,727,2051,1075,1910,0
125,181,727,2051,449,428,0
125,182,727,2051,2039,1945,0
125,183,727,2051,2887,271,0
125,184,727,2051,1400,2901,0
125,185,727,2051,2908,1118,0
125,186,727,2051,1650,1604,0
125,187,727,2051,2331,1718,0
125,188,727,2051,1439,133,0
125,189,727,2051,42,79,0
125,190,727,2051,1558,1707,0
125,191,727,2051,177,1143,0
125,192,727,2051,2585,1501,0
125,193,727,2051,888,374,0
125,194,727,2051,263,2834,0
125,195,727,2051,1595,2302,0
126,0,339,2092,434,320,0
126,1,339,2092,571,1612,0
126,2,339,2092,135,2521,0
126,3,339,2092,1047,2342,0
126,4,339,2092,1231,1324,0
126,5,339,2092,675,751,0
126,6,339,2092,1122,987,0
126,7,339,2092,242,2916,0
126,8,339,2092,1743,2319,0
126,9,339,2092,2618,754,0
126,10,339,2092,2910,1478,0
126,11,339,2092,2108,832,0
126,12,339,2092,2,1143,0
126,13,339,2092,1115,2279,0
126,14,339,2092,1977,415,0
126,15,339,2092,2226,1439,0
126,16,339,2092,2325,1601,0
126,17,339,2092,2489,1612,0
126,18,339,2092,488,2077,0
126,19,339,2092,1366,798,0
126,20,339,2092,190,1364,0
126,21,339,2092,2898,1873,0
126,22,339,2092,2802,484,0
126,23,339,2092,1769,1361,0
126,24,339,2092,1719,2907,0
126,25,339,2092,203,816,0
126,26,339,2092,1401,1966,0
126,27,339,2092,565,2022,0
126,28,339,2092,2418,1484,0
126,29,339,2092,2744,2458,0
126,30,339,2092,2840,2909,0
126,31,339,2092,2633,2565,0
126,32,339,2092,2705,1885,0
126,33,339,2092,2153,2262,0
126,34,339,2092,387,708,0
126,35,339,2092,2510,1697,0
126,36,339,2092,648,2898,0
126,37,339,2092,652,1817,0
126,38,339,2092,1578,698,0
126,39,339,2092,2296,2101,0
126,40,339,2092,1931,2689,0
126,41,339,2092,526,1595,0
126,42,339,2092,2293,1825,0
126,43,339,2092,533,1404,0
126,44,339,2092,2655,608,0
126,45,339,2092,1891,927,0
126,46,339,2092,362,551,0
126,47,339,2092,517,432,0
126,48,339,2092,554,2611,0
126,49,339,2092,2495,1015,0
126,50,339,2092,582,952,0
126,51,339,2092,2325,1655,0
126,52,339,2092,627,564,0
126,53,339,2092,118,1718,0
126,54,339,2092,1703,700,0
126,55,339,2092,1698,1595,0
126,56,339,2092,2867,2916,0
126,57,339,2092,2436,1514,0
126,58,339,2092,2012,2768,0
126,59,339,2092,2307,1019,0
126,60,339,2092,59,2441,0
126,61,339,2092,1399,1108,0
126,62,339,2092,2643,1912,0
126,63,339,2092,2219,2119,0
126,64,339,2092,2401,2202,0
126,65,339,2092,387,1838,0
126,66,339,2092,1601,1532,0
126,67,339,2092,2837,72,0
126,68,339,2092,1391,2951,0
126,69,339,2092,595,1317,0
126,70,339,2092,2920,540,0
126,71,339,2092,2816,2465,0
126,72,339,2092,2231,1907,0
126,73,339,2092,1470,2429,0
126,74,339,2092,2847,1382,0
126,75,339,2092,1398,2370,0
126,76,339,2092,1762,2756,0
126,77,339,2092,95,1819,0
126,78,339,2092,2814,2784,0
126,79,339,2092,2728,847,0
126,80,339,2092,1380,2542,0
126,81,339,2092,1722,2778,0
126,82,339,2092,2181,2634,0
126,83,339,2092,2405,2720,0
126,84,339,2092,2862,2797,0
126,85,339,2092,598,2000,0
126,86,339,2092,2675,1916,0
126,87,339,2092,2094,513,0
126,88,339,2092,89,2129,0
126,89,339,2092,1347,973,0
126,90,339,2092,1412,647,0
126,91,339,2092,2716,1699,0
126,92,339,2092,2679,301,0
126,93,339,2092,2086,1982,0
126,94,339,2092,750,2399,0
126,95,339,2092,503,2249,1
126,96,339,2092,1529,2820,0
126,97,339,2092,116,1176,0
126,98,339,2092,692,2813,0
126,99,339,2092,231,639,0
126,100,339,2092,2740,2598,0
126,101,339,2092,224,2208,0
126,102,339,2092,1683,724,0
126,103,339,2092,1276,2330,0
126,104,339,2092,107,933,0
126,105,339,2092,1480,2153,0
126,106,339,2092,891,1933,0
126,107,339,2092,2849,2170,0
126,108,339,2092,1226,2205,0
126,109,339,2092,1117,460,0
126,110,339,2092,1597,111,0
126,111,339,2092,2174,2704,0
126,112,339,2092,811,90,0
126,113,339,2092,260,692,0
126,114,339,2092,1967,1969,0
126,115,339,2092,1133,2946,0
126,116,339,2092,786,2901,0
126,117,339,2092,312,1389,0
126,118,339,2092,2476,340,0
126,119,339,2092,2362,2436,0
126,120,339,2092,1679,1396,0
126,121,339,2092,2646,1977,0
126,122,339,2092,1769,2613,0
126,123,339,2092,636,2906,0
126,124,339,2092,2503,2888,0
126,125,339,2092,727,2051,0
126,127,339,2092,2559,1995,0
126,128,339,2092,1491,2896,0
126,129,339,2092,2256,1576,0
126,130,339,2092,335,2848,0
126,131,339,2092,1279,994,0
126,132,339,2092,191,2042,0
126,133,339,2092,2815,2594,0
126,134,339,2092,1341,659,0
126,135,339,2092,202,1952,0
126,136,339,2092,2049,235,0
126,137,339,2092,949,365,0
126,138,339,2092,442,484,0
126,139,339,2092,1496,989,0
126,140,339,2092,1432,2260,0
126,141,339,2092,378,1386,0
126,142,339,2092,251,778,0
126,143,339,2092,483,113,0
126,144,339,2092,2426,100,0
126,145,339,2092,2388,1563,0
126,146,339,2092,2427,2993,0
126,147,339,2092,1415,940,0
126,148,339,2092,40,1221,0
126,149,339,2092,415,137,0
126,150,339,2092,256,2140,0
126,151,339,2092,90,1522,0
126,152,339,2092,1589,989,0
126,153,339,2092,341,205,0
126,154,339,2092,883,1339,0
126,155,339,2092,280,1464,0
126,156,339,2092,1201,2822,0
126,157,339,2092,2942,1389,0
126,158,339,2092,1138,2750,0
126,159,339,2092,2639,1778,0
126,160,339,2092,662,429,0
126,161,339,2092,652,7,0
126,162,339,2092,2034,2057,0
126,163,339,2092,2854,2051,0
126,164,339,2092,1441,1791,0
126,165,339,2092,2428,256,0
126,166,339,2092,112,2528,0
126,167,339,2092,2873,2538,0
126,168,339,2092,2900,823,0
126,169,339,2092,263,2591,0
126,170,339,2092,486,2698,0
126,171,339,2092,568,150,0
126,172,339,2092,1194,2604,0
126,173,339,2092,1563,2193,0
126,174,339,2092,882,2764,0
126,175,339,2092,1800,2849,0
126,176,339,2092,58,2694,0
126,177,339,2092,2845,282,0
126,178,339,2092,2776,2400,0
126,179,339,2092,2493,1574,0
126,180,339,2092,1075,1910,0
126,181,339,2092,449,428,0
126,182,339,2092,2039,1945,0
126,183,339,2092,2887,271,0
126,184,339,2092,1400,2901,0
126,185,339,2092,2908,1118,0
126,186,339,2092,1650,1604,0
126,187,339,2092,2331,1718,0
126,188,339,2092,1439,133,0
126,189,339,2092,42,79,0
126,190,339,2092,1558,1707,0
126,191,339,2092,177,1143,0
126,192,339,2092,2585,1501,0
126,193,339,2092,888,374,0
126,194,339,2092,263,2834,0
126,195,339,2092,1595,2302,0
127,0,2559,1995,434,320,0
127,1,2559,1995,571,1612,0
127,2,2559,1995,135,2521,0
127,3,2559,1995,1047,2342,0
127,4,2559,1995,1231,1324,0
127,5,2559,1995,675,751,0
127,6,2559,1995,1122,987,0
127,7,2559,1995,242,2916,0
127,8,2559,1995,1743,2319,0
127,9,2559,1995,2618,754,0
127,10,2559,1995,2910,1478,0
127,11,2559,1995,2108,832,0
127,12,2559,1995,2,1143,0
127,13,2559,1995,1115,2279,0
127,14,2559,1995,1977,415,0
127,15,2559,1995,2226,1439,0
127,16,2559,1995,2325,1601,0
127,17,2559,1995,2489,1612,0
127,18,2559,1995,488,2077,0
127,19,2559,1995,1366,798,0
127,20,2559,1995,190,1364,0
127,21,2559,1995,2898,1873,0
127,22,2559,1995,2802,484,0
127,23,2559,1995,1769,1361,0
127,24,2559,1995,1719,2907,0
127,25,2559,1995,203,816,0
127,26,2559,1995,1401,1966,0
127,27,2559,1995,565,2022,0
127,28,2559,1995,2418,1484,0
127,29,2559,1995,2744,2458,0
127,30,2559,1995,2840,2909,0
127,31,2559,1995,2633,2565,0
127,32,2559,1995,2705,1885,0
127,33,2559,1995,2153,2262,0
127,34,2559,1995,387,708,0
127,35,2559,1995,2510,1697,0
127,36,2559,1995,648,2898,0
127,37,2559,1995,652,1817,0
127,38,2559,1995,1578,698,0
127,39,2559,1995,2296,2101,0
127,40,2559,1995,1931,2689,0
127,41,2559,1995,526,1595,0
127,42,2559,1995,2293,1825,0
127,43,2559,1995,533,1404,0
127,44,2559,1995,2655,608,0
127,45,2559,1995,1891,927,0
127,46,2559,1995,362,551,0
127,47,2559,1995,517,432,0
127,48,2559,1995,554,2611,0
127,49,2559,1995,2495,1015,0
127,50,2559,1995,582,952,0
127,51,2559,1995,2325,1655,0
127,52,2559,1995,627,564,0
127,53,2559,1995,118,1718,0
127,54,2559,1995,1703,700,0
127,55,2559,1995,1698,1595,0
127,56,2559,1995,2867,2916,0
127,57,2559,1995,2436,1514,0
127,58,2559,1995,2012,2768,0
127,59,2559,1995,2307,1019,0
127,60,2559,1995,59,2441,0
127,61,2559,1995,1399,1108,0
127,62,2559,1995,2643,1912,0
127,63,2559,1995,2219,2119,0
127,64,2559,1995,2401,2202,0
127,65,2559,1995,387,1838,0
127,66,2559,1995,1601,1532,0
127,67,2559,1995,2837,72,0
127,68,2559,1995,1391,2951,0
127,69,2559,1995,595,1317,0
127,70,2559,1995,2920,540,0
127,71,2559,1995,2816,2465,0
127,72,2559,1995,2231,1907,0
127,73,2559,1995,1470,2429,0
127,74,2559,1995,2847,1382,0
127,75,2559,1995,1398,2370,0
127,76,2559,1995,1762,2756,0
127,77,2559,1995,95,1819,0
127,78,2559,1995,2814,2784,0
127,79,2559,1995,2728,847,0
127,80,2559,1995,1380,2542,0
127,81,2559,1995,1722,2778,0
127,82,2559,1995,2181,2634,0
127,83,2559,1995,2405,2720,0
127,84,2559,1995,2862,2797,0
127,85,2559,1995,598,2000,0
127,86,2559,1995,2675,1916,0
127,87,2559,1995,2094,513,0
127,88,2559,1995,89,2129,0
127,89,2559,1995,1347,973,0
127,90,2559,1995,1412,647,0
127,91,2559,1995,2716,1699,0
127,92,2559,1995,2679,301,0
127,93,2559,1995,2086,1982,0
127,94,2559,1995,750,2399,0
127,95,2559,1995,503,2249,0
127,96,2559,1995,1529,2820,0
127,97,2559,1995,116,1176,0
127,98,2559,1995,692,2813,0
127,99,2559,1995,231,639,0
127,100,2559,1995,2740,2598,0
127,101,2559,1995,224,2208,0
127,102,2559,1995,1683,724,0
127,103,2559,1995,1276,2330,0
127,104,2559,1995,107,933,0
127,105,2559,1995,1480,2153,0
127,106,2559,1995,891,1933,0
127,107,2559,1995,2849,2170,0
127,108,2559,1995,1226,2205,0
127,109,2559,1995,1117,460,0
127,110,2559,1995,1597,111,0
127,111,2559,1995,2174,2704,0
127,112,2559,1995,811,90,0
127,113,2559,1995,260,692,0
127,114,2559,1995,1967,1969,0
127,115,2559,1995,1133,2946,0
127,116,2559,1995,786,2901,0
127,117,2559,1995,312,1389,0
127,118,2559,1995,2476,340,0
127,119,2559,1995,2362,2436,0
127,120,2559,1995,1679,1396,0
127,121,2559,1995,2646,1977,1
127,122,2559,1995,1769,2613,0
127,123,2559,1995,636,2906,0
127,124,2559,1995,2503,2888,0
127,125,2559,1995,727,2051,0
127,126,2559,1995,339,2092,0
127,128,2559,1995,1491,2896,0
127,129,2559,1995,2256,1576,0
127,130,2559,1995,335,2848,0
127,131,2559,1995,1279,994,0
127,132,2559,1995,191,2042,0
127,133,2559,1995,2815,2594,0
127,134,2559,1995,1341,659,0
127,135,2559,1995,202,1952,0
127,136,2559,1995,2049,235,0
127,137,2559,1995,949,365,0
127,138,2559,1995,442,484,0
127,139,2559,1995,1496,989,0
127,140,2559,1995,1432,2260,0
127,141,2559,1995,378,1386,0
127,142,2559,1995,251,778,0
127,143,2559,1995,483,113,0
127,144,2559,1995,2426,100,0
127,145,2559,1995,2388,1563,0
127,146,2559,1995,2427,2993,0
127,147,2559,1995,1415,940,0
127,148,2559,1995,40,1221,0
127,149,2559,1995,415,137,0
127,150,2559,1995,256,2140,0
127,151,2559,1995,90,1522,0
127,152,2559,1995,1589,989,0
127,153,2559,1995,341,205,0
127,154,2559,1995,883,1339,0
127,155,2559,1995,280,1464,0
127,156,2559,1995,1201,2822,0
127,157,2559,1995,2942,1389,0
127,158,2559,1995,1138,2750,0
127,159,2559,1995,2639,1778,0
127,160,2559,1995,662,429,0
127,161,2559,1995,652,7,0
127,162,2559,1995,2034,2057,0
127,163,2559,1995,2854,2051,0
127,164,2559,1995,1441,1791,0
127,165,2559,1995,2428,256,0
127,166,2559,1995,112,2528,0
127,167,2559,1995,2873,2538,0
127,168,2559,1995,2900,823,0
127,169,2559,1995,263,2591,0
127,170,2559,1995,486,2698,0
127,171,2559,1995,568,150,0
127,172,2559,1995,1194,2604,0
127,173,2559,1995,1563,2193,0
127,174,2559,1995,882,2764,0
127,175,2559,1995,1800,2849,0
127,176,2559,1995,58,2694,0
127,177,2559,1995,2845,282,0
127,178,2559,1995,2776,2400,0
127,179,2559,1995,2493,1574,0
127,180,2559,1995,1075,1910,0
127,181,2559,1995,449,428,0
127,182,2559,1995,2039,1945,0
127,183,2559,1995,2887,271,0
127,184,2559,1995,1400,2901,0
127,185,2559,1995,2908,1118,0
127,186,2559,1995,1650,1604,0
127,187,2559,1995,2331,1718,0
127,188,2559,1995,1439,133,0
127,189,2559,1995,42,79,0
127,190,2559,1995,1558,1707,0
127,191,2559,1995,177,1143,0
127,192,2559,1995,2585,1501,0
127,193,2559,1995,888,374,0
127,194,2559,1995,263,2834,0
127,195,2559,1995,1595,2302,0
128,0,1491,2896,434,320,0
128,1,1491,2896,571,1612,0
128,2,1491,2896,135,2521,0
128,3,1491,2896,1047,2342,0
128,4,1491,2896,1231,1324,0
128,5,1491,2896,675,751,0
128,6,1491,2896,1122,987,0
128,7,1491,2896,242,2916,0
128,8,1491,2896,1743,2319,0
128,9,1491,2896,2618,754,0
128,10,1491,2896,2910,1478,0
128,11,1491,2896,2108,832,0
128,12,1491,2896,2,1143,0
128,13,1491,2896,1115,2279,0
128,14,1491,2896,1977,415,0
128,15,1491,2896,2226,1439,0
128,16,1491,2896,2325,1601,0
128,17,1491,2896,2489,1612,0
128,18,1491,2896,488,2077,0
128,19,1491,2896,1366,798,0
128,20,1491,2896,190,1364,0
128,21,1491,2896,2898,1873,0
128,22,1491,2896,2802,484,0
128,23,1491,2896,1769,1361,0
128,24,1491,2896,1719,2907,0
128,25,1491,2896,203,816,0
128,26,1491,2896,1401,1966,0
128,27,1491,2896,565,2022,0
128,28,1491,2896,2418,1484,0
128,29,1491,2896,2744,2458,0
128,30,1491,2896,2840,2909,0
128,31,1491,2896,2633,2565,0
128,32,1491,2896,2705,1885,0
128,33,1491,2896,2153,2262,0
128,34,1491,2896,387,708,0
128,35,1491,2896,2510,1697,0
128,36,1491,2896,648,2898,0
128,37,1491,2896,652,1817,0
128,38,1491,2896,1578,698,0
128,39,1491,2896,2296,2101,0
128,40,1491,2896,1931,2689,0
128,41,1491,2896,526,1595,0
128,42,1491,2896,2293,1825,0
128,43,1491,2896,533,1404,0
128,44,1491,2896,2655,608,0
128,45,1491,2896,1891,927,0
128,46,1491,2896,362,551,0
128,47,1491,2896,517,432,0
128,48,1491,2896,554,2611,0
128,49,1491,2896,2495,1015,0
128,50,1491,2896,582,952,0
128,51,1491,2896,2325,1655,0
128,52,1491,2896,627,564,0
128,53,1491,2896,118,1718,0
128,54,1491,2896,1703,700,0
128,55,1491,2896,1698,1595,0
128,56,1491,2896,2867,2916,0
128,57,1491,2896,2436,1514,0
128,58,1491,2896,2012,2768,0
128,59,1491,2896,2307,1019,0
128,60,1491,2896,59,2441,0
128,61,1491,2896,1399,1108,0
128,62,1491,2896,2643,1912,0
128,63,1491,2896,2219,2119,0
128,64,1491,2896,2401,2202,0
128,65,1491,2896,387,1838,0
128,66,1491,2896,1601,1532,0
128,67,1491,2896,2837,72,0
128,68,1491,2896,1391,2951,0
128,69,1491,2896,595,1317,0
128,70,1491,2896,2920,540,0
128,71,1491,2896,2816,2465,0
128,72,1491,2896,2231,1907,0
128,73,1491,2896,1470,2429,0
128,74,1491,2896,2847,1382,0
128,75,1491,2896,1398,2370,0
128,76,1491,2896,1762,2756,0
128,77,1491,2896,95,1819,0
128,78,1491,2896,2814,2784,0
128,79,1491,2896,2728,847,0
128,80,1491,2896,1380,2542,0
128,81,1491,2896,1722,2778,0
128,82,1491,2896,2181,2634,0
128,83,1491,2896,2405,2720,0
128,84,1491,2896,2862,2797,0
128,85,1491,2896,598,2000,0
128,86,1491,2896,2675,1916,0
128,87,1491,2896,2094,513,0
128,88,1491,2896,89,2129,0
128,89,1491,2896,1347,973,0
128,90,1491,2896,1412,647,0
128,91,1491,2896,2716,1699,0
128,92,1491,2896,2679,301,0
128,93,1491,2896,2086,1982,0
128,94,1491,2896,750,2399,0
128,95,1491,2896,503,2249,0
128,96,1491,2896,1529,2820,0
128,97,1491,2896,116,1176,0
128,98,1491,2896,692,2813,0
128,99,1491,2896,231,639,0
128,100,1491,2896,2740,2598,0
128,101,1491,2896,224,2208,0
128,102,1491,2896,1683,724,0
128,103,1491,2896,1276,2330,0
128,104,1491,2896,107,933,0
128,105,1491,2896,1480,2153,0
128,106,1491,2896,891,1933,0
128,107,1491,2896,2849,2170,0
128,108,1491,2896,1226,2205,0
128,109,1491,2896,1117,460,0
128,110,1491,2896,1597,111,0
128,111,1491,2896,2174,2704,0
128,112,1491,2896,811,90,0
128,113,1491,2896,260,692,0
128,114,1491,2896,1967,1969,0
128,115,1491,2896,1133,2946,0
128,116,1491,2896,786,2901,0
128,117,1491,2896,312,1389,0
128,118,1491,2896,2476,340,0
128,119,1491,2896,2362,2436,0
128,120,1491,2896,1679,1396,0
128,121,1491,2896,2646,1977,0
128,122,1491,2896,1769,2613,0
128,123,1491,2896,636,2906,0
128,124,1491,2896,2503,2888,0
128,125,1491,2896,727,2051,0
128,126,1491,2896,339,2092,0
128,127,1491,2896,2559,1995,0
128,129,1491,2896,2256,1576,0
128,130,1491,2896,335,2848,0
128,131,1491,2896,1279,994,0
128,132,1491,2896,191,2042,0
128,133,1491,2896,2815,2594,0
128,134,1491,2896,1341,659,0
128,135,1491,2896,202,1952,0
128,136,1491,2896,2049,235,0
128,137,1491,2896,949,365,0
128,138,1491,2896,442,484,0
128,139,1491,2896,1496,989,0
128,140,1491,2896,1432,2260,0
128,141,1491,2896,378,1386,0
128,142,1491,2896,251,778,0
128,143,1491,2896,483,113,0
128,144,1491,2896,2426,100,0
128,145,1491,2896,2388,1563,0
128,146,1491,2896,2427,2993,0
128,147,1491,2896,1415,940,0
128,148,1491,2896,40,1221,0
128,149,1491,2896,415,137,0
128,150,1491,2896,256,2140,0
128,151,1491,2896,90,1522,0
128,152,1491,2896,1589,989,0
128,153,1491,2896,341,205,0
128,154,1491,2896,883,1339,0
128,155,1491,2896,280,1464,0
128,156,1491,2896,1201,2822,0
128,157,1491,2896,2942,1389,0
128,158,1491,2896,1138,2750,0
128,159,1491,2896,2639,1778,0
128,160,1491,2896,662,429,0
128,161,1491,2896,652,7,0
128,162,1491,2896,2034,2057,0
128,163,1491,2896,2854,2051,0
128,164,1491,2896,1441,1791,0
128,165,1491,2896,2428,256,0
128,166,1491,2896,112,2528,0
128,167,1491,2896,2873,2538,0
128,168,1491,2896,2900,823,0
128,169,1491,2896,263,2591,0
128,170,1491,2896,486,2698,0
128,171,1491,2896,568,150,0
128,172,1491,2896,1194,2604,0
128,173,1491,2896,1563,2193,0
128,174,1491,2896,882,2764,0
128,175,1491,2896,1800,2849,0
128,176,1491,2896,58,2694,0
128,177,1491,2896,2845,282,0
128,178,1491,2896,2776,2400,0
128,179,1491,2896,2493,1574,0
128,180,1491,2896,1075,1910,0
128,181,1491,2896,449,428,0
128,182,1491,2896,2039,1945,0
128,183,1491,2896,2887,271,0
128,184,1491,2896,1400,2901,1
128,185,1491,2896,2908,1118,0
128,186,1491,2896,1650,1604,0
128,187,1491,2896,2331,1718,0
128,188,1491,2896,1439,133,0
128,189,1491,2896,42,79,0
128,190,1491,2896,1558,1707,0
128,191,1491,2896,177,1143,0
128,192,1491,2896,2585,1501,0
128,193,1491,2896,888,374,0
128,194,1491,2896,263,2834,0
128,195,1491,2896,1595,2302,0
129,0,2256,1576,434,320,0
129,1,2256,1576,571,1612,0
129,2,2256,1576,135,2521,0
129,3,2256,1576,1047,2342,0
129,4,2256,1576,1231,1324,0
129,5,2256,1576,675,751,0
129,6,2256,1576,1122,987,0
129,7,2256,1576,242,2916,0
129,8,2256,1576,1743,2319,0
129,9,2256,1576,2618,754,0
129,10,2256,1576,2910,1478,0
129,11,2256,1576,2108,832,0
129,12,2256,1576,2,1143,0
129,13,2256,1576,1115,2279,0
129,14,2256,1576,1977,415,0
129,15,2256,1576,2226,1439,0
129,16,2256,1576,2325,1601,1
129,17,2256,1576,2489,1612,0
129,18,2256,1576,488,2077,0
129,19,2256,1576,1366,798,0
129,20,2256,1576,190,1364,0
129,21,2256,1576,2898,1873,0
129,22,2256,1576,2802,484,0
129,23,2256,1576,1769,1361,0
129,24,2256,1576,1719,2907,0
129,25,2256,1576,203,816,0
129,26,2256,1576,1401,1966,0
129,27,2256,1576,565,2022,0
129,28,2256,1576,2418,1484,0
129,29,2256,1576,2744,2458,0
129,30,2256,1576,2840,2909,0
129,31,2256,1576,2633,2565,0
129,32,2256,1576,2705,1885,0
129,33,2256,1576,2153,2262,0
129,34,2256,1576,387,708,0
129,35,2256,1576,2510,1697,0
129,36,2256,1576,648,2898,0
129,37,2256,1576,652,1817,0
129,38,2256,1576,1578,698,0
129,39,2256,1576,2296,2101,0
129,40,2256,1576,1931,2689,0
129,41,2256,1576,526,1595,0
129,42,2256,1576,2293,1825,0
129,43,2256,1576,533,1404,0
129,44,2256,1576,2655,608,0
129,45,2256,1576,1891,927,0
129,46,2256,1576,362,551,0
129,47,2256,1576,517,432,0
129,48,2256,1576,554,2611,0
129,49,2256,1576,2495,1015,0
129,50,2256,1576,582,952,0
129,51,2256,1576,2325,1655,0
129,52,2256,1576,627,564,0
129,53,2256,1576,118,1718,0
129,54,2256,1576,1703,700,0
129,55,2256,1576,1698,1595,0
129,56,2256,1576,2867,2916,0
129,57,2256,1576,2436,1514,0
129,58,2256,1576,2012,2768,0
129,59,2256,1576,2307,1019,0
129,60,2256,1576,59,2441,0
129,61,2256,1576,1399,1108,0
129,62,2256,1576,2643,1912,0
129,63,2256,1576,2219,2119,0
129,64,2256,1576,2401,2202,0
129,65,2256,1576,387,1838,0
129,66,2256,1576,1601,1532,0
129,67,2256,1576,2837,72,0
129,68,2256,1576,1391,2951,0
129,69,2256,1576,595,1317,0
129,70,2256,1576,2920,540,0
129,71,2256,1576,2816,2465,0
129,72,2256,1576,2231,1907,0
129,73,2256,1576,1470,2429,0
129,74,2256,1576,2847,1382,0
129,75,2256,1576,1398,2370,0
129,76,2256,1576,1762,2756,0
129,77,2256,1576,95,1819,0
129,78,2256,1576,2814,2784,0
129,79,2256,1576,2728,847,0
129,80,2256,1576,1380,2542,0
129,81,2256,1576,1722,2778,0
129,82,2256,1576,2181,2634,0
129,83,2256,1576,2405,2720,0
129,84,2256,1576,2862,2797,0
129,85,2256,1576,598,2000,0
129,86,2256,1576,2675,1916,0
129,87,2256,1576,2094,513,0
129,88,2256,1576,89,2129,0
129,89,2256,1576,1347,973,0
129,90,2256,1576,1412,647,0
129,91,2256,1576,2716,1699,0
129,92,2256,1576,2679,301,0
129,93,2256,1576,2086,1982,0
129,94,2256,1576,750,2399,0
129,95,2256,1576,503,2249,0
129,96,2256,1576,1529,2820,0
129,97,2256,1576,116,1176,0
129,98,2256,1576,692,2813,0
129,99,2256,1576,231,639,0
129,100,2256,1576,2740,2598,0
129,101,2256,1576,224,2208,0
129,102,2256,1576,1683,724,0
129,103,2256,1576,1276,2330,0
129,104,2256,1576,107,933,0
129,105,2256,1576,1480,2153,0
129,106,2256,1576,891,1933,0
129,107,2256,1576,2849,2170,0
129,108,2256,1576,1226,2205,0
129,109,2256,1576,1117,460,0
129,110,2256,1576,1597,111,0
129,111,2256,1576,2174,2704,0
129,112,2256,1576,811,90,0
129,113,2256,1576,260,692,0
129,114,2256,1576,1967,1969,0
129,115,2256,1576,1133,2946,0
129,116,2256,1576,786,2901,0
129,117,2256,1576,312,1389,0
129,118,2256,1576,2476,340,0
129,119,2256,1576,2362,2436,0
129,120,2256,1576,1679,1396,0
129,121,2256,1576,2646,1977,0
129,122,2256,1576,1769,2613,0
129,123,2256,1576,636,2906,0
129,124,2256,1576,2503,2888,0
129,125,2256,1576,727,2051,0
129,126,2256,1576,339,2092,0
129,127,2256,1576,2559,1995,0
129,128,2256,1576,1491,2896,0
129,130,2256,1576,335,2848,0
129,131,2256,1576,1279,994,0
129,132,2256,1576,191,2042,0
129,133,2256,1576,2815,2594,0
129,134,2256,1576,1341,659,0
129,135,2256,1576,202,1952,0
129,136,2256,1576,2049,235,0
129,137,2256,1576,949,365,0
129,138,2256,1576,442,484,0
129,139,2256,1576,1496,989,0
129,140,2256,1576,1432,2260,0
129,141,2256,1576,378,1386,0
129,142,2256,1576,251,778,0
129,143,2256,1576,483,113,0
129,144,2256,1576,2426,100,0
129,145,2256,1576,2388,1563,0
129,146,2256,1576,2427,2993,0
129,147,2256,1576,1415,940,0
129,148,2256,1576,40,1221,0
129,149,2256,1576,415,137,0
129,150,2256,1576,256,2140,0
129,151,2256,1576,90,1522,0
129,152,2256,1576,1589,989,0
129,153,2256,1576,341,205,0
129,154,2256,1576,883,1339,0
129,155,2256,1576,280,1464,0
129,156,2256,1576,1201,2822,0
129,157,2256,1576,2942,1389,0
129,158,2256,1576,1138,2750,0
129,159,2256,1576,2639,1778,0
129,160,2256,1576,662,429,0
129,161,2256,1576,652,7,0
129,162,2256,1576,2034,2057,0
129,163,2256,1576,2854,2051,0
129,164,2256,1576,1441,1791,0
129,165,2256,1576,2428,256,0
129,166,2256,1576,112,2528,0
129,167,2256,1576,2873,2538,0
129,168,2256,1576,2900,823,0
129,169,2256,1576,263,2591,0
129,170,2256,1576,486,2698,0
129,171,2256,1576,568,150,0
129,172,2256,1576,1194,2604,0
129,173,2256,1576,1563,2193,0
129,174,2256,1576,882,2764,0
129,175,2256,1576,1800,2849,0
129,176,2256,1576,58,2694,0
129,177,2256,1576,2845,282,0
129,178,2256,1576,2776,2400,0
129,179,2256,1576,2493,1574,0
129,180,2256,1576,1075,1910,0
129,181,2256,1576,449,428,0
129,182,2256,1576,2039,1945,0
129,183,2256,1576,2887,271,0
129,184,2256,1576,1400,2901,0
129,185,2256,1576,2908,1118,0
129,186,2256,1576,1650,1604,0
129,187,2256,1576,2331,1718,0
129,188,2256,1576,1439,133,0
129,189,2256,1576,42,79,0
129,190,2256,1576,1558,1707,0
129,191,2256,1576,177,1143,0
129,192,2256,1576,2585,1501,0
129,193,2256,1576,888,374,0
129,194,2256,1576,263,2834,0
129,195,2256,1576,1595,2302,0
130,0,335,2848,434,320,0
130,1,335,2848,571,1612,0
130,2,335,2848,135,2521,0
130,3,335,2848,1047,2342,0
130,4,335,2848,1231,1324,0
130,5,335,2848,675,751,0
130,6,335,2848,1122,987,0
130,7,335,2848,242,2916,0
130,8,335,2848,1743,2319,0
130,9,335,2848,2618,754,0
130,10,335,2848,2910,1478,0
130,11,335,2848,2108,832,0
130,12,335,2848,2,1143,0
130,13,335,2848,1115,2279,0
130,14,335,2848,1977,415,0
130,15,335,2848,2226,1439,0
130,16,335,2848,2325,1601,0
130,17,335,2848,2489,1612,0
130,18,335,2848,488,2077,0
130,19,335,2848,1366,798,0
130,20,335,2848,190,1364,0
130,21,335,2848,2898,1873,0
130,22,335,2848,2802,484,0
130,23,335,2848,1769,1361,0
130,24,335,2848,1719,2907,0
130,25,335,2848,203,816,0
130,26,335,2848,1401,1966,0
130,27,335,2848,565,2022,0
130,28,335,2848,2418,1484,0
130,29,335,2848,2744,2458,0
130,30,335,2848,2840,2909,0
130,31,335,2848,2633,2565,0
130,32,335,2848,2705,1885,0
130,33,335,2848,2153,2262,0
130,34,335,2848,387,708,0
130,35,335,2848,2510,1697,0
130,36,335,2848,648,2898,0
130,37,335,2848,652,1817,0
130,38,335,2848,1578,698,0
130,39,335,2848,2296,2101,0
130,40,335,2848,1931,2689,0
130,41,335,2848,526,1595,0
130,42,335,2848,2293,1825,0
130,43,335,2848,533,1404,0
130,44,335,2848,2655,608,0
130,45,335,2848,1891,927,0
130,46,335,2848,362,551,0
130,47,335,2848,517,432,0
130,48,335,2848,554,2611,0
130,49,335,2848,2495,1015,0
130,50,335,2848,582,952,0
130,51,335,2848,2325,1655,0
130,52,335,2848,627,564,0
130,53,335,2848,118,1718,0
130,54,335,2848,1703,700,0
130,55,335,2848,1698,1595,0
130,56,335,2848,2867,2916,0
130,57,335,2848,2436,1514,0
130,58,335,2848,2012,2768,0
130,59,335,2848,2307,1019,0
130,60,335,2848,59,2441,0
130,61,335,2848,1399,1108,0
130,62,335,2848,2643,1912,0
130,63,335,2848,2219,2119,0
130,64,335,2848,2401,2202,0
130,65,335,2848,387,1838,0
130,66,335,2848,1601,1532,0
130,67,335,2848,2837,72,0
130,68,335,2848,1391,2951,0
130,69,335,2848,595,1317,0
130,70,335,2848,2920,540,0
130,71,335,2848,2816,2465,0
130,72,335,2848,2231,1907,0
130,73,335,2848,1470,2429,0
130,74,335,2848,2847,1382,0
130,75,335,2848,1398,2370,0
130,76,335,2848,1762,2756,0
130,77,335,2848,95,1819,0
130,78,335,2848,2814,2784,0
130,79,335,2848,2728,847,0
130,80,335,2848,1380,2542,0
130,81,335,2848,1722,2778,0
130,82,335,2848,2181,2634,0
130,83,335,2848,2405,2720,0
130,84,335,2848,2862,2797,0
130,85,335,2848,598,2000,0
130,86,335,2848,2675,1916,0
130,87,335,2848,2094,513,0
130,88,335,2848,89,2129,0
130,89,335,2848,1347,973,0
130,90,335,2848,1412,647,0
130,91,335,2848,2716,1699,0
130,92,335,2848,2679,301,0
130,93,335,2848,2086,1982,0
130,94,335,2848,750,2399,0
130,95,335,2848,503,2249,0
130,96,335,2848,1529,2820,0
130,97,335,2848,116,1176,0
130,98,335,2848,692,2813,0
130,99,335,2848,231,639,0
130,100,335,2848,2740,2598,0
130,101,335,2848,224,2208,0
130,102,335,2848,1683,724,0
130,103,335,2848,1276,2330,0
130,104,335,2848,107,933,0
130,105,335,2848,1480,2153,0
130,106,335,2848,891,1933,0
130,107,335,2848,2849,2170,0
130,108,335,2848,1226,2205,0
130,109,335,2848,1117,460,0
130,110,335,2848,1597,111,0
130,111,335,2848,2174,2704,0
130,112,335,2848,811,90,0
130,113,335,2848,260,692,0
130,114,335,2848,1967,1969,0
130,115,335,2848,1133,2946,0
130,116,335,2848,786,2901,0
130,117,335,2848,312,1389,0
130,118,335,2848,2476,340,0
130,119,335,2848,2362,2436,0
130,120,335,2848,1679,1396,0
130,121,335,2848,2646,1977,0
130,122,335,2848,1769,2613,0
130,123,335,2848,636,2906,0
130,124,335,2848,2503,2888,0
130,125,335,2848,727,2051,0
130,126,335,2848,339,2092,0
130,127,335,2848,2559,1995,0
130,128,335,2848,1491,2896,0
130,129,335,2848,2256,1576,0
130,131,335,2848,1279,994,0
130,132,335,2848,191,2042,0
130,133,335,2848,2815,2594,0
130,134,335,2848,1341,659,0
130,135,335,2848,202,1952,0
130,136,335,2848,2049,235,0
130,137,335,2848,949,365,0
130,138,335,2848,442,484,0
130,139,335,2848,1496,989,0
130,140,335,2848,1432,2260,0
130,141,335,2848,378,1386,0
130,142,335,2848,251,778,0
130,143,335,2848,483,113,0
130,144,335,2848,2426,100,0
130,145,335,2848,2388,1563,0
130,146,335,2848,2427,2993,0
130,147,335,2848,1415,940,0
130,148,335,2848,40,1221,0
130,149,335,2848,415,137,0
130,150,335,2848,256,2140,0
130,151,335,2848,90,1522,0
130,152,335,2848,1589,989,0
130,153,335,2848,341,205,0
130,154,335,2848,883,1339,0
130,155,335,2848,280,1464,0
130,156,335,2848,1201,2822,0
130,157,335,2848,2942,1389,0
130,158,335,2848,1138,2750,0
130,159,335,2848,2639,1778,0
130,160,335,2848,662,429,0
130,161,335,2848,652,7,0
130,162,335,2848,2034,2057,0
130,163,335,2848,2854,2051,0
130,164,335,2848,1441,1791,0
130,165,335,2848,2428,256,0
130,166,335,2848,112,2528,0
130,167,335,2848,2873,2538,0
130,168,335,2848,2900,823,0
130,169,335,2848,263,2591,0
130,170,335,2848,486,2698,0
130,171,335,2848,568,150,0
130,172,335,2848,1194,2604,0
130,173,335,2848,1563,2193,0
130,174,335,2848,882,2764,0
130,175,335,2848,1800,2849,0
130,176,335,2848,58,2694,0
130,177,335,2848,2845,282,0
130,178,335,2848,2776,2400,0
130,179,335,2848,2493,1574,0
130,180,335,2848,1075,1910,0
130,181,335,2848,449,428,0
130,182,335,2848,2039,1945,0
130,183,335,2848,2887,271,0
130,184,335,2848,1400,2901,0
130,185,335,2848,2908,1118,0
130,186,335,2848,1650,1604,0
130,187,335,2848,2331,1718,0
130,188,335,2848,1439,133,0
130,189,335,2848,42,79,0
130,190,335,2848,1558,1707,0
130,191,335,2848,177,1143,0
130,192,335,2848,2585,1501,0
130,193,335,2848,888,374,0
130,194,335,2848,263,2834,1
130,195,335,2848,1595,2302,0
131,0,1279,994,434,320,0
131,1,1279,994,571,1612,0
131,2,1279,994,135,2521,0
131,3,1279,994,1047,2342,0
131,4,1279,994,1231,1324,0
131,5,1279,994,675,751,0
131,6,1279,994,1122,987,1
131,7,1279,994,242,2916,0
131,8,1279,994,1743,2319,0
131,9,1279,994,2618,754,0
131,10,1279,994,2910,1478,0
131,11,1279,994,2108,832,0
131,12,1279,994,2,1143,0
131,13,1279,994,1115,2279,0
131,14,1279,994,1977,415,0
131,15,1279,994,2226,1439,0
131,16,1279,994,2325,1601,0
131,17,1279,994,2489,1612,0
131,18,1279,994,488,2077,0
131,19,1279,994,1366,798,0
131,20,1279,994,190,1364,0
131,21,1279,994,2898,1873,0
131,22,1279,994,2802,484,0
131,23,1279,994,1769,1361,0
131,24,1279,994,1719,2907,0
131,25,1279,994,203,816,0
131,26,1279,994,1401,1966,0
131,27,1279,994,565,2022,0
131,28,1279,994,2418,1484,0
131,29,1279,994,2744,2458,0
131,30,1279,994,2840,2909,0
131,31,1279,994,2633,2565,0
131,32,1279,994,2705,1885,0
131,33,1279,994,2153,2262,0
131,34,1279,994,387,708,0
131,35,1279,994,2510,1697,0
131,36,1279,994,648,2898,0
131,37,1279,994,652,1817,0
131,38,1279,994,1578,698,0
131,39,1279,994,2296,2101,0
131,40,1279,994,1931,2689,0
131,41,1279,994,526,1595,0
131,42,1279,994,2293,1825,0
131,43,1279,994,533,1404,0
131,44,1279,994,2655,608,0
131,45,1279,994,1891,927,0
131,46,1279,994,362,551,0
131,47,1279,994,517,432,0
131,48,1279,994,554,2611,0
131,49,1279,994,2495,1015,0
131,50,1279,994,582,952,0
131,51,1279,994,2325,1655,0
131,52,1279,994,627,564,0
131,53,1279,994,118,1718,0
131,54,1279,994,1703,700,0
131,55,1279,994,1698,1595,0
131,56,1279,994,2867,2916,0
131,57,1279,994,2436,1514,0
131,58,1279,994,2012,2768,0
131,59,1279,994,2307,1019,0
131,60,1279,994,59,2441,0
131,61,1279,994,1399,1108,0
131,62,1279,994,2643,1912,0
131,63,1279,994,2219,2119,0
131,64,1279,994,2401,2202,0
131,65,1279,994,387,1838,0
131,66,1279,994,1601,1532,0
131,67,1279,994,2837,72,0
131,68,1279,994,1391,2951,0
131,69,1279,994,595,1317,0
131,70,1279,994,2920,540,0
131,71,1279,994,2816,2465,0
131,72,1279,994,2231,1907,0
131,73,1279,994,1470,2429,0
131,74,1279,994,2847,1382,0
131,75,1279,994,1398,2370,0
131,76,1279,994,1762,2756,0
131,77,1279,994,95,1819,0
131,78,1279,994,2814,2784,0
131,79,1279,994,2728,847,0
131,80,1279,994,1380,2542,0
131,81,1279,994,1722,2778,0
131,82,1279,994,2181,2634,0
131,83,1279,994,2405,2720,0
131,84,1279,994,2862,2797,0
131,85,1279,994,598,2000,0
131,86,1279,994,2675,1916,0
131,87,1279,994,2094,513,0
131,88,1279,994,89,2129,0
131,89,1279,994,1347,973,0
131,90,1279,994,1412,647,0
131,91,1279,994,2716,1699,0
131,92,1279,994,2679,301,0
131,93,1279,994,2086,1982,0
131,94,1279,994,750,2399,0
131,95,1279,994,503,2249,0
131,96,1279,994,1529,2820,0
131,97,1279,994,116,1176,0
131,98,1279,994,692,2813,0
131,99,1279,994,231,639,0
131,100,1279,994,2740,2598,0
131,101,1279,994,224,2208,0
131,102,1279,994,1683,724,0
131,103,1279,994,1276,2330,0
131,104,1279,994,107,933,0
131,105,1279,994,1480,2153,0
131,106,1279,994,891,1933,0
131,107,1279,994,2849,2170,0
131,108,1279,994,1226,2205,0
131,109,1279,994,1117,460,0
131,110,1279,994,1597,111,0
131,111,1279,994,2174,2704,0
131,112,1279,994,811,90,0
131,113,1279,994,260,692,0
131,114,1279,994,1967,1969,0
131,115,1279,994,1133,2946,0
131,116,1279,994,786,2901,0
131,117,1279,994,312,1389,0
131,118,1279,994,2476,340,0
131,119,1279,994,2362,2436,0
131,120,1279,994,1679,1396,0
131,121,1279,994,2646,1977,0
131,122,1279,994,1769,2613,0
131,123,1279,994,636,2906,0
131,124,1279,994,2503,2888,0
131,125,1279,994,727,2051,0
131,126,1279,994,339,2092,0
131,127,1279,994,2559,1995,0
131,128,1279,994,1491,2896,0
131,129,1279,994,2256,1576,0
131,130,1279,994,335,2848,0
131,132,1279,994,191,2042,0
131,133,1279,994,2815,2594,0
131,134,1279,994,1341,659,0
131,135,1279,994,202,1952,0
131,136,1279,994,2049,235,0
131,137,1279,994,949,365,0
131,138,1279,994,442,484,0
131,139,1279,994,1496,989,0
131,140,1279,994,1432,2260,0
131,141,1279,994,378,1386,0
131,142,1279,994,251,778,0
131,143,1279,994,483,113,0
131,144,1279,994,2426,100,0
131,145,1279,994,2388,1563,0
131,146,1279,994,2427,2993,0
131,147,1279,994,1415,940,0
131,148,1279,994,40,1221,0
131,149,1279,994,415,137,0
131,150,1279,994,256,2140,0
131,151,1279,994,90,1522,0
131,152,1279,994,1589,989,0
131,153,1279,994,341,205,0
131,154,1279,994,883,1339,0
131,155,1279,994,280,1464,0
131,156,1279,994,1201,2822,0
131,157,1279,994,2942,1389,0
131,158,1279,994,1138,2750,0
131,159,1279,994,2639,1778,0
131,160,1279,994,662,429,0
131,161,1279,994,652,7,0
131,162,1279,994,2034,2057,0
131,163,1279,994,2854,2051,0
131,164,1279,994,1441,1791,0
131,165,1279,994,2428,256,0
131,166,1279,994,112,2528,0
131,167,1279,994,2873,2538,0
131,168,1279,994,2900,823,0
131,169,1279,994,263,2591,0
131,170,1279,994,486,2698,0
131,171,1279,994,568,150,0
131,172,1279,994,1194,2604,0
131,173,1279,994,1563,2193,0
131,174,1279,994,882,2764,0
131,175,1279,994,1800,2849,0
131,176,1279,994,58,2694,0
131,177,1279,994,2845,282,0
131,178,1279,994,2776,2400,0
131,179,1279,994,2493,1574,0
131,180,1279,994,1075,1910,0
131,181,1279,994,449,428,0
131,182,1279,994,2039,1945,0
131,183,1279,994,2887,271,0
131,184,1279,994,1400,2901,0
131,185,1279,994,2908,1118,0
131,186,1279,994,1650,1604,0
131,187,1279,994,2331,1718,0
131,188,1279,994,1439,133,0
131,189,1279,994,42,79,0
131,190,1279,994,1558,1707,0
131,191,1279,994,177,1143,0
131,192,1279,994,2585,1501,0
131,193,1279,994,888,374,0
131,194,1279,994,263,2834,0
131,195,1279,994,1595,2302,0
132,0,191,2042,434,320,0
132,1,191,2042,571,1612,0
132,2,191,2042,135,2521,0
132,3,191,2042,1047,2342,0
132,4,191,2042,1231,1324,0
132,5,191,2042,675,751,0
132,6,191,2042,1122,987,0
132,7,191,2042,242,2916,0
132,8,191,2042,1743,2319,0
132,9,191,2042,2618,754,0
132,10,191,2042,2910,1478,0
132,11,191,2042,2108,832,0
132,12,191,2042,2,1143,0
132,13,191,2042,1115,2279,0
132,14,191,2042,1977,415,0
132,15,191,2042,2226,1439,0
132,16,191,2042,2325,1601,0
132,17,191,2042,2489,1612,0
132,18,191,2042,488,2077,0
132,19,191,2042,1366,798,0
132,20,191,2042,190,1364,0
132,21,191,2042,2898,1873,0
132,22,191,2042,2802,484,0
132,23,191,2042,1769,1361,0
132,24,191,2042,1719,2907,0
132,25,191,2042,203,816,0
132,26,191,2042,1401,1966,0
132,27,191,2042,565,2022,0
132,28,191,2042,2418,1484,0
132,29,191,2042,2744,2458,0
132,30,191,2042,2840,2909,0
132,31,191,2042,2633,2565,0
132,32,191,2042,2705,1885,0
132,33,191,2042,2153,2262,0
132,34,191,2042,387,708,0
132,35,191,2042,2510,1697,0
132,36,191,2042,648,2898,0
132,37,191,2042,652,1817,0
132,38,191,2042,1578,698,0
132,39,191,2042,2296,2101,0
132,40,191,2042,1931,2689,0
132,41,191,2042,526,1595,0
132,42,191,2042,2293,1825,0
132,43,191,2042,533,1404,0
132,44,191,2042,2655,608,0
132,45,191,2042,1891,927,0
132,46,191,2042,362,551,0
132,47,191,2042,517,432,0
132,48,191,2042,554,2611,0
132,49,191,2042,2495,1015,0
132,50,191,2042,582,952,0
132,51,191,2042,2325,1655,0
132,52,191,2042,627,564,0
132,53,191,2042,118,1718,0
132,54,191,2042,1703,700,0
132,55,191,2042,1698,1595,0
132,56,191,2042,2867,2916,0
132,57,191,2042,2436,1514,0
132,58,191,2042,2012,2768,0
132,59,191,2042,2307,1019,0
132,60,191,2042,59,2441,0
132,61,191,2042,1399,1108,0
132,62,191,2042,2643,1912,0
132,63,191,2042,2219,2119,0
132,64,191,2042,2401,2202,0
132,65,191,2042,387,1838,0
132,66,191,2042,1601,1532,0
132,67,191,2042,2837,72,0
132,68,191,2042,1391,2951,0
132,69,191,2042,595,1317,0
132,70,191,2042,2920,540,0
132,71,191,2042,2816,2465,0
132,72,191,2042,2231,1907,0
132,73,191,2042,1470,2429,0
132,74,191,2042,2847,1382,0
132,75,191,2042,1398,2370,0
132,76,191,2042,1762,2756,0
132,77,191,2042,95,1819,0
132,78,191,2042,2814,2784,0
132,79,191,2042,2728,847,0
132,80,191,2042,1380,2542,0
132,81,191,2042,1722,2778,0
132,82,191,2042,2181,2634,0
132,83,191,2042,2405,2720,0
132,84,191,2042,2862,2797,0
132,85,191,2042,598,2000,0
132,86,191,2042,2675,1916,0
132,87,191,2042,2094,513,0
132,88,191,2042,89,2129,0
132,89,191,2042,1347,973,0
132,90,191,2042,1412,647,0
132,91,191,2042,2716,1699,0
132,92,191,2042,2679,301,0
132,93,191,2042,2086,1982,0
132,94,191,2042,750,2399,0
132,95,191,2042,503,2249,0
132,96,191,2042,1529,2820,0
132,97,191,2042,116,1176,0
132,98,191,2042,692,2813,0
132,99,191,2042,231,639,0
132,100,191,2042,2740,2598,0
132,101,191,2042,224,2208,1
132,102,191,2042,1683,724,0
132,103,191,2042,1276,2330,0
132,104,191,2042,107,933,0
132,105,191,2042,1480,2153,0
132,106,191,2042,891,1933,0
132,107,191,2042,2849,2170,0
132,108,191,2042,1226,2205,0
132,109,191,2042,1117,460,0
132,110,191,2042,1597,111,0
132,111,191,2042,2174,2704,0
132,112,191,2042,811,90,0
132,113,191,2042,260,692,0
132,114,191,2042,1967,1969,0
132,115,191,2042,1133,2946,0
132,116,191,2042,786,2901,0
132,117,191,2042,312,1389,0
132,118,191,2042,2476,340,0
132,119,191,2042,2362,2436,0
132,120,191,2042,1679,1396,0
132,121,191,2042,2646,1977,0
132,122,191,2042,1769,2613,0
132,123,191,2042,636,2906,0
132,124,191,2042,2503,2888,0
132,125,191,2042,727,2051,0
132,126,191,2042,339,2092,0
132,127,191,2042,2559,1995,0
132,128,191,2042,1491,2896,0
132,129,191,2042,2256,1576,0
132,130,191,2042,335,2848,0
132,131,191,2042,1279,994,0
132,133,191,2042,2815,2594,0
132,134,191,2042,1341,659,0
132,135,191,2042,202,1952,0
132,136,191,2042,2049,235,0
132,137,191,2042,949,365,0
132,138,191,2042,442,484,0
132,139,191,2042,1496,989,0
132,140,191,2042,1432,2260,0
132,141,191,2042,378,1386,0
132,142,191,2042,251,778,0
132,143,191,2042,483,113,0
132,144,191,2042,2426,100,0
132,145,191,2042,2388,1563,0
132,146,191,2042,2427,2993,0
132,147,191,2042,1415,940,0
132,148,191,2042,40,1221,0
132,149,191,2042,415,137,0
132,150,191,2042,256,2140,0
132,151,191,2042,90,1522,0
132,152,191,2042,1589,989,0
132,153,191,2042,341,205,0
132,154,191,2042,883,1339,0
132,155,191,2042,280,1464,0
132,156,191,2042,1201,2822,0
132,157,191,2042,2942,1389,0
132,158,191,2042,1138,2750,0
132,159,191,2042,2639,1778,0
132,160,191,2042,662,429,0
132,161,191,2042,652,7,0
132,162,191,2042,2034,2057,0
132,163,191,2042,2854,2051,0
132,164,191,2042,1441,1791,0
132,165,191,2042,2428,256,0
132,166,191,2042,112,2528,0
132,167,191,2042,2873,2538,0
132,168,191,2042,2900,823,0
132,169,191,2042,263,2591,0
132,170,191,2042,486,2698,0
132,171,191,2042,568,150,0
132,172,191,2042,1194,2604,0
132,173,191,2042,1563,2193,0
132,174,191,2042,882,2764,0
132,175,191,2042,1800,2849,0
132,176,191,2042,58,2694,0
132,177,191,2042,2845,282,0
132,178,191,2042,2776,2400,0
132,179,191,2042,2493,1574,0
132,180,191,2042,1075,1910,0
132,181,191,2042,449,428,0
132,182,191,2042,2039,1945,0
132,183,191,2042,2887,271,0
132,184,191,2042,1400,2901,0
132,185,191,2042,2908,1118,0
132,186,191,2042,1650,1604,0
132,187,191,2042,2331,1718,0
132,188,191,2042,1439,133,0
132,189,191,2042,42,79,0
132,190,191,2042,1558,1707,0
132,191,191,2042,177,1143,0
132,192,191,2042,2585,1501,0
132,193,191,2042,888,374,0
132,194,191,2042,263,2834,0
132,195,191,2042,1595,2302,0
133,0,2815,2594,434,320,0
133,1,2815,2594,571,1612,0
133,2,2815,2594,135,2521,0
133,3,2815,2594,1047,2342,0
133,4,2815,2594,1231,1324,0
133,5,2815,2594,675,751,0
133,6,2815,2594,1122,987,0
133,7,2815,2594,242,2916,0
133,8,2815,2594,1743,2319,0
133,9,2815,2594,2618,754,0
133,10,2815,2594,2910,1478,0
133,11,2815,2594,2108,832,0
133,12,2815,2594,2,1143,0
133,13,2815,2594,1115,2279,0
133,14,2815,2594,1977,415,0
133,15,2815,2594,2226,1439,0
133,16,2815,2594,2325,1601,0
133,17,2815,2594,2489,1612,0
133,18,2815,2594,488,2077,0
133,19,2815,2594,1366,798,0
133,20,2815,2594,190,1364,0
133,21,2815,2594,2898,1873,0
133,22,2815,2594,2802,484,0
133,23,2815,2594,1769,1361,0
133,24,2815,2594,1719,2907,0
133,25,2815,2594,203,816,0
133,26,2815,2594,1401,1966,0
133,27,2815,2594,565,2022,0
133,28,2815,2594,2418,1484,0
133,29,2815,2594,2744,2458,0
133,30,2815,2594,2840,2909,0
133,31,2815,2594,2633,2565,0
133,32,2815,2594,2705,1885,0
133,33,2815,2594,2153,2262,0
133,34,2815,2594,387,708,0
133,35,2815,2594,2510,1697,0
133,36,2815,2594,648,2898,0
133,37,2815,2594,652,1817,0
133,38,2815,2594,1578,698,0
133,39,2815,2594,2296,2101,0
133,40,2815,2594,1931,2689,0
133,41,2815,2594,526,1595,0
133,42,2815,2594,2293,1825,0
133,43,2815,2594,533,1404,0
133,44,2815,2594,2655,608,0
133,45,2815,2594,1891,927,0
133,46,2815,2594,362,551,0
133,47,2815,2594,517,432,0
133,48,2815,2594,554,2611,0
133,49,2815,2594,2495,1015,0
133,50,2815,2594,582,952,0
133,51,2815,2594,2325,1655,0
133,52,2815,2594,627,564,0
133,53,2815,2594,118,1718,0
133,54,2815,2594,1703,700,0
133,55,2815,2594,1698,1595,0
133,56,2815,2594,2867,2916,0
133,57,2815,2594,2436,1514,0
133,58,2815,2594,2012,2768,0
133,59,2815,2594,2307,1019,0
133,60,2815,2594,59,2441,0
133,61,2815,2594,1399,1108,0
133,62,2815,2594,2643,1912,0
133,63,2815,2594,2219,2119,0
133,64,2815,2594,2401,2202,0
133,65,2815,2594,387,1838,0
133,66,2815,2594,1601,1532,0
133,67,2815,2594,2837,72,0
133,68,2815,2594,1391,2951,0
133,69,2815,2594,595,1317,0
133,70,2815,2594,2920,540,0
133,71,2815,2594,2816,2465,0
133,72,2815,2594,2231,1907,0
133,73,2815,2594,1470,2429,0
133,74,2815,2594,2847,1382,0
133,75,2815,2594,1398,2370,0
133,76,2815,2594,1762,2756,0
133,77,2815,2594,95,1819,0
133,78,2815,2594,2814,2784,0
133,79,2815,2594,2728,847,0
133,80,2815,2594,1380,2542,0
133,81,2815,2594,1722,2778,0
133,82,2815,2594,2181,2634,0
133,83,2815,2594,2405,2720,0
133,84,2815,2594,2862,2797,0
133,85,2815,2594,598,2000,0
133,86,2815,2594,2675,1916,0
133,87,2815,2594,2094,513,0
133,88,2815,2594,89,2129,0
133,89,2815,2594,1347,973,0
133,90,2815,2594,1412,647,0
133,91,2815,2594,2716,1699,0
133,92,2815,2594,2679,301,0
133,93,2815,2594,2086,1982,0
133,94,2815,2594,750,2399,0
133,95,2815,2594,503,2249,0
133,96,2815,2594,1529,2820,0
133,97,2815,2594,116,1176,0
133,98,2815,2594,692,2813,0
133,99,2815,2594,231,639,0
133,100,2815,2594,2740,2598,1
133,101,2815,2594,224,2208,0
133,102,2815,2594,1683,724,0
133,103,2815,2594,1276,2330,0
133,104,2815,2594,107,933,0
133,105,2815,2594,1480,2153,0
133,106,2815,2594,891,1933,0
133,107,2815,2594,2849,2170,0
133,108,2815,2594,1226,2205,0
133,109,2815,2594,1117,460,0
133,110,2815,2594,1597,111,0
133,111,2815,2594,2174,2704,0
133,112,2815,2594,811,90,0
133,113,2815,2594,260,692,0
133,114,2815,2594,1967,1969,0
133,115,2815,2594,1133,2946,0
133,116,2815,2594,786,2901,0
133,117,2815,2594,312,1389,0
133,118,2815,2594,2476,340,0
133,119,2815,2594,2362,2436,0
133,120,2815,2594,1679,1396,0
133,121,2815,2594,2646,1977,0
133,122,2815,2594,1769,2613,0
133,123,2815,2594,636,2906,0
133,124,2815,2594,2503,2888,0
133,125,2815,2594,727,2051,0
133,126,2815,2594,339,2092,0
133,127,2815,2594,2559,1995,0
133,128,2815,2594,1491,2896,0
133,129,2815,2594,2256,1576,0
133,130,2815,2594,335,2848,0
133,131,2815,2594,1279,994,0
133,132,2815,2594,191,2042,0
133,134,2815,2594,1341,659,0
133,135,2815,2594,202,1952,0
133,136,2815,2594,2049,235,0
133,137,2815,2594,949,365,0
133,138,2815,2594,442,484,0
133,139,2815,2594,1496,989,0
133,140,2815,2594,1432,2260,0
133,141,2815,2594,378,1386,0
133,142,2815,2594,251,778,0
133,143,2815,2594,483,113,0
133,144,2815,2594,2426,100,0
133,145,2815,2594,2388,1563,0
133,146,2815,2594,2427,2993,0
133,147,2815,2594,1415,940,0
133,148,2815,2594,40,1221,0
133,149,2815,2594,415,137,0
133,150,2815,2594,256,2140,0
133,151,2815,2594,90,1522,0
133,152,2815,2594,1589,989,0
133,153,2815,2594,341,205,0
133,154,2815,2594,883,1339,0
133,155,2815,2594,280,1464,0
133,156,2815,2594,1201,2822,0
133,157,2815,2594,2942,1389,0
133,158,2815,2594,1138,2750,0
133,159,2815,2594,2639,1778,0
133,160,2815,2594,662,429,0
133,161,2815,2594,652,7,0
133,162,2815,2594,2034,2057,0
133,163,2815,2594,2854,2051,0
133,164,2815,2594,1441,1791,0
133,165,2815,2594,2428,256,0
133,166,2815,2594,112,2528,0
133,167,2815,2594,2873,2538,0
133,168,2815,2594,2900,823,0
133,169,2815,2594,263,2591,0
133,170,2815,2594,486,2698,0
133,171,2815,2594,568,150,0
133,172,2815,2594,1194,2604,0
133,173,2815,2594,1563,2193,0
133,174,2815,2594,882,2764,0
133,175,2815,2594,1800,2849,0
133,176,2815,2594,58,2694,0
133,177,2815,2594,2845,282,0
133,178,2815,2594,2776,2400,0
133,179,2815,2594,2493,1574,0
133,180,2815,2594,1075,1910,0
133,181,2815,2594,449,428,0
133,182,2815,2594,2039,1945,0
133,183,2815,2594,2887,271,0
133,184,2815,2594,1400,2901,0
133,185,2815,2594,2908,1118,0
133,186,2815,2594,1650,1604,0
133,187,2815,2594,2331,1718,0
133,188,2815,2594,1439,133,0
133,189,2815,2594,42,79,0
133,190,2815,2594,1558,1707,0
133,191,2815,2594,177,1143,0
133,192,2815,2594,2585,1501,0
133,193,2815,2594,888,374,0
133,194,2815,2594,263,2834,0
133,195,2815,2594,1595,2302,0
134,0,1341,659,434,320,0
134,1,1341,659,571,1612,0
134,2,1341,659,135,2521,0
134,3,1341,659,1047,2342,0
134,4,1341,659,1231,1324,0
134,5,1341,659,675,751,0
134,6,1341,659,1122,987,0
134,7,1341,659,242,2916,0
134,8,1341,659,1743,2319,0
134,9,1341,659,2618,754,0
134,10,1341,659,2910,1478,0
134,11,1341,659,2108,832,0
134,12,1341,659,2,1143,0
134,13,1341,659,1115,2279,0
134,14,1341,659,1977,415,0
134,15,1341,659,2226,1439,0
134,16,1341,659,2325,1601,0
134,17,1341,659,2489,1612,0
134,18,1341,659,488,2077,0
134,19,1341,659,1366,798,1
134,20,1341,659,190,1364,0
134,21,1341,659,2898,1873,0
134,22,1341,659,2802,484,0
134,23,1341,659,1769,1361,0
134,24,1341,659,1719,2907,0
134,25,1341,659,203,816,0
134,26,1341,659,1401,1966,0
134,27,1341,659,565,2022,0
134,28,1341,659,2418,1484,0
134,29,1341,659,2744,2458,0
134,30,1341,659,2840,2909,0
134,31,1341,659,2633,2565,0
134,32,1341,659,2705,1885,0
134,33,1341,659,2153,2262,0
134,34,1341,659,387,708,0
134,35,1341,659,2510,1697,0
134,36,1341,659,648,2898,0
134,37,1341,659,652,1817,0
134,38,1341,659,1578,698,0
134,39,1341,659,2296,2101,0
134,40,1341,659,1931,2689,0
134,41,1341,659,526,1595,0
134,42,1341,659,2293,1825,0
134,43,1341,659,533,1404,0
134,44,1341,659,2655,608,0
134,45,1341,659,1891,927,0
134,46,1341,659,362,551,0
134,47,1341,659,517,432,0
134,48,1341,659,554,2611,0
134,49,1341,659,2495,1015,0
134,50,1341,659,582,952,0
134,51,1341,659,2325,1655,0
134,52,1341,659,627,564,0
134,53,1341,659,118,1718,0
134,54,1341,659,1703,700,0
134,55,1341,659,1698,1595,0
134,56,1341,659,2867,2916,0
134,57,1341,659,2436,1514,0
134,58,1341,659,2012,2768,0
134,59,1341,659,2307,1019,0
134,60,1341,659,59,2441,0
134,61,1341,659,1399,1108,0
134,62,1341,659,2643,1912,0
134,63,1341,659,2219,2119,0
134,64,1341,659,2401,2202,0
134,65,1341,659,387,1838,0
134,66,1341,659,1601,1532,0
134,67,1341,659,2837,72,0
134,68,1341,659,1391,2951,0
134,69,1341,659,595,1317,0
134,70,1341,659,2920,540,0
134,71,1341,659,2816,2465,0
134,72,1341,659,2231,1907,0
134,73,1341,659,1470,2429,0
134,74,1341,659,2847,1382,0
134,75,1341,659,1398,2370,0
134,76,1341,659,1762,2756,0
134,77,1341,659,95,1819,0
134,78,1341,659,2814,2784,0
134,79,1341,659,2728,847,0
134,80,1341,659,1380,2542,0
134,81,1341,659,1722,2778,0
134,82,1341,659,2181,2634,0
134,83,1341,659,2405,2720,0
134,84,1341,659,2862,2797,0
134,85,1341,659,598,2000,0
134,86,1341,659,2675,1916,0
134,87,1341,659,2094,513,0
134,88,1341,659,89,2129,0
134,89,1341,659,1347,973,0
134,90,1341,659,1412,647,0
134,91,1341,659,2716,1699,0
134,92,1341,659,2679,301,0
134,93,1341,659,2086,1982,0
134,94,1341,659,750,2399,0
134,95,1341,659,503,2249,0
134,96,1341,659,1529,2820,0
134,97,1341,659,116,1176,0
134,98,1341,659,692,2813,0
134,99,1341,659,231,639,0
134,100,1341,659,2740,2598,0
134,101,1341,659,224,2208,0
134,102,1341,659,1683,724,0
134,103,1341,659,1276,2330,0
134,104,1341,659,107,933,0
134,105,1341,659,1480,2153,0
134,106,1341,659,891,1933,0
134,107,1341,659,2849,2170,0
134,108,1341,659,1226,2205,0
134,109,1341,659,1117,460,0
134,110,1341,659,1597,111,0
134,111,1341,659,2174,2704,0
134,112,1341,659,811,90,0
134,113,1341,659,260,692,0
134,114,1341,659,1967,1969,0
134,115,1341,659,1133,2946,0
134,116,1341,659,786,2901,0
134,117,1341,659,312,1389,0
134,118,1341,659,2476,340,0
134,119,1341,659,2362,2436,0
134,120,1341,659,1679,1396,0
134,121,1341,659,2646,1977,0
134,122,1341,659,1769,2613,0
134,123,1341,659,636,2906,0
134,124,1341,659,2503,2888,0
134,125,1341,659,727,2051,0
134,126,1341,659,339,2092,0
134,127,1341,659,2559,1995,0
134,128,1341,659,1491,2896,0
134,129,1341,659,2256,1576,0
134,130,1341,659,335,2848,0
134,131,1341,659,1279,994,0
134,132,1341,659,191,2042,0
134,133,1341,659,2815,2594,0
134,135,1341,659,202,1952,0
134,136,1341,659,2049,235,0
134,137,1341,659,949,365,0
134,138,1341,659,442,484,0
134,139,1341,659,1496,989,0
134,140,1341,659,1432,2260,0
134,141,1341,659,378,1386,0
134,142,1341,659,251,778,0
134,143,1341,659,483,113,0
134,144,1341,659,2426,100,0
134,145,1341,659,2388,1563,0
134,146,1341,659,2427,2993,0
134,147,1341,659,1415,940,0
134,148,1341,659,40,1221,0
134,149,1341,659,415,137,0
134,150,1341,659,256,2140,0
134,151,1341,659,90,1522,0
134,152,1341,659,1589,989,0
134,153,1341,659,341,205,0
134,154,1341,659,883,1339,0
134,155,1341,659,280,1464,0
134,156,1341,659,1201,2822,0
134,157,1341,659,2942,1389,0
134,158,1341,659,1138,2750,0
134,159,1341,659,2639,1778,0
134,160,1341,659,662,429,0
134,161,1341,659,652,7,0
134,162,1341,659,2034,2057,0
134,163,1341,659,2854,2051,0
134,164,1341,659,1441,1791,0
134,165,1341,659,2428,256,0
134,166,1341,659,112,2528,0
134,167,1341,659,2873,2538,0
134,168,1341,659,2900,823,0
134,169,1341,659,263,2591,0
134,170,1341,659,486,2698,0
134,171,1341,659,568,150,0
134,172,1341,659,1194,2604,0
134,173,1341,659,1563,2193,0
134,174,1341,659,882,2764,0
134,175,1341,659,1800,2849,0
134,176,1341,659,58,2694,0
134,177,1341,659,2845,282,0
134,178,1341,659,2776,2400,0
134,179,1341,659,2493,1574,0
134,180,1341,659,1075,1910,0
134,181,1341,659,449,428,0
134,182,1341,659,2039,1945,0
134,183,1341,659,2887,271,0
134,184,1341,659,1400,2901,0
134,185,1341,659,2908,1118,0
134,186,1341,659,1650,1604,0
134,187,1341,659,2331,1718,0
134,188,1341,659,1439,133,0
134,189,1341,659,42,79,0
134,190,1341,659,1558,1707,0
134,191,1341,659,177,1143,0
134,192,1341,659,2585,1501,0
134,193,1341,659,888,374,0
134,194,1341,659,263,2834,0
134,195,1341,659,1595,2302,0
135,0,202,1952,434,320,0
135,1,202,1952,571,1612,0
135,2,202,1952,135,2521,0
135,3,202,1952,1047,2342,0
135,4,202,1952,1231,1324,0
135,5,202,1952,675,751,0
135,6,202,1952,1122,987,0
135,7,202,1952,242,2916,0
135,8,202,1952,1743,2319,0
135,9,202,1952,2618,754,0
135,10,202,1952,2910,1478,0
135,11,202,1952,2108,832,0
135,12,202,1952,2,1143,0
135,13,202,1952,1115,2279,0
135,14,202,1952,1977,415,0
135,15,202,1952,2226,1439,0
135,16,202,1952,2325,1601,0
135,17,202,1952,2489,1612,0
135,18,202,1952,488,2077,0
135,19,202,1952,1366,798,0
135,20,202,1952,190,1364,0
135,21,202,1952,2898,1873,0
135,22,202,1952,2802,484,0
135,23,202,1952,1769,1361,0
135,24,202,1952,1719,2907,0
135,25,202,1952,203,816,0
135,26,202,1952,1401,1966,0
135,27,202,1952,565,2022,0
135,28,202,1952,2418,1484,0
135,29,202,1952,2744,2458,0
135,30,202,1952,2840,2909,0
135,31,202,1952,2633,2565,0
135,32,202,1952,2705,1885,0
135,33,202,1952,2153,2262,0
135,34,202,1952,387,708,0
135,35,202,1952,2510,1697,0
135,36,202,1952,648,2898,0
135,37,202,1952,652,1817,0
135,38,202,1952,1578,698,0
135,39,202,1952,2296,2101,0
135,40,202,1952,1931,2689,0
135,41,202,1952,526,1595,0
135,42,202,1952,2293,1825,0
135,43,202,1952,533,1404,0
135,44,202,1952,2655,608,0
135,45,202,1952,1891,927,0
135,46,202,1952,362,551,0
135,47,202,1952,517,432,0
135,48,202,1952,554,2611,0
135,49,202,1952,2495,1015,0
135,50,202,1952,582,952,0
135,51,202,1952,2325,1655,0
135,52,202,1952,627,564,0
135,53,202,1952,118,1718,0
135,54,202,1952,1703,700,0
135,55,202,1952,1698,1595,0
135,56,202,1952,2867,2916,0
135,57,202,1952,2436,1514,0
135,58,202,1952,2012,2768,0
135,59,202,1952,2307,1019,0
135,60,202,1952,59,2441,0
135,61,202,1952,1399,1108,0
135,62,202,1952,2643,1912,0
135,63,202,1952,2219,2119,0
135,64,202,1952,2401,2202,0
135,65,202,1952,387,1838,0
135,66,202,1952,1601,1532,0
135,67,202,1952,2837,72,0
135,68,202,1952,1391,2951,0
135,69,202,1952,595,1317,0
135,70,202,1952,2920,540,0
135,71,202,1952,2816,2465,0
135,72,202,1952,2231,1907,0
135,73,202,1952,1470,2429,0
135,74,202,1952,2847,1382,0
135,75,202,1952,1398,2370,0
135,76,202,1952,1762,2756,0
135,77,202,1952,95,1819,1
135,78,202,1952,2814,2784,0
135,79,202,1952,2728,847,0
135,80,202,1952,1380,2542,0
135,81,202,1952,1722,2778,0
135,82,202,1952,2181,2634,0
135,83,202,1952,2405,2720,0
135,84,202,1952,2862,2797,0
135,85,202,1952,598,2000,0
135,86,202,1952,2675,1916,0
135,87,202,1952,2094,513,0
135,88,202,1952,89,2129,0
135,89,202,1952,1347,973,0
135,90,202,1952,1412,647,0
135,91,202,1952,2716,1699,0
135,92,202,1952,2679,301,0
135,93,202,1952,2086,1982,0
135,94,202,1952,750,2399,0
135,95,202,1952,503,2249,0
135,96,202,1952,1529,2820,0
135,97,202,1952,116,1176,0
135,98,202,1952,692,2813,0
135,99,202,1952,231,639,0
135,100,202,1952,2740,2598,0
135,101,202,1952,224,2208,0
135,102,202,1952,1683,724,0
135,103,202,1952,1276,2330,0
135,104,202,1952,107,933,0
135,105,202,1952,1480,2153,0
135,106,202,1952,891,1933,0
135,107,202,1952,2849,2170,0
135,108,202,1952,1226,2205,0
135,109,202,1952,1117,460,0
135,110,202,1952,1597,111,0
135,111,202,1952,2174,2704,0
135,112,202,1952,811,90,0
135,113,202,1952,260,692,0
135,114,202,1952,1967,1969,0
135,115,202,1952,1133,2946,0
135,116,202,1952,786,2901,0
135,117,202,1952,312,1389,0
135,118,202,1952,2476,340,0
135,119,202,1952,2362,2436,0
135,120,202,1952,1679,1396,0
135,121,202,1952,2646,1977,0
135,122,202,1952,1769,2613,0
135,123,202,1952,636,2906,0
135,124,202,1952,2503,2888,0
135,125,202,1952,727,2051,0
135,126,202,1952,339,2092,0
135,127,202,1952,2559,1995,0
135,128,202,1952,1491,2896,0
135,129,202,1952,2256,1576,0
135,130,202,1952,335,2848,0
135,131,202,1952,1279,994,0
135,132,202,1952,191,2042,0
135,133,202,1952,2815,2594,0
135,134,202,1952,1341,659,0
135,136,202,1952,2049,235,0
135,137,202,1952,949,365,0
135,138,202,1952,442,484,0
135,139,202,1952,1496,989,0
135,140,202,1952,1432,2260,0
135,141,202,1952,378,1386,0
135,142,202,1952,251,778,0
135,143,202,1952,483,113,0
135,144,202,1952,2426,100,0
135,145,202,1952,2388,1563,0
135,146,202,1952,2427,2993,0
135,147,202,1952,1415,940,0
135,148,202,1952,40,1221,0
135,149,202,1952,415,137,0
135,150,202,1952,256,2140,0
135,151,202,1952,90,1522,0
135,152,202,1952,1589,989,0
135,153,202,1952,341,205,0
135,154,202,1952,883,1339,0
135,155,202,1952,280,1464,0
135,156,202,1952,1201,2822,0
135,157,202,1952,2942,1389,0
135,158,202,1952,1138,2750,0
135,159,202,1952,2639,1778,0
135,160,202,1952,662,429,0
135,161,202,1952,652,7,0
135,162,202,1952,2034,2057,0
135,163,202,1952,2854,2051,0
135,164,202,1952,1441,1791,0
135,165,202,1952,2428,256,0
135,166,202,1952,112,2528,0
135,167,202,1952,2873,2538,0
135,168,202,1952,2900,823,0
135,169,202,1952,263,2591,0
135,170,202,1952,486,2698,0
135,171,202,1952,568,150,0
135,172,202,1952,1194,2604,0
135,173,202,1952,1563,2193,0
135,174,202,1952,882,2764,0
135,175,202,1952,1800,2849,0
135,176,202,1952,58,2694,0
135,177,202,1952,2845,282,0
135,178,202,1952,2776,2400,0
135,179,202,1952,2493,1574,0
135,180,202,1952,1075,1910,0
135,181,202,1952,449,428,0
135,182,202,1952,2039,1945,0
135,183,202,1952,2887,271,0
135,184,202,1952,1400,2901,0
135,185,202,1952,2908,1118,0
135,186,202,1952,1650,1604,0
135,187,202,1952,2331,1718,0
135,188,202,1952,1439,133,0
135,189,202,1952,42,79,0
135,190,202,1952,1558,1707,0
135,191,202,1952,177,1143,0
135,192,202,1952,2585,1501,0
135,193,202,1952,888,374,0
135,194,202,1952,263,2834,0
135,195,202,1952,1595,2302,0
136,0,2049,235,434,320,0
136,1,2049,235,571,1612,0
136,2,2049,235,135,2521,0
136,3,2049,235,1047,2342,0
136,4,2049,235,1231,1324,0
136,5,2049,235,675,751,0
136,6,2049,235,1122,987,0
136,7,2049,235,242,2916,0
136,8,2049,235,1743,2319,0
136,9,2049,235,2618,754,0
136,10,2049,235,2910,1478,0
136,11,2049,235,2108,832,0
136,12,2049,235,2,1143,0
136,13,2049,235,1115,2279,0
136,14,2049,235,1977,415,1
136,15,2049,235,2226,1439,0
136,16,2049,235,2325,1601,0
136,17,2049,235,2489,1612,0
136,18,2049,235,488,2077,0
136,19,2049,235,1366,798,0
136,20,2049,235,190,1364,0
136,21,2049,235,2898,1873,0
136,22,2049,235,2802,484,0
136,23,2049,235,1769,1361,0
136,24,2049,235,1719,2907,0
136,25,2049,235,203,816,0
136,26,2049,235,1401,1966,0
136,27,2049,235,565,2022,0
136,28,2049,235,2418,1484,0
136,29,2049,235,2744,2458,0
136,30,2049,235,2840,2909,0
136,31,2049,235,2633,2565,0
136,32,2049,235,2705,1885,0
136,33,2049,235,2153,2262,0
136,34,2049,235,387,708,0
136,35,2049,235,2510,1697,0
136,36,2049,235,648,2898,0
136,37,2049,235,652,1817,0
136,38,2049,235,1578,698,0
136,39,2049,235,2296,2101,0
136,40,2049,235,1931,2689,0
136,41,2049,235,526,1595,0
136,42,2049,235,2293,1825,0
136,43,2049,235,533,1404,0
136,44,2049,235,2655,608,0
136,45,2049,235,1891,927,0
136,46,2049,235,362,551,0
136,47,2049,235,517,432,0
136,48,2049,235,554,2611,0
136,49,2049,235,2495,1015,0
136,50,2049,235,582,952,0
136,51,2049,235,2325,1655,0
136,52,2049,235,627,564,0
136,53,2049,235,118,1718,0
136,54,2049,235,1703,700,0
136,55,2049,235,1698,1595,0
136,56,2049,235,2867,2916,0
136,57,2049,235,2436,1514,0
136,58,2049,235,2012,2768,0
136,59,2049,235,2307,1019,0
136,60,2049,235,59,2441,0
136,61,2049,235,1399,1108,0
136,62,2049,235,2643,1912,0
136,63,2049,235,2219,2119,0
136,64,2049,235,2401,2202,0
136,65,2049,235,387,1838,0
136,66,2049,235,1601,1532,0
136,67,2049,235,2837,72,0
136,68,2049,235,1391,2951,0
136,69,2049,235,595,1317,0
136,70,2049,235,2920,540,0
136,71,2049,235,2816,2465,0
136,72,2049,235,2231,1907,0
136,73,2049,235,1470,2429,0
136,74,2049,235,2847,1382,0
136,75,2049,235,1398,2370,0
136,76,2049,235,1762,2756,0
136,77,2049,235,95,1819,0
136,78,2049,235,2814,2784,0
136,79,2049,235,2728,847,0
136,80,2049,235,1380,2542,0
136,81,2049,235,1722,2778,0
136,82,2049,235,2181,2634,0
136,83,2049,235,2405,2720,0
136,84,2049,235,2862,2797,0
136,85,2049,235,598,2000,0
136,86,2049,235,2675,1916,0
136,87,2049,235,2094,513,0
136,88,2049,235,89,2129,0
136,89,2049,235,1347,973,0
136,90,2049,235,1412,647,0
136,91,2049,235,2716,1699,0
136,92,2049,235,2679,301,0
136,93,2049,235,2086,1982,0
136,94,2049,235,750,2399,0
136,95,2049,235,503,2249,0
136,96,2049,235,1529,2820,0
136,97,2049,235,116,1176,0
136,98,2049,235,692,2813,0
136,99,2049,235,231,639,0
136,100,2049,235,2740,2598,0
136,101,2049,235,224,2208,0
136,102,2049,235,1683,724,0
136,103,2049,235,1276,2330,0
136,104,2049,235,107,933,0
136,105,2049,235,1480,2153,0
136,106,2049,235,891,1933,0
136,107,2049,235,2849,2170,0
136,108,2049,235,1226,2205,0
136,109,2049,235,1117,460,0
136,110,2049,235,1597,111,0
136,111,2049,235,2174,2704,0
136,112,2049,235,811,90,0
136,113,2049,235,260,692,0
136,114,2049,235,1967,1969,0
136,115,2049,235,1133,2946,0
136,116,2049,235,786,2901,0
136,117,2049,235,312,1389,0
136,118,2049,235,2476,340,0
136,119,2049,235,2362,2436,0
136,120,2049,235,1679,1396,0
136,121,2049,235,2646,1977,0
136,122,2049,235,1769,2613,0
136,123,2049,235,636,2906,0
136,124,2049,235,2503,2888,0
136,125,2049,235,727,2051,0
136,126,2049,235,339,2092,0
136,127,2049,235,2559,1995,0
136,128,2049,235,1491,2896,0
136,129,2049,235,2256,1576,0
136,130,2049,235,335,2848,0
136,131,2049,235,1279,994,0
136,132,2049,235,191,2042,0
136,133,2049,235,2815,2594,0
136,134,2049,235,1341,659,0
136,135,2049,235,202,1952,0
136,137,2049,235,949,365,0
136,138,2049,235,442,484,0
136,139,2049,235,1496,989,0
136,140,2049,235,1432,2260,0
136,141,2049,235,378,1386,0
136,142,2049,235,251,778,0
136,143,2049,235,483,113,0
136,144,2049,235,2426,100,0
136,145,2049,235,2388,1563,0
136,146,2049,235,2427,2993,0
136,147,2049,235,1415,940,0
136,148,2049,235,40,1221,0
136,149,2049,235,415,137,0
136,150,2049,235,256,2140,0
136,151,2049,235,90,1522,0
136,152,2049,235,1589,989,0
136,153,2049,235,341,205,0
136,154,2049,235,883,1339,0
136,155,2049,235,280,1464,0
136,156,2049,235,1201,2822,0
136,157,2049,235,2942,1389,0
136,158,2049,235,1138,2750,0
136,159,2049,235,2639,1778,0
136,160,2049,235,662,429,0
136,161,2049,235,652,7,0
136,162,2049,235,2034,2057,0
136,163,2049,235,2854,2051,0
136,164,2049,235,1441,1791,0
136,165,2049,235,2428,256,0
136,166,2049,235,112,2528,0
136,167,2049,235,2873,2538,0
136,168,2049,235,2900,823,0
136,169,2049,235,263,2591,0
136,170,2049,235,486,2698,0
136,171,2049,235,568,150,0
136,172,2049,235,1194,2604,0
136,173,2049,235,1563,2193,0
136,174,2049,235,882,2764,0
136,175,2049,235,1800,2849,0
136,176,2049,235,58,2694,0
136,177,2049,235,2845,282,0
136,178,2049,235,2776,2400,0
136,179,2049,235,2493,1574,0
136,180,2049,235,1075,1910,0
136,181,2049,235,449,428,0
136,182,2049,235,2039,1945,0
136,183,2049,235,2887,271,0
136,184,2049,235,1400,2901,0
136,185,2049,235,2908,1118,0
136,186,2049,235,1650,1604,0
136,187,2049,235,2331,1718,0
136,188,2049,235,1439,133,0
136,189,2049,235,42,79,0
136,190,2049,235,1558,1707,0
136,191,2049,235,177,1143,0
136,192,2049,235,2585,1501,0
136,193,2049,235,888,374,0
136,194,2049,235,263,2834,0
136,195,2049,235,1595,2302,0
137,0,949,365,434,320,0
137,1,949,365,571,1612,0
137,2,949,365,135,2521,0
137,3,949,365,1047,2342,0
137,4,949,365,1231,1324,0
137,5,949,365,675,751,0
137,6,949,365,1122,987,0
137,7,949,365,242,2916,0
137,8,949,365,1743,2319,0
137,9,949,365,2618,754,0
137,10,949,365,2910,1478,0
137,11,949,365,2108,832,0
137,12,949,365,2,1143,0
137,13,949,365,1115,2279,0
137,14,949,365,1977,415,0
137,15,949,365,2226,1439,0
137,16,949,365,2325,1601,0
137,17,949,365,2489,1612,0
137,18,949,365,488,2077,0
137,19,949,365,1366,798,0
137,20,949,365,190,1364,0
137,21,949,365,2898,1873,0
137,22,949,365,2802,484,0
137,23,949,365,1769,1361,0
137,24,949,365,1719,2907,0
137,25,949,365,203,816,0
137,26,949,365,1401,1966,0
137,27,949,365,565,2022,0
137,28,949,365,2418,1484,0
137,29,949,365,2744,2458,0
137,30,949,365,2840,2909,0
137,31,949,365,2633,2565,0
137,32,949,365,2705,1885,0
137,33,949,365,2153,2262,0
137,34,949,365,387,708,0
137,35,949,365,2510,1697,0
137,36,949,365,648,2898,0
137,37,949,365,652,1817,0
137,38,949,365,1578,698,0
137,39,949,365,2296,2101,0
137,40,949,365,1931,2689,0
137,41,949,365,526,1595,0
137,42,949,365,2293,1825,0
137,43,949,365,533,1404,0
137,44,949,365,2655,608,0
137,45,949,365,1891,927,0
137,46,949,365,362,551,0
137,47,949,365,517,432,0
137,48,949,365,554,2611,0
137,49,949,365,2495,1015,0
137,50,949,365,582,952,0
137,51,949,365,2325,1655,0
137,52,949,365,627,564,0
137,53,949,365,118,1718,0
137,54,949,365,1703,700,0
137,55,949,365,1698,1595,0
137,56,949,365,2867,2916,0
137,57,949,365,2436,1514,0
137,58,949,365,2012,2768,0
137,59,949,365,2307,1019,0
137,60,949,365,59,2441,0
137,61,949,365,1399,1108,0
137,62,949,365,2643,1912,0
137,63,949,365,2219,2119,0
137,64,949,365,2401,2202,0
137,65,949,365,387,1838,0
137,66,949,365,1601,1532,0
137,67,949,365,2837,72,0
137,68,949,365,1391,2951,0
137,69,949,365,595,1317,0
137,70,949,365,2920,540,0
137,71,949,365,2816,2465,0
137,72,949,365,2231,1907,0
137,73,949,365,1470,2429,0
137,74,949,365,2847,1382,0
137,75,949,365,1398,2370,0
137,76,949,365,1762,2756,0
137,77,949,365,95,1819,0
137,78,949,365,2814,2784,0
137,79,949,365,2728,847,0
137,80,949,365,1380,2542,0
137,81,949,365,1722,2778,0
137,82,949,365,2181,2634,0
137,83,949,365,2405,2720,0
137,84,949,365,2862,2797,0
137,85,949,365,598,2000,0
137,86,949,365,2675,1916,0
137,87,949,365,2094,513,0
137,88,949,365,89,2129,0
137,89,949,365,1347,973,0
137,90,949,365,1412,647,0
137,91,949,365,2716,1699,0
137,92,949,365,2679,301,0
137,93,949,365,2086,1982,0
137,94,949,365,750,2399,0
137,95,949,365,503,2249,0
137,96,949,365,1529,2820,0
137,97,949,365,116,1176,0
137,98,949,365,692,2813,0
137,99,949,365,231,639,0
137,100,949,365,2740,2598,0
137,101,949,365,224,2208,0
137,102,949,365,1683,724,0
137,103,949,365,1276,2330,0
137,104,949,365,107,933,0
137,105,949,365,1480,2153,0
137,106,949,365,891,1933,0
137,107,949,365,2849,2170,0
137,108,949,365,1226,2205,0
137,109,949,365,1117,460,1
137,110,949,365,1597,111,0
137,111,949,365,2174,2704,0
137,112,949,365,811,90,0
137,113,949,365,260,692,0
137,114,949,365,1967,1969,0
137,115,949,365,1133,2946,0
137,116,949,365,786,2901,0
137,117,949,365,312,1389,0
137,118,949,365,2476,340,0
137,119,949,365,2362,2436,0
137,120,949,365,1679,1396,0
137,121,949,365,2646,1977,0
137,122,949,365,1769,2613,0
137,123,949,365,636,2906,0
137,124,949,365,2503,2888,0
137,125,949,365,727,2051,0
137,126,949,365,339,2092,0
137,127,949,365,2559,1995,0
137,128,949,365,1491,2896,0
137,129,949,365,2256,1576,0
137,130,949,365,335,2848,0
137,131,949,365,1279,994,0
137,132,949,365,191,2042,0
137,133,949,365,2815,2594,0
137,134,949,365,1341,659,0
137,135,949,365,202,1952,0
137,136,949,365,2049,235,0
137,138,949,365,442,484,0
137,139,949,365,1496,989,0
137,140,949,365,1432,2260,0
137,141,949,365,378,1386,0
137,142,949,365,251,778,0
137,143,949,365,483,113,0
137,144,949,365,2426,100,0
137,145,949,365,2388,1563,0
137,146,949,365,2427,2993,0
137,147,949,365,1415,940,0
137,148,949,365,40,1221,0
137,149,949,365,415,137,0
137,150,949,365,256,2140,0
137,151,949,365,90,1522,0
137,152,949,365,1589,989,0
137,153,949,365,341,205,0
137,154,949,365,883,1339,0
137,155,949,365,280,1464,0
137,156,949,365,1201,2822,0
137,157,949,365,2942,1389,0
137,158,949,365,1138,2750,0
137,159,949,365,2639,1778,0
137,160,949,365,662,429,0
137,161,949,365,652,7,0
137,162,949,365,2034,2057,0
137,163,949,365,2854,2051,0
137,164,949,365,1441,1791,0
137,165,949,365,2428,256,0
137,166,949,365,112,2528,0
137,167,949,365,2873,2538,0
137,168,949,365,2900,823,0
137,169,949,365,263,2591,0
137,170,949,365,486,2698,0
137,171,949,365,568,150,0
137,172,949,365,1194,2604,0
137,173,949,365,1563,2193,0
137,174,949,365,882,2764,0
137,175,949,365,1800,2849,0
137,176,949,365,58,2694,0
137,177,949,365,2845,282,0
137,178,949,365,2776,2400,0
137,179,949,365,2493,1574,0
137,180,949,365,1075,1910,0
137,181,949,365,449,428,0
137,182,949,365,2039,1945,0
137,183,949,365,2887,271,0
137,184,949,365,1400,2901,0
137,185,949,365,2908,1118,0
137,186,949,365,1650,1604,0
137,187,949,365,2331,1718,0
137,188,949,365,1439,133,0
137,189,949,365,42,79,0
137,190,949,365,1558,1707,0
137,191,949,365,177,1143,0
137,192,949,365,2585,1501,0
137,193,949,365,888,374,0
137,194,949,365,263,2834,0
137,195,949,365,1595,2302,0
138,0,442,484,434,320,0
138,1,442,484,571,1612,0
138,2,442,484,135,2521,0
138,3,442,484,1047,2342,0
138,4,442,484,1231,1324,0
138,5,442,484,675,751,0
138,6,442,484,1122,987,0
138,7,442,484,242,2916,0
138,8,442,484,1743,2319,0
138,9,442,484,2618,754,0
138,10,442,484,2910,1478,0
138,11,442,484,2108,832,0
138,12,442,484,2,1143,0
138,13,442,484,1115,2279,0
138,14,442,484,1977,415,0
138,15,442,484,2226,1439,0
138,16,442,484,2325,1601,0
138,17,442,484,2489,1612,0
138,18,442,484,488,2077,0
138,19,442,484,1366,798,0
138,20,442,484,190,1364,0
138,21,442,484,2898,1873,0
138,22,442,484,2802,484,0
138,23,442,484,1769,1361,0
138,24,442,484,1719,2907,0
138,25,442,484,203,816,0
138,26,442,484,1401,1966,0
138,27,442,484,565,2022,0
138,28,442,484,2418,1484,0
138,29,442,484,2744,2458,0
138,30,442,484,2840,2909,0
138,31,442,484,2633,2565,0
138,32,442,484,2705,1885,0
138,33,442,484,2153,2262,0
138,34,442,484,387,708,0
138,35,442,484,2510,1697,0
138,36,442,484,648,2898,0
138,37,442,484,652,1817,0
138,38,442,484,1578,698,0
138,39,442,484,2296,2101,0
138,40,442,484,1931,2689,0
138,41,442,484,526,1595,0
138,42,442,484,2293,1825,0
138,43,442,484,533,1404,0
138,44,442,484,2655,608,0
138,45,442,484,1891,927,0
138,46,442,484,362,551,0
138,47,442,484,517,432,0
138,48,442,484,554,2611,0
138,49,442,484,2495,1015,0
138,50,442,484,582,952,0
138,51,442,484,2325,1655,0
138,52,442,484,627,564,0
138,53,442,484,118,1718,0
138,54,442,484,1703,700,0
138,55,442,484,1698,1595,0
138,56,442,484,2867,2916,0
138,57,442,484,2436,1514,0
138,58,442,484,2012,2768,0
138,59,442,484,2307,1019,0
138,60,442,484,59,2441,0
138,61,442,484,1399,1108,0
138,62,442,484,2643,1912,0
138,63,442,484,2219,2119,0
138,64,442,484,2401,2202,0
138,65,442,484,387,1838,0
138,66,442,484,1601,1532,0
138,67,442,484,2837,72,0
138,68,442,484,1391,2951,0
138,69,442,484,595,1317,0
138,70,442,484,2920,540,0
138,71,442,484,2816,2465,0
138,72,442,484,2231,1907,0
138,73,442,484,1470,2429,0
138,74,442,484,2847,1382,0
138,75,442,484,1398,2370,0
138,76,442,484,1762,2756,0
138,77,442,484,95,1819,0
138,78,442,484,2814,2784,0
138,79,442,484,2728,847,0
138,80,442,484,1380,2542,0
138,81,442,484,1722,2778,0
138,82,442,484,2181,2634,0
138,83,442,484,2405,2720,0
138,84,442,484,2862,2797,0
138,85,442,484,598,2000,0
138,86,442,484,2675,1916,0
138,87,442,484,2094,513,0
138,88,442,484,89,2129,0
138,89,442,484,1347,973,0
138,90,442,484,1412,647,0
138,91,442,484,2716,1699,0
138,92,442,484,2679,301,0
138,93,442,484,2086,1982,0
138,94,442,484,750,2399,0
138,95,442,484,503,2249,0
138,96,442,484,1529,2820,0
138,97,442,484,116,1176,0
138,98,442,484,692,2813,0
138,99,442,484,231,639,0
138,100,442,484,2740,2598,0
138,101,442,484,224,2208,0
138,102,442,484,1683,724,0
138,103,442,484,1276,2330,0
138,104,442,484,107,933,0
138,105,442,484,1480,2153,0
138,106,442,484,891,1933,0
138,107,442,484,2849,2170,0
138,108,442,484,1226,2205,0
138,109,442,484,1117,460,0
138,110,442,484,1597,111,0
138,111,442,484,2174,2704,0
138,112,442,484,811,90,0
138,113,442,484,260,692,0
138,114,442,484,1967,1969,0
138,115,442,484,1133,2946,0
138,116,442,484,786,2901,0
138,117,442,484,312,1389,0
138,118,442,484,2476,340,0
138,119,442,484,2362,2436,0
138,120,442,484,1679,1396,0
138,121,442,484,2646,1977,0
138,122,442,484,1769,2613,0
138,123,442,484,636,2906,0
138,124,442,484,2503,2888,0
138,125,442,484,727,2051,0
138,126,442,484,339,2092,0
138,127,442,484,2559,1995,0
138,128,442,484,1491,2896,0
138,129,442,484,2256,1576,0
138,130,442,484,335,2848,0
138,131,442,484,1279,994,0
138,132,442,484,191,2042,0
138,133,442,484,2815,2594,0
138,134,442,484,1341,659,0
138,135,442,484,202,1952,0
138,136,442,484,2049,235,0
138,137,442,484,949,365,0
138,139,442,484,1496,989,0
138,140,442,484,1432,2260,0
138,141,442,484,378,1386,0
138,142,442,484,251,778,0
138,143,442,484,483,113,0
138,144,442,484,2426,100,0
138,145,442,484,2388,1563,0
138,146,442,484,2427,2993,0
138,147,442,484,1415,940,0
138,148,442,484,40,1221,0
138,149,442,484,415,137,0
138,150,442,484,256,2140,0
138,151,442,484,90,1522,0
138,152,442,484,1589,989,0
138,153,442,484,341,205,0
138,154,442,484,883,1339,0
138,155,442,484,280,1464,0
138,156,442,484,1201,2822,0
138,157,442,484,2942,1389,0
138,158,442,484,1138,2750,0
138,159,442,484,2639,1778,0
138,160,442,484,662,429,0
138,161,442,484,652,7,0
138,162,442,484,2034,2057,0
138,163,442,484,2854,2051,0
138,164,442,484,1441,1791,0
138,165,442,484,2428,256,0
138,166,442,484,112,2528,0
138,167,442,484,2873,2538,0
138,168,442,484,2900,823,0
138,169,442,484,263,2591,0
138,170,442,484,486,2698,0
138,171,442,484,568,150,0
138,172,442,484,1194,2604,0
138,173,442,484,1563,2193,0
138,174,442,484,882,2764,0
138,175,442,484,1800,2849,0
138,176,442,484,58,2694,0
138,177,442,484,2845,282,0
138,178,442,484,2776,2400,0
138,179,442,484,2493,1574,0
138,180,442,484,1075,1910,0
138,181,442,484,449,428,1
138,182,442,484,2039,1945,0
138,183,442,484,2887,271,0
138,184,442,484,1400,2901,0
138,185,442,484,2908,1118,0
138,186,442,484,1650,1604,0
138,187,442,484,2331,1718,0
138,188,442,484,1439,133,0
138,189,442,484,42,79,0
138,190,442,484,1558,1707,0
138,191,442,484,177,1143,0
138,192,442,484,2585,1501,0
138,193,442,484,888,374,0
138,194,442,484,263,2834,0
138,195,442,484,1595,2302,0
139,0,1496,989,434,320,0
139,1,1496,989,571,1612,0
139,2,1496,989,135,2521,0
139,3,1496,989,1047,2342,0
139,4,1496,989,1231,1324,0
139,5,1496,989,675,751,0
139,6,1496,989,1122,987,0
139,7,1496,989,242,2916,0
139,8,1496,989,1743,2319,0
139,9,1496,989,2618,754,0
139,10,1496,989,2910,1478,0
139,11,1496,989,2108,832,0
139,12,1496,989,2,1143,0
139,13,1496,989,1115,2279,0
139,14,1496,989,1977,415,0
139,15,1496,989,2226,1439,0
139,16,1496,989,2325,1601,0
139,17,1496,989,2489,1612,0
139,18,1496,989,488,2077,0
139,19,1496,989,1366,798,0
139,20,1496,989,190,1364,0
139,21,1496,989,2898,1873,0
139,22,1496,989,2802,484,0
139,23,1496,989,1769,1361,0
139,24,1496,989,1719,2907,0
139,25,1496,989,203,816,0
139,26,1496,989,1401,1966,0
139,27,1496,989,565,2022,0
139,28,1496,989,2418,1484,0
139,29,1496,989,2744,2458,0
139,30,1496,989,2840,2909,0
139,31,1496,989,2633,2565,0
139,32,1496,989,2705,1885,0
139,33,1496,989,2153,2262,0
139,34,1496,989,387,708,0
139,35,1496,989,2510,1697,0
139,36,1496,989,648,2898,0
139,37,1496,989,652,1817,0
139,38,1496,989,1578,698,0
139,39,1496,989,2296,2101,0
139,40,1496,989,1931,2689,0
139,41,1496,989,526,1595,0
139,42,1496,989,2293,1825,0
139,43,1496,989,533,1404,0
139,44,1496,989,2655,608,0
139,45,1496,989,1891,927,0
139,46,1496,989,362,551,0
139,47,1496,989,517,432,0
139,48,1496,989,554,2611,0
139,49,1496,989,2495,1015,0
139,50,1496,989,582,952,0
139,51,1496,989,2325,1655,0
139,52,1496,989,627,564,0
139,53,1496,989,118,1718,0
139,54,1496,989,1703,700,0
139,55,1496,989,1698,1595,0
139,56,1496,989,2867,2916,0
139,57,1496,989,2436,1514,0
139,58,1496,989,2012,2768,0
139,59,1496,989,2307,1019,0
139,60,1496,989,59,2441,0
139,61,1496,989,1399,1108,0
139,62,1496,989,2643,1912,0
139,63,1496,989,2219,2119,0
139,64,1496,989,2401,2202,0
139,65,1496,989,387,1838,0
139,66,1496,989,1601,1532,0
139,67,1496,989,2837,72,0
139,68,1496,989,1391,2951,0
139,69,1496,989,595,1317,0
139,70,1496,989,2920,540,0
139,71,1496,989,2816,2465,0
139,72,1496,989,2231,1907,0
139,73,1496,989,1470,2429,0
139,74,1496,989,2847,1382,0
139,75,1496,989,1398,2370,0
139,76,1496,989,1762,2756,0
139,77,1496,989,95,1819,0
139,78,1496,989,2814,2784,0
139,79,1496,989,2728,847,0
139,80,1496,989,1380,2542,0
139,81,1496,989,1722,2778,0
139,82,1496,989,2181,2634,0
139,83,1496,989,2405,2720,0
139,84,1496,989,2862,2797,0
139,85,1496,989,598,2000,0
139,86,1496,989,2675,1916,0
139,87,1496,989,2094,513,0
139,88,1496,989,89,2129,0
139,89,1496,989,1347,973,0
139,90,1496,989,1412,647,0
139,91,1496,989,2716,1699,0
139,92,1496,989,2679,301,0
139,93,1496,989,2086,1982,0
139,94,1496,989,750,2399,0
139,95,1496,989,503,2249,0
139,96,1496,989,1529,2820,0
139,97,1496,989,116,1176,0
139,98,1496,989,692,2813,0
139,99,1496,989,231,639,0
139,100,1496,989,2740,2598,0
139,101,1496,989,224,2208,0
139,102,1496,989,1683,724,0
139,103,1496,989,1276,2330,0
139,104,1496,989,107,933,0
139,105,1496,989,1480,2153,0
139,106,1496,989,891,1933,0
139,107,1496,989,2849,2170,0
139,108,1496,989,1226,2205,0
139,109,1496,989,1117,460,0
139,110,1496,989,1597,111,0
139,111,1496,989,2174,2704,0
139,112,1496,989,811,90,0
139,113,1496,989,260,692,0
139,114,1496,989,1967,1969,0
139,115,1496,989,1133,2946,0
139,116,1496,989,786,2901,0
139,117,1496,989,312,1389,0
139,118,1496,989,2476,340,0
139,119,1496,989,2362,2436,0
139,120,1496,989,1679,1396,0
139,121,1496,989,2646,1977,0
139,122,1496,989,1769,2613,0
139,123,1496,989,636,2906,0
139,124,1496,989,2503,2888,0
139,125,1496,989,727,2051,0
139,126,1496,989,339,2092,0
139,127,1496,989,2559,1995,0
139,128,1496,989,1491,2896,0
139,129,1496,989,2256,1576,0
139,130,1496,989,335,2848,0
139,131,1496,989,1279,994,0
139,132,1496,989,191,2042,0
139,133,1496,989,2815,2594,0
139,134,1496,989,1341,659,0
139,135,1496,989,202,1952,0
139,136,1496,989,2049,235,0
139,137,1496,989,949,365,0
139,138,1496,989,442,484,0
139,140,1496,989,1432,2260,0
139,141,1496,989,378,1386,0
139,142,1496,989,251,778,0
139,143,1496,989,483,113,0
139,144,1496,989,2426,100,0
139,145,1496,989,2388,1563,0
139,146,1496,989,2427,2993,0
139,147,1496,989,1415,940,0
139,148,1496,989,40,1221,0
139,149,1496,989,415,137,0
139,150,1496,989,256,2140,0
139,151,1496,989,90,1522,0
139,152,1496,989,1589,989,1
139,153,1496,989,341,205,0
139,154,1496,989,883,1339,0
139,155,1496,989,280,1464,0
139,156,1496,989,1201,2822,0
139,157,1496,989,2942,1389,0
139,158,1496,989,1138,2750,0
139,159,1496,989,2639,1778,0
139,160,1496,989,662,429,0
139,161,1496,989,652,7,0
139,162,1496,989,2034,2057,0
139,163,1496,989,2854,2051,0
139,164,1496,989,1441,1791,0
139,165,1496,989,2428,256,0
139,166,1496,989,112,2528,0
139,167,1496,989,2873,2538,0
139,168,1496,989,2900,823,0
139,169,1496,989,263,2591,0
139,170,1496,989,486,2698,0
139,171,1496,989,568,150,0
139,172,1496,989,1194,2604,0
139,173,1496,989,1563,2193,0
139,174,1496,989,882,2764,0
139,175,1496,989,1800,2849,0
139,176,1496,989,58,2694,0
139,177,1496,989,2845,282,0
139,178,1496,989,2776,2400,0
139,179,1496,989,2493,1574,0
139,180,1496,989,1075,1910,0
139,181,1496,989,449,428,0
139,182,1496,989,2039,1945,0
139,183,1496,989,2887,271,0
139,184,1496,989,1400,2901,0
139,185,1496,989,2908,1118,0
139,186,1496,989,1650,1604,0
139,187,1496,989,2331,1718,0
139,188,1496,989,1439,133,0
139,189,1496,989,42,79,0
139,190,1496,989,1558,1707,0
139,191,1496,989,177,1143,0
139,192,1496,989,2585,1501,0
139,193,1496,989,888,374,0
139,194,1496,989,263,2834,0
139,195,1496,989,1595,2302,0
140,0,1432,2260,434,320,0
140,1,1432,2260,571,1612,0
140,2,1432,2260,135,2521,0
140,3,1432,2260,1047,2342,0
140,4,1432,2260,1231,1324,0
140,5,1432,2260,675,751,0
140,6,1432,2260,1122,987,0
140,7,1432,2260,242,2916,0
140,8,1432,2260,1743,2319,0
140,9,1432,2260,2618,754,0
140,10,1432,2260,2910,1478,0
140,11,1432,2260,2108,832,0
140,12,1432,2260,2,1143,0
140,13,1432,2260,1115,2279,0
140,14,1432,2260,1977,415,0
140,15,1432,2260,2226,1439,0
140,16,1432,2260,2325,1601,0
140,17,1432,2260,2489,1612,0
140,18,1432,2260,488,2077,0
140,19,1432,2260,1366,798,0
140,20,1432,2260,190,1364,0
140,21,1432,2260,2898,1873,0
140,22,1432,2260,2802,484,0
140,23,1432,2260,1769,1361,0
140,24,1432,2260,1719,2907,0
140,25,1432,2260,203,816,0
140,26,1432,2260,1401,1966,0
140,27,1432,2260,565,2022,0
140,28,1432,2260,2418,1484,0
140,29,1432,2260,2744,2458,0
140,30,1432,2260,2840,2909,0
140,31,1432,2260,2633,2565,0
140,32,1432,2260,2705,1885,0
140,33,1432,2260,2153,2262,0
140,34,1432,2260,387,708,0
140,35,1432,2260,2510,1697,0
140,36,1432,2260,648,2898,0
140,37,1432,2260,652,1817,0
140,38,1432,2260,1578,698,0
140,39,1432,2260,2296,2101,0
140,40,1432,2260,1931,2689,0
140,41,1432,2260,526,1595,0
140,42,1432,2260,2293,1825,0
140,43,1432,2260,533,1404,0
140,44,1432,2260,2655,608,0
140,45,1432,2260,1891,927,0
140,46,1432,2260,362,551,0
140,47,1432,2260,517,432,0
140,48,1432,2260,554,2611,0
140,49,1432,2260,2495,1015,0
140,50,1432,2260,582,952,0
140,51,1432,2260,2325,1655,0
140,52,1432,2260,627,564,0
140,53,1432,2260,118,1718,0
140,54,1432,2260,1703,700,0
140,55,1432,2260,1698,1595,0
140,56,1432,2260,2867,2916,0
140,57,1432,2260,2436,1514,0
140,58,1432,2260,2012,2768,0
140,59,1432,2260,2307,1019,0
140,60,1432,2260,59,2441,0
140,61,1432,2260,1399,1108,0
140,62,1432,2260,2643,1912,0
140,63,1432,2260,2219,2119,0
140,64,1432,2260,2401,2202,0
140,65,1432,2260,387,1838,0
140,66,1432,2260,1601,1532,0
140,67,1432,2260,2837,72,0
140,68,1432,2260,1391,2951,0
140,69,1432,2260,595,1317,0
140,70,1432,2260,2920,540,0
140,71,1432,2260,2816,2465,0
140,72,1432,2260,2231,1907,0
140,73,1432,2260,1470,2429,0
140,74,1432,2260,2847,1382,0
140,75,1432,2260,1398,2370,1
140,76,1432,2260,1762,2756,0
140,77,1432,2260,95,1819,0
140,78,1432,2260,2814,2784,0
140,79,1432,2260,2728,847,0
140,80,1432,2260,1380,2542,0
140,81,1432,2260,1722,2778,0
140,82,1432,2260,2181,2634,0
140,83,1432,2260,2405,2720,0
140,84,1432,2260,2862,2797,0
140,85,1432,2260,598,2000,0
140,86,1432,2260,2675,1916,0
140,87,1432,2260,2094,513,0
140,88,1432,2260,89,2129,0
140,89,1432,2260,1347,973,0
140,90,1432,2260,1412,647,0
140,91,1432,2260,2716,1699,0
140,92,1432,2260,2679,301,0
140,93,1432,2260,2086,1982,0
140,94,1432,2260,750,2399,0
140,95,1432,2260,503,2249,0
140,96,1432,2260,1529,2820,0
140,97,1432,2260,116,1176,0
140,98,1432,2260,692,2813,0
140,99,1432,2260,231,639,0
140,100,1432,2260,2740,2598,0
140,101,1432,2260,224,2208,0
140,102,1432,2260,1683,724,0
140,103,1432,2260,1276,2330,0
140,104,1432,2260,107,933,0
140,105,1432,2260,1480,2153,0
140,106,1432,2260,891,1933,0
140,107,1432,2260,2849,2170,0
140,108,1432,2260,1226,2205,0
140,109,1432,2260,1117,460,0
140,110,1432,2260,1597,111,0
140,111,1432,2260,2174,2704,0
140,112,1432,2260,811,90,0
140,113,1432,2260,260,692,0
140,114,1432,2260,1967,1969,0
140,115,1432,2260,1133,2946,0
140,116,1432,2260,786,2901,0
140,117,1432,2260,312,1389,0
140,118,1432,2260,2476,340,0
140,119,1432,2260,2362,2436,0
140,120,1432,2260,1679,1396,0
140,121,1432,2260,2646,1977,0
140,122,1432,2260,1769,2613,0
140,123,1432,2260,636,2906,0
140,124,1432,2260,2503,2888,0
140,125,1432,2260,727,2051,0
140,126,1432,2260,339,2092,0
140,127,1432,2260,2559,1995,0
140,128,1432,2260,1491,2896,0
140,129,1432,2260,2256,1576,0
140,130,1432,2260,335,2848,0
140,131,1432,2260,1279,994,0
140,132,1432,2260,191,2042,0
140,133,1432,2260,2815,2594,0
140,134,1432,2260,1341,659,0
140,135,1432,2260,202,1952,0
140,136,1432,2260,2049,235,0
140,137,1432,2260,949,365,0
140,138,1432,2260,442,484,0
140,139,1432,2260,1496,989,0
140,141,1432,2260,378,1386,0
140,142,1432,2260,251,778,0
140,143,1432,2260,483,113,0
140,144,1432,2260,2426,100,0
140,145,1432,2260,2388,1563,0
140,146,1432,2260,2427,2993,0
140,147,1432,2260,1415,940,0
140,148,1432,2260,40,1221,0
140,149,1432,2260,415,137,0
140,150,1432,2260,256,2140,0
140,151,1432,2260,90,1522,0
140,152,1432,2260,1589,989,0
140,153,1432,2260,341,205,0
140,154,1432,2260,883,1339,0
140,155,1432,2260,280,1464,0
140,156,1432,2260,1201,2822,0
140,157,1432,2260,2942,1389,0
140,158,1432,2260,1138,2750,0
140,159,1432,2260,2639,1778,0
140,160,1432,2260,662,429,0
140,161,1432,2260,652,7,0
140,162,1432,2260,2034,2057,0
140,163,1432,2260,2854,2051,0
140,164,1432,2260,1441,1791,0
140,165,1432,2260,2428,256,0
140,166,1432,2260,112,2528,0
140,167,1432,2260,2873,2538,0
140,168,1432,2260,2900,823,0
140,169,1432,2260,263,2591,0
140,170,1432,2260,486,2698,0
140,171,1432,2260,568,150,0
140,172,1432,2260,1194,2604,0
140,173,1432,2260,1563,2193,0
140,174,1432,2260,882,2764,0
140,175,1432,2260,1800,2849,0
140,176,1432,2260,58,2694,0
140,177,1432,2260,2845,282,0
140,178,1432,2260,2776,2400,0
140,179,1432,2260,2493,1574,0
140,180,1432,2260,1075,1910,0
140,181,1432,2260,449,428,0
140,182,1432,2260,2039,1945,0
140,183,1432,2260,2887,271,0
140,184,1432,2260,1400,2901,0
140,185,1432,2260,2908,1118,0
140,186,1432,2260,1650,1604,0
140,187,1432,2260,2331,1718,0
140,188,1432,2260,1439,133,0
140,189,1432,2260,42,79,0
140,190,1432,2260,1558,1707,0
140,191,1432,2260,177,1143,0
140,192,1432,2260,2585,1501,0
140,193,1432,2260,888,374,0
140,194,1432,2260,263,2834,0
140,195,1432,2260,1595,2302,0
141,0,378,1386,434,320,0
141,1,378,1386,571,1612,0
141,2,378,1386,135,2521,0
141,3,378,1386,1047,2342,0
141,4,378,1386,1231,1324,0
141,5,378,1386,675,751,0
141,6,378,1386,1122,987,0
141,7,378,1386,242,2916,0
141,8,378,1386,1743,2319,0
141,9,378,1386,2618,754,0
141,10,378,1386,2910,1478,0
141,11,378,1386,2108,832,0
141,12,378,1386,2,1143,0
141,13,378,1386,1115,2279,0
141,14,378,1386,1977,415,0
141,15,378,1386,2226,1439,0
141,16,378,1386,2325,1601,0
141,17,378,1386,2489,1612,0
141,18,378,1386,488,2077,0
141,19,378,1386,1366,798,0
141,20,378,1386,190,1364,0
141,21,378,1386,2898,1873,0
141,22,378,1386,2802,484,0
141,23,378,1386,1769,1361,0
141,24,378,1386,1719,2907,0
141,25,378,1386,203,816,0
141,26,378,1386,1401,1966,0
141,27,378,1386,565,2022,0
141,28,378,1386,2418,1484,0
141,29,378,1386,2744,2458,0
141,30,378,1386,2840,2909,0
141,31,378,1386,2633,2565,0
141,32,378,1386,2705,1885,0
141,33,378,1386,2153,2262,0
141,34,378,1386,387,708,0
141,35,378,1386,2510,1697,0
141,36,378,1386,648,2898,0
141,37,378,1386,652,1817,0
141,38,378,1386,1578,698,0
141,39,378,1386,2296,2101,0
141,40,378,1386,1931,2689,0
141,41,378,1386,526,1595,0
141,42,378,1386,2293,1825,0
141,43,378,1386,533,1404,0
141,44,378,1386,2655,608,0
141,45,378,1386,1891,927,0
141,46,378,1386,362,551,0
141,47,378,1386,517,432,0
141,48,378,1386,554,2611,0
141,49,378,1386,2495,1015,0
141,50,378,1386,582,952,0
141,51,378,1386,2325,1655,0
141,52,378,1386,627,564,0
141,53,378,1386,118,1718,0
141,54,378,1386,1703,700,0
141,55,378,1386,1698,1595,0
141,56,378,1386,2867,2916,0
141,57,378,1386,2436,1514,0
141,58,378,1386,2012,2768,0
141,59,378,1386,2307,1019,0
141,60,378,1386,59,2441,0
141,61,378,1386,1399,1108,0
141,62,378,1386,2643,1912,0
141,63,378,1386,2219,2119,0
141,64,378,1386,2401,2202,0
141,65,378,1386,387,1838,0
141,66,378,1386,1601,1532,0
141,67,378,1386,2837,72,0
141,68,378,1386,1391,2951,0
141,69,378,1386,595,1317,0
141,70,378,1386,2920,540,0
141,71,378,1386,2816,2465,0
141,72,378,1386,2231,1907,0
141,73,378,1386,1470,2429,0
141,74,378,1386,2847,1382,0
141,75,378,1386,1398,2370,0
141,76,378,1386,1762,2756,0
141,77,378,1386,95,1819,0
141,78,378,1386,2814,2784,0
141,79,378,1386,2728,847,0
141,80,378,1386,1380,2542,0
141,81,378,1386,1722,2778,0
141,82,378,1386,2181,2634,0
141,83,378,1386,2405,2720,0
141,84,378,1386,2862,2797,0
141,85,378,1386,598,2000,0
141,86,378,1386,2675,1916,0
141,87,378,1386,2094,513,0
141,88,378,1386,89,2129,0
141,89,378,1386,1347,973,0
141,90,378,1386,1412,647,0
141,91,378,1386,2716,1699,0
141,92,378,1386,2679,301,0
141,93,378,1386,2086,1982,0
141,94,378,1386,750,2399,0
141,95,378,1386,503,2249,0
141,96,378,1386,1529,2820,0
141,97,378,1386,116,1176,0
141,98,378,1386,692,2813,0
141,99,378,1386,231,639,0
141,100,378,1386,2740,2598,0
141,101,378,1386,224,2208,0
141,102,378,1386,1683,724,0
141,103,378,1386,1276,2330,0
141,104,378,1386,107,933,0
141,105,378,1386,1480,2153,0
141,106,378,1386,891,1933,0
141,107,378,1386,2849,2170,0
141,108,378,1386,1226,2205,0
141,109,378,1386,1117,460,0
141,110,378,1386,1597,111,0
141,111,378,1386,2174,2704,0
141,112,378,1386,811,90,0
141,113,378,1386,260,692,0
141,114,378,1386,1967,1969,0
141,115,378,1386,1133,2946,0
141,116,378,1386,786,2901,0
141,117,378,1386,312,1389,1
141,118,378,1386,2476,340,0
141,119,378,1386,2362,2436,0
141,120,378,1386,1679,1396,0
141,121,378,1386,2646,1977,0
141,122,378,1386,1769,2613,0
141,123,378,1386,636,2906,0
141,124,378,1386,2503,2888,0
141,125,378,1386,727,2051,0
141,126,378,1386,339,2092,0
141,127,378,1386,2559,1995,0
141,128,378,1386,1491,2896,0
141,129,378,1386,2256,1576,0
141,130,378,1386,335,2848,0
141,131,378,1386,1279,994,0
141,132,378,1386,191,2042,0
141,133,378,1386,2815,2594,0
141,134,378,1386,1341,659,0
141,135,378,1386,202,1952,0
141,136,378,1386,2049,235,0
141,137,378,1386,949,365,0
141,138,378,1386,442,484,0
141,139,378,1386,1496,989,0
141,140,378,1386,1432,2260,0
141,142,378,1386,251,778,0
141,143,378,1386,483,113,0
141,144,378,1386,2426,100,0
141,145,378,1386,2388,1563,0
141,146,378,1386,2427,2993,0
141,147,378,1386,1415,940,0
141,148,378,1386,40,1221,0
141,149,378,1386,415,137,0
141,150,378,1386,256,2140,0
141,151,378,1386,90,1522,0
141,152,378,1386,1589,989,0
141,153,378,1386,341,205,0
141,154,378,1386,883,1339,0
141,155,378,1386,280,1464,0
141,156,378,1386,1201,2822,0
141,157,378,1386,2942,1389,0
141,158,378,1386,1138,2750,0
141,159,378,1386,2639,1778,0
141,160,378,1386,662,429,0
141,161,378,1386,652,7,0
141,162,378,1386,2034,2057,0
141,163,378,1386,2854,2051,0
141,164,378,1386,1441,1791,0
141,165,378,1386,2428,256,0
141,166,378,1386,112,2528,0
141,167,378,1386,2873,2538,0
141,168,378,1386,2900,823,0
141,169,378,1386,263,2591,0
141,170,378,1386,486,2698,0
141,171,378,1386,568,150,0
141,172,378,1386,1194,2604,0
141,173,378,1386,1563,2193,0
141,174,378,1386,882,2764,0
141,175,378,1386,1800,2849,0
141,176,378,1386,58,2694,0
141,177,378,1386,2845,282,0
141,178,378,1386,2776,2400,0
141,179,378,1386,2493,1574,0
141,180,378,1386,1075,1910,0
141,181,378,1386,449,428,0
141,182,378,1386,2039,1945,0
141,183,378,1386,2887,271,0
141,184,378,1386,1400,2901,0
141,185,378,1386,2908,1118,0
141,186,378,1386,1650,1604,0
141,187,378,1386,2331,1718,0
141,188,378,1386,1439,133,0
141,189,378,1386,42,79,0
141,190,378,1386,1558,1707,0
141,191,378,1386,177,1143,0
141,192,378,1386,2585,1501,0
141,193,378,1386,888,374,0
141,194,378,1386,263,2834,0
141,195,378,1386,1595,2302,0
142,0,251,778,434,320,0
142,1,251,778,571,1612,0
142,2,251,778,135,2521,0
142,3,251,778,1047,2342,0
142,4,251,778,1231,1324,0
142,5,251,778,675,751,0
142,6,251,778,1122,987,0
142,7,251,778,242,2916,0
142,8,251,778,1743,2319,0
142,9,251,778,2618,754,0
142,10,251,778,2910,1478,0
142,11,251,778,2108,832,0
142,12,251,778,2,1143,0
142,13,251,778,1115,2279,0
142,14,251,778,1977,415,0
142,15,251,778,2226,1439,0
142,16,251,778,2325,1601,0
142,17,251,778,2489,1612,0
142,18,251,778,488,2077,0
142,19,251,778,1366,798,0
142,20,251,778,190,1364,0
142,21,251,778,2898,1873,0
142,22,251,778,2802,484,0
142,23,251,778,1769,1361,0
142,24,251,778,1719,2907,0
142,25,251,778,203,816,0
142,26,251,778,1401,1966,0
142,27,251,778,565,2022,0
142,28,251,778,2418,1484,0
142,29,251,778,2744,2458,0
142,30,251,778,2840,2909,0
142,31,251,778,2633,2565,0
142,32,251,778,2705,1885,0
142,33,251,778,2153,2262,0
142,34,251,778,387,708,0
142,35,251,778,2510,1697,0
142,36,251,778,648,2898,0
142,37,251,778,652,1817,0
142,38,251,778,1578,698,0
142,39,251,778,2296,2101,0
142,40,251,778,1931,2689,0
142,41,251,778,526,1595,0
142,42,251,778,2293,1825,0
142,43,251,778,533,1404,0
142,44,251,778,2655,608,0
142,45,251,778,1891,927,0
142,46,251,778,362,551,0
142,47,251,778,517,432,0
142,48,251,778,554,2611,0
142,49,251,778,2495,1015,0
142,50,251,778,582,952,0
142,51,251,778,2325,1655,0
142,52,251,778,627,564,0
142,53,251,778,118,1718,0
142,54,251,778,1703,700,0
142,55,251,778,1698,1595,0
142,56,251,778,2867,2916,0
142,57,251,778,2436,1514,0
142,58,251,778,2012,2768,0
142,59,251,778,2307,1019,0
142,60,251,778,59,2441,0
142,61,251,778,1399,1108,0
142,62,251,778,2643,1912,0
142,63,251,778,2219,2119,0
142,64,251,778,2401,2202,0
142,65,251,778,387,1838,0
142,66,251,778,1601,1532,0
142,67,251,778,2837,72,0
142,68,251,778,1391,2951,0
142,69,251,778,595,1317,0
142,70,251,778,2920,540,0
142,71,251,778,2816,2465,0
142,72,251,778,2231,1907,0
142,73,251,778,1470,2429,0
142,74,251,778,2847,1382,0
142,75,251,778,1398,2370,0
142,76,251,778,1762,2756,0
142,77,251,778,95,1819,0
142,78,251,778,2814,2784,0
142,79,251,778,2728,847,0
142,80,251,778,1380,2542,0
142,81,251,778,1722,2778,0
142,82,251,778,2181,2634,0
142,83,251,778,2405,2720,0
142,84,251,778,2862,2797,0
142,85,251,778,598,2000,0
142,86,251,778,2675,1916,0
142,87,251,778,2094,513,0
142,88,251,778,89,2129,0
142,89,251,778,1347,973,0
142,90,251,778,1412,647,0
142,91,251,778,2716,1699,0
142,92,251,778,2679,301,0
142,93,251,778,2086,1982,0
142,94,251,778,750,2399,0
142,95,251,778,503,2249,0
142,96,251,778,1529,2820,0
142,97,251,778,116,1176,0
142,98,251,778,692,2813,0
142,99,251,778,231,639,0
142,100,251,778,2740,2598,0
142,101,251,778,224,2208,0
142,102,251,778,1683,724,0
142,103,251,778,1276,2330,0
142,104,251,778,107,933,0
142,105,251,778,1480,2153,0
142,106,251,778,891,1933,0
142,107,251,778,2849,2170,0
142,108,251,778,1226,2205,0
142,109,251,778,1117,460,0
142,110,251,778,1597,111,0
142,111,251,778,2174,2704,0
142,112,251,778,811,90,0
142,113,251,778,260,692,1
142,114,251,778,1967,1969,0
142,115,251,778,1133,2946,0
142,116,251,778,786,2901,0
142,117,251,778,312,1389,0
142,118,251,778,2476,340,0
142,119,251,778,2362,2436,0
142,120,251,778,1679,1396,0
142,121,251,778,2646,1977,0
142,122,251,778,1769,2613,0
142,123,251,778,636,2906,0
142,124,251,778,2503,2888,0
142,125,251,778,727,2051,0
142,126,251,778,339,2092,0
142,127,251,778,2559,1995,0
142,128,251,778,1491,2896,0
142,129,251,778,2256,1576,0
142,130,251,778,335,2848,0
142,131,251,778,1279,994,0
142,132,251,778,191,2042,0
142,133,251,778,2815,2594,0
142,134,251,778,1341,659,0
142,135,251,778,202,1952,0
142,136,251,778,2049,235,0
142,137,251,778,949,365,0
142,138,251,778,442,484,0
142,139,251,778,1496,989,0
142,140,251,778,1432,2260,0
142,141,251,778,378,1386,0
142,143,251,778,483,113,0
142,144,251,778,2426,100,0
142,145,251,778,2388,1563,0
142,146,251,778,2427,2993,0
142,147,251,778,1415,940,0
142,148,251,778,40,1221,0
142,149,251,778,415,137,0
142,150,251,778,256,2140,0
142,151,251,778,90,1522,0
142,152,251,778,1589,989,0
142,153,251,778,341,205,0
142,154,251,778,883,1339,0
142,155,251,778,280,1464,0
142,156,251,778,1201,2822,0
142,157,251,778,2942,1389,0
142,158,251,778,1138,2750,0
142,159,251,778,2639,1778,0
142,160,251,778,662,429,0
142,161,251,778,652,7,0
142,162,251,778,2034,2057,0
142,163,251,778,2854,2051,0
142,164,251,778,1441,1791,0
142,165,251,778,2428,256,0
142,166,251,778,112,2528,0
142,167,251,778,2873,2538,0
142,168,251,778,2900,823,0
142,169,251,778,263,2591,0
142,170,251,778,486,2698,0
142,171,251,778,568,150,0
142,172,251,778,1194,2604,0
142,173,251,778,1563,2193,0
142,174,251,778,882,2764,0
142,175,251,778,1800,2849,0
142,176,251,778,58,2694,0
142,177,251,778,2845,282,0
142,178,251,778,2776,2400,0
142,179,251,778,2493,1574,0
142,180,251,778,1075,1910,0
142,181,251,778,449,428,0
142,182,251,778,2039,1945,0
142,183,251,778,2887,271,0
142,184,251,778,1400,2901,0
142,185,251,778,2908,1118,0
142,186,251,778,1650,1604,0
142,187,251,778,2331,1718,0
142,188,251,778,1439,133,0
142,189,251,778,42,79,0
142,190,251,778,1558,1707,0
142,191,251,778,177,1143,0
142,192,251,778,2585,1501,0
142,193,251,778,888,374,0
142,194,251,778,263,2834,0
142,195,251,778,1595,2302,0
143,0,483,113,434,320,0
143,1,483,113,571,1612,0
143,2,483,113,135,2521,0
143,3,483,113,1047,2342,0
143,4,483,113,1231,1324,0
143,5,483,113,675,751,0
143,6,483,113,1122,987,0
143,7,483,113,242,2916,0
143,8,483,113,1743,2319,0
143,9,483,113,2618,754,0
143,10,483,113,2910,1478,0
143,11,483,113,2108,832,0
143,12,483,113,2,1143,0
143,13,483,113,1115,2279,0
143,14,483,113,1977,415,0
143,15,483,113,2226,1439,0
143,16,483,113,2325,1601,0
143,17,483,113,2489,1612,0
143,18,483,113,488,2077,0
143,19,483,113,1366,798,0
143,20,483,113,190,1364,0
143,21,483,113,2898,1873,0
143,22,483,113,2802,484,0
143,23,483,113,1769,1361,0
143,24,483,113,1719,2907,0
143,25,483,113,203,816,0
143,26,483,113,1401,1966,0
143,27,483,113,565,2022,0
143,28,483,113,2418,1484,0
143,29,483,113,2744,2458,0
143,30,483,113,2840,2909,0
143,31,483,113,2633,2565,0
143,32,483,113,2705,1885,0
143,33,483,113,2153,2262,0
143,34,483,113,387,708,0
143,35,483,113,2510,1697,0
143,36,483,113,648,2898,0
143,37,483,113,652,1817,0
143,38,483,113,1578,698,0
143,39,483,113,2296,2101,0
143,40,483,113,1931,2689,0
143,41,483,113,526,1595,0
143,42,483,113,2293,1825,0
143,43,483,113,533,1404,0
143,44,483,113,2655,608,0
143,45,483,113,1891,927,0
143,46,483,113,362,551,0
143,47,483,113,517,432,0
143,48,483,113,554,2611,0
143,49,483,113,2495,1015,0
143,50,483,113,582,952,0
143,51,483,113,2325,1655,0
143,52,483,113,627,564,0
143,53,483,113,118,1718,0
143,54,483,113,1703,700,0
143,55,483,113,1698,1595,0
143,56,483,113,2867,2916,0
143,57,483,113,2436,1514,0
143,58,483,113,2012,2768,0
143,59,483,113,2307,1019,0
143,60,483,113,59,2441,0
143,61,483,113,1399,1108,0
143,62,483,113,2643,1912,0
143,63,483,113,2219,2119,0
143,64,483,113,2401,2202,0
143,65,483,113,387,1838,0
143,66,483,113,1601,1532,0
143,67,483,113,2837,72,0
143,68,483,113,1391,2951,0
143,69,483,113,595,1317,0
143,70,483,113,2920,540,0
143,71,483,113,2816,2465,0
143,72,483,113,2231,1907,0
143,73,483,113,1470,2429,0
143,74,483,113,2847,1382,0
143,75,483,113,1398,2370,0
143,76,483,113,1762,2756,0
143,77,483,113,95,1819,0
143,78,483,113,2814,2784,0
143,79,483,113,2728,847,0
143,80,483,113,1380,2542,0
143,81,483,113,1722,2778,0
143,82,483,113,2181,2634,0
143,83,483,113,2405,2720,0
143,84,483,113,2862,2797,0
143,85,483,113,598,2000,0
143,86,483,113,2675,1916,0
143,87,483,113,2094,513,0
143,88,483,113,89,2129,0
143,89,483,113,1347,973,0
143,90,483,113,1412,647,0
143,91,483,113,2716,1699,0
143,92,483,113,2679,301,0
143,93,483,113,2086,1982,0
143,94,483,113,750,2399,0
143,95,483,113,503,2249,0
143,96,483,113,1529,2820,0
143,97,483,113,116,1176,0
143,98,483,113,692,2813,0
143,99,483,113,231,639,0
143,100,483,113,2740,2598,0
143,101,483,113,224,2208,0
143,102,483,113,1683,724,0
143,103,483,113,1276,2330,0
143,104,483,113,107,933,0
143,105,483,113,1480,2153,0
143,106,483,113,891,1933,0
143,107,483,113,2849,2170,0
143,108,483,113,1226,2205,0
143,109,483,113,1117,460,0
143,110,483,113,1597,111,0
143,111,483,113,2174,2704,0
143,112,483,113,811,90,0
143,113,483,113,260,692,0
143,114,483,113,1967,1969,0
143,115,483,113,1133,2946,0
143,116,483,113,786,2901,0
143,117,483,113,312,1389,0
143,118,483,113,2476,340,0
143,119,483,113,2362,2436,0
143,120,483,113,1679,1396,0
143,121,483,113,2646,1977,0
143,122,483,113,1769,2613,0
143,123,483,113,636,2906,0
143,124,483,113,2503,2888,0
143,125,483,113,727,2051,0
143,126,483,113,339,2092,0
143,127,483,113,2559,1995,0
143,128,483,113,1491,2896,0
143,129,483,113,2256,1576,0
143,130,483,113,335,2848,0
143,131,483,113,1279,994,0
143,132,483,113,191,2042,0
143,133,483,113,2815,2594,0
143,134,483,113,1341,659,0
143,135,483,113,202,1952,0
143,136,483,113,2049,235,0
143,137,483,113,949,365,0
143,138,483,113,442,484,0
143,139,483,113,1496,989,0
143,140,483,113,1432,2260,0
143,141,483,113,378,1386,0
143,142,483,113,251,778,0
143,144,483,113,2426,100,0
143,145,483,113,2388,1563,0
143,146,483,113,2427,2993,0
143,147,483,113,1415,940,0
143,148,483,113,40,1221,0
143,149,483,113,415,137,0
143,150,483,113,256,2140,0
143,151,483,113,90,1522,0
143,152,483,113,1589,989,0
143,153,483,113,341,205,0
143,154,483,113,883,1339,0
143,155,483,113,280,1464,0
143,156,483,113,1201,2822,0
143,157,483,113,2942,1389,0
143,158,483,113,1138,2750,0
143,159,483,113,2639,1778,0
143,160,483,113,662,429,0
143,161,483,113,652,7,0
143,162,483,113,2034,2057,0
143,163,483,113,2854,2051,0
143,164,483,113,1441,1791,0
143,165,483,113,2428,256,0
143,166,483,113,112,2528,0
143,167,483,113,2873,2538,0
143,168,483,113,2900,823,0
143,169,483,113,263,2591,0
143,170,483,113,486,2698,0
143,171,483,113,568,150,1
143,172,483,113,1194,2604,0
143,173,483,113,1563,2193,0
143,174,483,113,882,2764,0
143,175,483,113,1800,2849,0
143,176,483,113,58,2694,0
143,177,483,113,2845,282,0
143,178,483,113,2776,2400,0
143,179,483,113,2493,1574,0
143,180,483,113,1075,1910,0
143,181,483,113,449,428,0
143,182,483,113,2039,1945,0
143,183,483,113,2887,271,0
143,184,483,113,1400,2901,0
143,185,483,113,2908,1118,0
143,186,483,113,1650,1604,0
143,187,483,113,2331,1718,0
143,188,483,113,1439,133,0
143,189,483,113,42,79,0
143,190,483,113,1558,1707,0
143,191,483,113,177,1143,0
143,192,483,113,2585,1501,0
143,193,483,113,888,374,0
143,194,483,113,263,2834,0
143,195,483,113,1595,2302,0
144,0,2426,100,434,320,0
144,1,2426,100,571,1612,0
144,2,2426,100,135,2521,0
144,3,2426,100,1047,2342,0
144,4,2426,100,1231,1324,0
144,5,2426,100,675,751,0
144,6,2426,100,1122,987,0
144,7,2426,100,242,2916,0
144,8,2426,100,1743,2319,0
144,9,2426,100,2618,754,0
144,10,2426,100,2910,1478,0
144,11,2426,100,2108,832,0
144,12,2426,100,2,1143,0
144,13,2426,100,1115,2279,0
144,14,2426,100,1977,415,0
144,15,2426,100,2226,1439,0
144,16,2426,100,2325,1601,0
144,17,2426,100,2489,1612,0
144,18,2426,100,488,2077,0
144,19,2426,100,1366,798,0
144,20,2426,100,190,1364,0
144,21,2426,100,2898,1873,0
144,22,2426,100,2802,484,0
144,23,2426,100,1769,1361,0
144,24,2426,100,1719,2907,0
144,25,2426,100,203,816,0
144,26,2426,100,1401,1966,0
144,27,2426,100,565,2022,0
144,28,2426,100,2418,1484,0
144,29,2426,100,2744,2458,0
144,30,2426,100,2840,2909,0
144,31,2426,100,2633,2565,0
144,32,2426,100,2705,1885,0
144,33,2426,100,2153,2262,0
144,34,2426,100,387,708,0
144,35,2426,100,2510,1697,0
144,36,2426,100,648,2898,0
144,37,2426,100,652,1817,0
144,38,2426,100,1578,698,0
144,39,2426,100,2296,2101,0
144,40,2426,100,1931,2689,0
144,41,2426,100,526,1595,0
144,42,2426,100,2293,1825,0
144,43,2426,100,533,1404,0
144,44,2426,100,2655,608,0
144,45,2426,100,1891,927,0
144,46,2426,100,362,551,0
144,47,2426,100,517,432,0
144,48,2426,100,554,2611,0
144,49,2426,100,2495,1015,0
144,50,2426,100,582,952,0
144,51,2426,100,2325,1655,0
144,52,2426,100,627,564,0
144,53,2426,100,118,1718,0
144,54,2426,100,1703,700,0
144,55,2426,100,1698,1595,0
144,56,2426,100,2867,2916,0
144,57,2426,100,2436,1514,0
144,58,2426,100,2012,2768,0
144,59,2426,100,2307,1019,0
144,60,2426,100,59,2441,0
144,61,2426,100,1399,1108,0
144,62,2426,100,2643,1912,0
144,63,2426,100,2219,2119,0
144,64,2426,100,2401,2202,0
144,65,2426,100,387,1838,0
144,66,2426,100,1601,1532,0
144,67,2426,100,2837,72,1
144,68,2426,100,1391,2951,0
144,69,2426,100,595,1317,0
144,70,2426,100,2920,540,0
144,71,2426,100,2816,2465,0
144,72,2426,100,2231,1907,0
144,73,2426,100,1470,2429,0
144,74,2426,100,2847,1382,0
144,75,2426,100,1398,2370,0
144,76,2426,100,1762,2756,0
144,77,2426,100,95,1819,0
144,78,2426,100,2814,2784,0
144,79,2426,100,2728,847,0
144,80,2426,100,1380,2542,0
144,81,2426,100,1722,2778,0
144,82,2426,100,2181,2634,0
144,83,2426,100,2405,2720,0
144,84,2426,100,2862,2797,0
144,85,2426,100,598,2000,0
144,86,2426,100,2675,1916,0
144,87,2426,100,2094,513,0
144,88,2426,100,89,2129,0
144,89,2426,100,1347,973,0
144,90,2426,100,1412,647,0
144,91,2426,100,2716,1699,0
144,92,2426,100,2679,301,0
144,93,2426,100,2086,1982,0
144,94,2426,100,750,2399,0
144,95,2426,100,503,2249,0
144,96,2426,100,1529,2820,0
144,97,2426,100,116,1176,0
144,98,2426,100,692,2813,0
144,99,2426,100,231,639,0
144,100,2426,100,2740,2598,0
144,101,2426,100,224,2208,0
144,102,2426,100,1683,724,0
144,103,2426,100,1276,2330,0
144,104,2426,100,107,933,0
144,105,2426,100,1480,2153,0
144,106,2426,100,891,1933,0
144,107,2426,100,2849,2170,0
144,108,2426,100,1226,2205,0
144,109,2426,100,1117,460,0
144,110,2426,100,1597,111,0
144,111,2426,100,2174,2704,0
144,112,2426,100,811,90,0
144,113,2426,100,260,692,0
144,114,2426,100,1967,1969,0
144,115,2426,100,1133,2946,0
144,116,2426,100,786,2901,0
144,117,2426,100,312,1389,0
144,118,2426,100,2476,340,0
144,119,2426,100,2362,2436,0
144,120,2426,100,1679,1396,0
144,121,2426,100,2646,1977,0
144,122,2426,100,1769,2613,0
144,123,2426,100,636,2906,0
144,124,2426,100,2503,2888,0
144,125,2426,100,727,2051,0
144,126,2426,100,339,2092,0
144,127,2426,100,2559,1995,0
144,128,2426,100,1491,2896,0
144,129,2426,100,2256,1576,0
144,130,2426,100,335,2848,0
144,131,2426,100,1279,994,0
144,132,2426,100,191,2042,0
144,133,2426,100,2815,2594,0
144,134,2426,100,1341,659,0
144,135,2426,100,202,1952,0
144,136,2426,100,2049,235,0
144,137,2426,100,949,365,0
144,138,2426,100,442,484,0
144,139,2426,100,1496,989,0
144,140,2426,100,1432,2260,0
144,141,2426,100,378,1386,0
144,142,2426,100,251,778,0
144,143,2426,100,483,113,0
144,145,2426,100,2388,1563,0
144,146,2426,100,2427,2993,0
144,147,2426,100,1415,940,0
144,148,2426,100,40,1221,0
144,149,2426,100,415,137,0
144,150,2426,100,256,2140,0
144,151,2426,100,90,1522,0
144,152,2426,100,1589,989,0
144,153,2426,100,341,205,0
144,154,2426,100,883,1339,0
144,155,2426,100,280,1464,0
144,156,2426,100,1201,2822,0
144,157,2426,100,2942,1389,0
144,158,2426,100,1138,2750,0
144,159,2426,100,2639,1778,0
144,160,2426,100,662,429,0
144,161,2426,100,652,7,0
144,162,2426,100,2034,2057,0
144,163,2426,100,2854,2051,0
144,164,2426,100,1441,1791,0
144,165,2426,100,2428,256,0
144,166,2426,100,112,2528,0
144,167,2426,100,2873,2538,0
144,168,2426,100,2900,823,0
144,169,2426,100,263,2591,0
144,170,2426,100,486,2698,0
144,171,2426,100,568,150,0
144,172,2426,100,1194,2604,0
144,173,2426,100,1563,2193,0
144,174,2426,100,882,2764,0
144,175,2426,100,1800,2849,0
144,176,2426,100,58,2694,0
144,177,2426,100,2845,282,0
144,178,2426,100,2776,2400,0
144,179,2426,100,2493,1574,0
144,180,2426,100,1075,1910,0
144,181,2426,100,449,428,0
144,182,2426,100,2039,1945,0
144,183,2426,100,2887,271,0
144,184,2426,100,1400,2901,0
144,185,2426,100,2908,1118,0
144,186,2426,100,1650,1604,0
144,187,2426,100,2331,1718,0
144,188,2426,100,1439,133,0
144,189,2426,100,42,79,0
144,190,2426,100,1558,1707,0
144,191,2426,100,177,1143,0
144,192,2426,100,2585,1501,0
144,193,2426,100,888,374,0
144,194,2426,100,263,2834,0
144,195,2426,100,1595,2302,0
145,0,2388,1563,434,320,0
145,1,2388,1563,571,1612,0
145,2,2388,1563,135,2521,0
145,3,2388,1563,1047,2342,0
145,4,2388,1563,1231,1324,0
145,5,2388,1563,675,751,0
145,6,2388,1563,1122,987,0
145,7,2388,1563,242,2916,0
145,8,2388,1563,1743,2319,0
145,9,2388,1563,2618,754,0
145,10,2388,1563,2910,1478,0
145,11,2388,1563,2108,832,0
145,12,2388,1563,2,1143,0
145,13,2388,1563,1115,2279,0
145,14,2388,1563,1977,415,0
145,15,2388,1563,2226,1439,1
145,16,2388,1563,2325,1601,0
145,17,2388,1563,2489,1612,0
145,18,2388,1563,488,2077,0
145,19,2388,1563,1366,798,0
145,20,2388,1563,190,1364,0
145,21,2388,1563,2898,1873,0
145,22,2388,1563,2802,484,0
145,23,2388,1563,1769,1361,0
145,24,2388,1563,1719,2907,0
145,25,2388,1563,203,816,0
145,26,2388,1563,1401,1966,0
145,27,2388,1563,565,2022,0
145,28,2388,1563,2418,1484,0
145,29,2388,1563,2744,2458,0
145,30,2388,1563,2840,2909,0
145,31,2388,1563,2633,2565,0
145,32,2388,1563,2705,1885,0
145,33,2388,1563,2153,2262,0
145,34,2388,1563,387,708,0
145,35,2388,1563,2510,1697,0
145,36,2388,1563,648,2898,0
145,37,2388,1563,652,1817,0
145,38,2388,1563,1578,698,0
145,39,2388,1563,2296,2101,0
145,40,2388,1563,1931,2689,0
145,41,2388,1563,526,1595,0
145,42,2388,1563,2293,1825,0
145,43,2388,1563,533,1404,0
145,44,2388,1563,2655,608,0
145,45,2388,1563,1891,927,0
145,46,2388,1563,362,551,0
145,47,2388,1563,517,432,0
145,48,2388,1563,554,2611,0
145,49,2388,1563,2495,1015,0
145,50,2388,1563,582,952,0
145,51,2388,1563,2325,1655,0
145,52,2388,1563,627,564,0
145,53,2388,1563,118,1718,0
145,54,2388,1563,1703,700,0
145,55,2388,1563,1698,1595,0
145,56,2388,1563,2867,2916,0
145,57,2388,1563,2436,1514,0
145,58,2388,1563,2012,2768,0
145,59,2388,1563,2307,1019,0
145,60,2388,1563,59,2441,0
145,61,2388,1563,1399,1108,0
145,62,2388,1563,2643,1912,0
145,63,2388,1563,2219,2119,0
145,64,2388,1563,2401,2202,0
145,65,2388,1563,387,1838,0
145,66,2388,1563,1601,1532,0
145,67,2388,1563,2837,72,0
145,68,2388,1563,1391,2951,0
145,69,2388,1563,595,1317,0
145,70,2388,1563,2920,540,0
145,71,2388,1563,2816,2465,0
145,72,2388,1563,2231,1907,0
145,73,2388,1563,1470,2429,0
145,74,2388,1563,2847,1382,0
145,75,2388,1563,1398,2370,0
145,76,2388,1563,1762,2756,0
145,77,2388,1563,95,1819,0
145,78,2388,1563,2814,2784,0
145,79,2388,1563,2728,847,0
145,80,2388,1563,1380,2542,0
145,81,2388,1563,1722,2778,0
145,82,2388,1563,2181,2634,0
145,83,2388,1563,2405,2720,0
145,84,2388,1563,2862,2797,0
145,85,2388,1563,598,2000,0
145,86,2388,1563,2675,1916,0
145,87,2388,1563,2094,513,0
145,88,2388,1563,89,2129,0
145,89,2388,1563,1347,973,0
145,90,2388,1563,1412,647,0
145,91,2388,1563,2716,1699,0
145,92,2388,1563,2679,301,0
145,93,2388,1563,2086,1982,0
145,94,2388,1563,750,2399,0
145,95,2388,1563,503,2249,0
145,96,2388,1563,1529,2820,0
145,97,2388,1563,116,1176,0
145,98,2388,1563,692,2813,0
145,99,2388,1563,231,639,0
145,100,2388,1563,2740,2598,0
145,101,2388,1563,224,2208,0
145,102,2388,1563,1683,724,0
145,103,2388,1563,1276,2330,0
145,104,2388,1563,107,933,0
145,105,2388,1563,1480,2153,0
145,106,2388,1563,891,1933,0
145,107,2388,1563,2849,2170,0
145,108,2388,1563,1226,2205,0
145,109,2388,1563,1117,460,0
145,110,2388,1563,1597,111,0
145,111,2388,1563,2174,2704,0
145,112,2388,1563,811,90,0
145,113,2388,1563,260,692,0
145,114,2388,1563,1967,1969,0
145,115,2388,1563,1133,2946,0
145,116,2388,1563,786,2901,0
145,117,2388,1563,312,1389,0
145,118,2388,1563,2476,340,0
145,119,2388,1563,2362,2436,0
145,120,2388,1563,1679,1396,0
145,121,2388,1563,2646,1977,0
145,122,2388,1563,1769,2613,0
145,123,2388,1563,636,2906,0
145,124,2388,1563,2503,2888,0
145,125,2388,1563,727,2051,0
145,126,2388,1563,339,2092,0
145,127,2388,1563,2559,1995,0
145,128,2388,1563,1491,2896,0
145,129,2388,1563,2256,1576,0
145,130,2388,1563,335,2848,0
145,131,2388,1563,1279,994,0
145,132,2388,1563,191,2042,0
145,133,2388,1563,2815,2594,0
145,134,2388,1563,1341,659,0
145,135,2388,1563,202,1952,0
145,136,2388,1563,2049,235,0
145,137,2388,1563,949,365,0
145,138,2388,1563,442,484,0
145,139,2388,1563,1496,989,0
145,140,2388,1563,1432,2260,0
145,141,2388,1563,378,1386,0
145,142,2388,1563,251,778,0
145,143,2388,1563,483,113,0
145,144,2388,1563,2426,100,0
145,146,2388,1563,2427,2993,0
145,147,2388,1563,1415,940,0
145,148,2388,1563,40,1221,0
145,149,2388,1563,415,137,0
145,150,2388,1563,256,2140,0
145,151,2388,1563,90,1522,0
145,152,2388,1563,1589,989,0
145,153,2388,1563,341,205,0
145,154,2388,1563,883,1339,0
145,155,2388,1563,280,1464,0
145,156,2388,1563,1201,2822,0
145,157,2388,1563,2942,1389,0
145,158,2388,1563,1138,2750,0
145,159,2388,1563,2639,1778,0
145,160,2388,1563,662,429,0
145,161,2388,1563,652,7,0
145,162,2388,1563,2034,2057,0
145,163,2388,1563,2854,2051,0
145,164,2388,1563,1441,1791,0
145,165,2388,1563,2428,256,0
145,166,2388,1563,112,2528,0
145,167,2388,1563,2873,2538,0
145,168,2388,1563,2900,823,0
145,169,2388,1563,263,2591,0
145,170,2388,1563,486,2698,0
145,171,2388,1563,568,150,0
145,172,2388,1563,1194,2604,0
145,173,2388,1563,1563,2193,0
145,174,2388,1563,882,2764,0
145,175,2388,1563,1800,2849,0
145,176,2388,1563,58,2694,0
145,177,2388,1563,2845,282,0
145,178,2388,1563,2776,2400,0
145,179,2388,1563,2493,1574,0
145,180,2388,1563,1075,1910,0
145,181,2388,1563,449,428,0
145,182,2388,1563,2039,1945,0
145,183,2388,1563,2887,271,0
145,184,2388,1563,1400,2901,0
145,185,2388,1563,2908,1118,0
145,186,2388,1563,1650,1604,0
145,187,2388,1563,2331,1718,0
145,188,2388,1563,1439,133,0
145,189,2388,1563,42,79,0
145,190,2388,1563,1558,1707,0
145,191,2388,1563,177,1143,0
145,192,2388,1563,2585,1501,0
145,193,2388,1563,888,374,0
145,194,2388,1563,263,2834,0
145,195,2388,1563,1595,2302,0
146,0,2427,2993,434,320,0
146,1,2427,2993,571,1612,0
146,2,2427,2993,135,2521,0
146,3,2427,2993,1047,2342,0
146,4,2427,2993,1231,1324,0
146,5,2427,2993,675,751,0
146,6,2427,2993,1122,987,0
146,7,2427,2993,242,2916,0
146,8,2427,2993,1743,2319,0
146,9,2427,2993,2618,754,0
146,10,2427,2993,2910,1478,0
146,11,2427,2993,2108,832,0
146,12,2427,2993,2,1143,0
146,13,2427,2993,1115,2279,0
146,14,2427,2993,1977,415,0
146,15,2427,2993,2226,1439,0
146,16,2427,2993,2325,1601,0
146,17,2427,2993,2489,1612,0
146,18,2427,2993,488,2077,0
146,19,2427,2993,1366,798,0
146,20,2427,2993,190,1364,0
146,21,2427,2993,2898,1873,0
146,22,2427,2993,2802,484,0
146,23,2427,2993,1769,1361,0
146,24,2427,2993,1719,2907,0
146,25,2427,2993,203,816,0
146,26,2427,2993,1401,1966,0
146,27,2427,2993,565,2022,0
146,28,2427,2993,2418,1484,0
146,29,2427,2993,2744,2458,0
146,30,2427,2993,2840,2909,0
146,31,2427,2993,2633,2565,0
146,32,2427,2993,2705,1885,0
146,33,2427,2993,2153,2262,0
146,34,2427,2993,387,708,0
146,35,2427,2993,2510,1697,0
146,36,2427,2993,648,2898,0
146,37,2427,2993,652,1817,0
146,38,2427,2993,1578,698,0
146,39,2427,2993,2296,2101,0
146,40,2427,2993,1931,2689,0
146,41,2427,2993,526,1595,0
146,42,2427,2993,2293,1825,0
146,43,2427,2993,533,1404,0
146,44,2427,2993,2655,608,0
146,45,2427,2993,1891,927,0
146,46,2427,2993,362,551,0
146,47,2427,2993,517,432,0
146,48,2427,2993,554,2611,0
146,49,2427,2993,2495,1015,0
146,50,2427,2993,582,952,0
146,51,2427,2993,2325,1655,0
146,52,2427,2993,627,564,0
146,53,2427,2993,118,1718,0
146,54,2427,2993,1703,700,0
146,55,2427,2993,1698,1595,0
146,56,2427,2993,2867,2916,0
146,57,2427,2993,2436,1514,0
146,58,2427,2993,2012,2768,0
146,59,2427,2993,2307,1019,0
146,60,2427,2993,59,2441,0
146,61,2427,2993,1399,1108,0
146,62,2427,2993,2643,1912,0
146,63,2427,2993,2219,2119,0
146,64,2427,2993,2401,2202,0
146,65,2427,2993,387,1838,0
146,66,2427,2993,1601,1532,0
146,67,2427,2993,2837,72,0
146,68,2427,2993,1391,2951,0
146,69,2427,2993,595,1317,0
146,70,2427,2993,2920,540,0
146,71,2427,2993,2816,2465,0
146,72,2427,2993,2231,1907,0
146,73,2427,2993,1470,2429,0
146,74,2427,2993,2847,1382,0
146,75,2427,2993,1398,2370,0
146,76,2427,2993,1762,2756,0
146,77,2427,2993,95,1819,0
146,78,2427,2993,2814,2784,0
146,79,2427,2993,2728,847,0
146,80,2427,2993,1380,2542,0
146,81,2427,2993,1722,2778,0
146,82,2427,2993,2181,2634,0
146,83,2427,2993,2405,2720,1
146,84,2427,2993,2862,2797,0
146,85,2427,2993,598,2000,0
146,86,2427,2993,2675,1916,0
146,87,2427,2993,2094,513,0
146,88,2427,2993,89,2129,0
146,89,2427,2993,1347,973,0
146,90,2427,2993,1412,647,0
146,91,2427,2993,2716,1699,0
146,92,2427,2993,2679,301,0
146,93,2427,2993,2086,1982,0
146,94,2427,2993,750,2399,0
146,95,2427,2993,503,2249,0
146,96,2427,2993,1529,2820,0
146,97,2427,2993,116,1176,0
146,98,2427,2993,692,2813,0
146,99,2427,2993,231,639,0
146,100,2427,2993,2740,2598,0
146,101,2427,2993,224,2208,0
146,102,2427,2993,1683,724,0
146,103,2427,2993,1276,2330,0
146,104,2427,2993,107,933,0
146,105,2427,2993,1480,2153,0
146,106,2427,2993,891,1933,0
146,107,2427,2993,2849,2170,0
146,108,2427,2993,1226,2205,0
146,109,2427,2993,1117,460,0
146,110,2427,2993,1597,111,0
146,111,2427,2993,2174,2704,0
146,112,2427,2993,811,90,0
146,113,2427,2993,260,692,0
146,114,2427,2993,1967,1969,0
146,115,2427,2993,1133,2946,0
146,116,2427,2993,786,2901,0
146,117,2427,2993,312,1389,0
146,118,2427,2993,2476,340,0
146,119,2427,2993,2362,2436,0
146,120,2427,2993,1679,1396,0
146,121,2427,2993,2646,1977,0
146,122,2427,2993,1769,2613,0
146,123,2427,2993,636,2906,0
146,124,2427,2993,2503,2888,0
146,125,2427,2993,727,2051,0
146,126,2427,2993,339,2092,0
146,127,2427,2993,2559,1995,0
146,128,2427,2993,1491,2896,0
146,129,2427,2993,2256,1576,0
146,130,2427,2993,335,2848,0
146,131,2427,2993,1279,994,0
146,132,2427,2993,191,2042,0
146,133,2427,2993,2815,2594,0
146,134,2427,2993,1341,659,0
146,135,2427,2993,202,1952,0
146,136,2427,2993,2049,235,0
146,137,2427,2993,949,365,0
146,138,2427,2993,442,484,0
146,139,2427,2993,1496,989,0
146,140,2427,2993,1432,2260,0
146,141,2427,2993,378,1386,0
146,142,2427,2993,251,778,0
146,143,2427,2993,483,113,0
146,144,2427,2993,2426,100,0
146,145,2427,2993,2388,1563,0
146,147,2427,2993,1415,940,0
146,148,2427,2993,40,1221,0
146,149,2427,2993,415,137,0
146,150,2427,2993,256,2140,0
146,151,2427,2993,90,1522,0
146,152,2427,2993,1589,989,0
146,153,2427,2993,341,205,0
146,154,2427,2993,883,1339,0
146,155,2427,2993,280,1464,0
146,156,2427,2993,1201,2822,0
146,157,2427,2993,2942,1389,0
146,158,2427,2993,1138,2750,0
146,159,2427,2993,2639,1778,0
146,160,2427,2993,662,429,0
146,161,2427,2993,652,7,0
146,162,2427,2993,2034,2057,0
146,163,2427,2993,2854,2051,0
146,164,2427,2993,1441,1791,0
146,165,2427,2993,2428,256,0
146,166,2427,2993,112,2528,0
146,167,2427,2993,2873,2538,0
146,168,2427,2993,2900,823,0
146,169,2427,2993,263,2591,0
146,170,2427,2993,486,2698,0
146,171,2427,2993,568,150,0
146,172,2427,2993,1194,2604,0
146,173,2427,2993,1563,2193,0
146,174,2427,2993,882,2764,0
146,175,2427,2993,1800,2849,0
146,176,2427,2993,58,2694,0
146,177,2427,2993,2845,282,0
146,178,2427,2993,2776,2400,0
146,179,2427,2993,2493,1574,0
146,180,2427,2993,1075,1910,0
146,181,2427,2993,449,428,0
146,182,2427,2993,2039,1945,0
146,183,2427,2993,2887,271,0
146,184,2427,2993,1400,2901,0
146,185,2427,2993,2908,1118,0
146,186,2427,2993,1650,1604,0
146,187,2427,2993,2331,1718,0
146,188,2427,2993,1439,133,0
146,189,2427,2993,42,79,0
146,190,2427,2993,1558,1707,0
146,191,2427,2993,177,1143,0
146,192,2427,2993,2585,1501,0
146,193,2427,2993,888,374,0
146,194,2427,2993,263,2834,0
146,195,2427,2993,1595,2302,0
147,0,1415,940,434,320,0
147,1,1415,940,571,1612,0
147,2,1415,940,135,2521,0
147,3,1415,940,1047,2342,0
147,4,1415,940,1231,1324,0
147,5,1415,940,675,751,0
147,6,1415,940,1122,987,0
147,7,1415,940,242,2916,0
147,8,1415,940,1743,2319,0
147,9,1415,940,2618,754,0
147,10,1415,940,2910,1478,0
147,11,1415,940,2108,832,0
147,12,1415,940,2,1143,0
147,13,1415,940,1115,2279,0
147,14,1415,940,1977,415,0
147,15,1415,940,2226,1439,0
147,16,1415,940,2325,1601,0
147,17,1415,940,2489,1612,0
147,18,1415,940,488,2077,0
147,19,1415,940,1366,798,0
147,20,1415,940,190,1364,0
147,21,1415,940,2898,1873,0
147,22,1415,940,2802,484,0
147,23,1415,940,1769,1361,0
147,24,1415,940,1719,2907,0
147,25,1415,940,203,816,0
147,26,1415,940,1401,1966,0
147,27,1415,940,565,2022,0
147,28,1415,940,2418,1484,0
147,29,1415,940,2744,2458,0
147,30,1415,940,2840,2909,0
147,31,1415,940,2633,2565,0
147,32,1415,940,2705,1885,0
147,33,1415,940,2153,2262,0
147,34,1415,940,387,708,0
147,35,1415,940,2510,1697,0
147,36,1415,940,648,2898,0
147,37,1415,940,652,1817,0
147,38,1415,940,1578,698,0
147,39,1415,940,2296,2101,0
147,40,1415,940,1931,2689,0
147,41,1415,940,526,1595,0
147,42,1415,940,2293,1825,0
147,43,1415,940,533,1404,0
147,44,1415,940,2655,608,0
147,45,1415,940,1891,927,0
147,46,1415,940,362,551,0
147,47,1415,940,517,432,0
147,48,1415,940,554,2611,0
147,49,1415,940,2495,1015,0
147,50,1415,940,582,952,0
147,51,1415,940,2325,1655,0
147,52,1415,940,627,564,0
147,53,1415,940,118,1718,0
147,54,1415,940,1703,700,0
147,55,1415,940,1698,1595,0
147,56,1415,940,2867,2916,0
147,57,1415,940,2436,1514,0
147,58,1415,940,2012,2768,0
147,59,1415,940,2307,1019,0
147,60,1415,940,59,2441,0
147,61,1415,940,1399,1108,0
147,62,1415,940,2643,1912,0
147,63,1415,940,2219,2119,0
147,64,1415,940,2401,2202,0
147,65,1415,940,387,1838,0
147,66,1415,940,1601,1532,0
147,67,1415,940,2837,72,0
147,68,1415,940,1391,2951,0
147,69,1415,940,595,1317,0
147,70,1415,940,2920,540,0
147,71,1415,940,2816,2465,0
147,72,1415,940,2231,1907,0
147,73,1415,940,1470,2429,0
147,74,1415,940,2847,1382,0
147,75,1415,940,1398,2370,0
147,76,1415,940,1762,2756,0
147,77,1415,940,95,1819,0
147,78,1415,940,2814,2784,0
147,79,1415,940,2728,847,0
147,80,1415,940,1380,2542,0
147,81,1415,940,1722,2778,0
147,82,1415,940,2181,2634,0
147,83,1415,940,2405,2720,0
147,84,1415,940,2862,2797,0
147,85,1415,940,598,2000,0
147,86,1415,940,2675,1916,0
147,87,1415,940,2094,513,0
147,88,1415,940,89,2129,0
147,89,1415,940,1347,973,0
147,90,1415,940,1412,647,0
147,91,1415,940,2716,1699,0
147,92,1415,940,2679,301,0
147,93,1415,940,2086,1982,0
147,94,1415,940,750,2399,0
147,95,1415,940,503,2249,0
147,96,1415,940,1529,2820,0
147,97,1415,940,116,1176,0
147,98,1415,940,692,2813,0
147,99,1415,940,231,639,0
147,100,1415,940,2740,2598,0
147,101,1415,940,224,2208,0
147,102,1415,940,1683,724,0
147,103,1415,940,1276,2330,0
147,104,1415,940,107,933,0
147,105,1415,940,1480,2153,0
147,106,1415,940,891,1933,0
147,107,1415,940,2849,2170,0
147,108,1415,940,1226,2205,0
147,109,1415,940,1117,460,0
147,110,1415,940,1597,111,0
147,111,1415,940,2174,2704,0
147,112,1415,940,811,90,0
147,113,1415,940,260,692,0
147,114,1415,940,1967,1969,0
147,115,1415,940,1133,2946,0
147,116,1415,940,786,2901,0
147,117,1415,940,312,1389,0
147,118,1415,940,2476,340,0
147,119,1415,940,2362,2436,0
147,120,1415,940,1679,1396,0
147,121,1415,940,2646,1977,0
147,122,1415,940,1769,2613,0
147,123,1415,940,636,2906,0
147,124,1415,940,2503,2888,0
147,125,1415,940,727,2051,0
147,126,1415,940,339,2092,0
147,127,1415,940,2559,1995,0
147,128,1415,940,1491,2896,0
147,129,1415,940,2256,1576,0
147,130,1415,940,335,2848,0
147,131,1415,940,1279,994,0
147,132,1415,940,191,2042,0
147,133,1415,940,2815,2594,0
147,134,1415,940,1341,659,0
147,135,1415,940,202,1952,0
147,136,1415,940,2049,235,0
147,137,1415,940,949,365,0
147,138,1415,940,442,484,0
147,139,1415,940,1496,989,1
147,140,1415,940,1432,2260,0
147,141,1415,940,378,1386,0
147,142,1415,940,251,778,0
147,143,1415,940,483,113,0
147,144,1415,940,2426,100,0
147,145,1415,940,2388,1563,0
147,146,1415,940,2427,2993,0
147,148,1415,940,40,1221,0
147,149,1415,940,415,137,0
147,150,1415,940,256,2140,0
147,151,1415,940,90,1522,0
147,152,1415,940,1589,989,0
147,153,1415,940,341,205,0
147,154,1415,940,883,1339,0
147,155,1415,940,280,1464,0
147,156,1415,940,1201,2822,0
147,157,1415,940,2942,1389,0
147,158,1415,940,1138,2750,0
147,159,1415,940,2639,1778,0
147,160,1415,940,662,429,0
147,161,1415,940,652,7,0
147,162,1415,940,2034,2057,0
147,163,1415,940,2854,2051,0
147,164,1415,940,1441,1791,0
147,165,1415,940,2428,256,0
147,166,1415,940,112,2528,0
147,167,1415,940,2873,2538,0
147,168,1415,940,2900,823,0
147,169,1415,940,263,2591,0
147,170,1415,940,486,2698,0
147,171,1415,940,568,150,0
147,172,1415,940,1194,2604,0
147,173,1415,940,1563,2193,0
147,174,1415,940,882,2764,0
147,175,1415,940,1800,2849,0
147,176,1415,940,58,2694,0
147,177,1415,940,2845,282,0
147,178,1415,940,2776,2400,0
147,179,1415,940,2493,1574,0
147,180,1415,940,1075,1910,0
147,181,1415,940,449,428,0
147,182,1415,940,2039,1945,0
147,183,1415,940,2887,271,0
147,184,1415,940,1400,2901,0
147,185,1415,940,2908,1118,0
147,186,1415,940,1650,1604,0
147,187,1415,940,2331,1718,0
147,188,1415,940,1439,133,0
147,189,1415,940,42,79,0
147,190,1415,940,1558,1707,0
147,191,1415,940,177,1143,0
147,192,1415,940,2585,1501,0
147,193,1415,940,888,374,0
147,194,1415,940,263,2834,0
147,195,1415,940,1595,2302,0
148,0,40,1221,434,320,0
148,1,40,1221,571,1612,0
148,2,40,1221,135,2521,0
148,3,40,1221,1047,2342,0
148,4,40,1221,1231,1324,0
148,5,40,1221,675,751,0
148,6,40,1221,1122,987,0
148,7,40,1221,242,2916,0
148,8,40,1221,1743,2319,0
148,9,40,1221,2618,754,0
148,10,40,1221,2910,1478,0
148,11,40,1221,2108,832,0
148,12,40,1221,2,1143,1
148,13,40,1221,1115,2279,0
148,14,40,1221,1977,415,0
148,15,40,1221,2226,1439,0
148,16,40,1221,2325,1601,0
148,17,40,1221,2489,1612,0
148,18,40,1221,488,2077,0
148,19,40,1221,1366,798,0
148,20,40,1221,190,1364,0
148,21,40,1221,2898,1873,0
148,22,40,1221,2802,484,0
148,23,40,1221,1769,1361,0
148,24,40,1221,1719,2907,0
148,25,40,1221,203,816,0
148,26,40,1221,1401,1966,0
148,27,40,1221,565,2022,0
148,28,40,1221,2418,1484,0
148,29,40,1221,2744,2458,0
148,30,40,1221,2840,2909,0
148,31,40,1221,2633,2565,0
148,32,40,1221,2705,1885,0
148,33,40,1221,2153,2262,0
148,34,40,1221,387,708,0
148,35,40,1221,2510,1697,0
148,36,40,1221,648,2898,0
148,37,40,1221,652,1817,0
148,38,40,1221,1578,698,0
148,39,40,1221,2296,2101,0
148,40,40,1221,1931,2689,0
148,41,40,1221,526,1595,0
148,42,40,1221,2293,1825,0
148,43,40,1221,533,1404,0
148,44,40,1221,2655,608,0
148,45,40,1221,1891,927,0
148,46,40,1221,362,551,0
148,47,40,1221,517,432,0
148,48,40,1221,554,2611,0
148,49,40,1221,2495,1015,0
148,50,40,1221,582,952,0
148,51,40,1221,2325,1655,0
148,52,40,1221,627,564,0
148,53,40,1221,118,1718,0
148,54,40,1221,1703,700,0
148,55,40,1221,1698,1595,0
148,56,40,1221,2867,2916,0
148,57,40,1221,2436,1514,0
148,58,40,1221,2012,2768,0
148,59,40,1221,2307,1019,0
148,60,40,1221,59,2441,0
148,61,40,1221,1399,1108,0
148,62,40,1221,2643,1912,0
148,63,40,1221,2219,2119,0
148,64,40,1221,2401,2202,0
148,65,40,1221,387,1838,0
148,66,40,1221,1601,1532,0
148,67,40,1221,2837,72,0
148,68,40,1221,1391,2951,0
148,69,40,1221,595,1317,0
148,70,40,1221,2920,540,0
148,71,40,1221,2816,2465,0
148,72,40,1221,2231,1907,0
148,73,40,1221,1470,2429,0
148,74,40,1221,2847,1382,0
148,75,40,1221,1398,2370,0
148,76,40,1221,1762,2756,0
148,77,40,1221,95,1819,0
148,78,40,1221,2814,2784,0
148,79,40,1221,2728,847,0
148,80,40,1221,1380,2542,0
148,81,40,1221,1722,2778,0
148,82,40,1221,2181,2634,0
148,83,40,1221,2405,2720,0
148,84,40,1221,2862,2797,0
148,85,40,1221,598,2000,0
148,86,40,1221,2675,1916,0
148,87,40,1221,2094,513,0
148,88,40,1221,89,2129,0
148,89,40,1221,1347,973,0
148,90,40,1221,1412,647,0
148,91,40,1221,2716,1699,0
148,92,40,1221,2679,301,0
148,93,40,1221,2086,1982,0
148,94,40,1221,750,2399,0
148,95,40,1221,503,2249,0
148,96,40,1221,1529,2820,0
148,97,40,1221,116,1176,0
148,98,40,1221,692,2813,0
148,99,40,1221,231,639,0
148,100,40,1221,2740,2598,0
148,101,40,1221,224,2208,0
148,102,40,1221,1683,724,0
148,103,40,1221,1276,2330,0
148,104,40,1221,107,933,0
148,105,40,1221,1480,2153,0
148,106,40,1221,891,1933,0
148,107,40,1221,2849,2170,0
148,108,40,1221,1226,2205,0
148,109,40,1221,1117,460,0
148,110,40,1221,1597,111,0
148,111,40,1221,2174,2704,0
148,112,40,1221,811,90,0
148,113,40,1221,260,692,0
148,114,40,1221,1967,1969,0
148,115,40,1221,1133,2946,0
148,116,40,1221,786,2901,0
148,117,40,1221,312,1389,0
148,118,40,1221,2476,340,0
148,119,40,1221,2362,2436,0
148,120,40,1221,1679,1396,0
148,121,40,1221,2646,1977,0
148,122,40,1221,1769,2613,0
148,123,40,1221,636,2906,0
148,124,40,1221,2503,2888,0
148,125,40,1221,727,2051,0
148,126,40,1221,339,2092,0
148,127,40,1221,2559,1995,0
148,128,40,1221,1491,2896,0
148,129,40,1221,2256,1576,0
148,130,40,1221,335,2848,0
148,131,40,1221,1279,994,0
148,132,40,1221,191,2042,0
148,133,40,1221,2815,2594,0
148,134,40,1221,1341,659,0
148,135,40,1221,202,1952,0
148,136,40,1221,2049,235,0
148,137,40,1221,949,365,0
148,138,40,1221,442,484,0
148,139,40,1221,1496,989,0
148,140,40,1221,1432,2260,0
148,141,40,1221,378,1386,0
148,142,40,1221,251,778,0
148,143,40,1221,483,113,0
148,144,40,1221,2426,100,0
148,145,40,1221,2388,1563,0
148,146,40,1221,2427,2993,0
148,147,40,1221,1415,940,0
148,149,40,1221,415,137,0
148,150,40,1221,256,2140,0
148,151,40,1221,90,1522,0
148,152,40,1221,1589,989,0
148,153,40,1221,341,205,0
148,154,40,1221,883,1339,0
148,155,40,1221,280,1464,0
148,156,40,1221,1201,2822,0
148,157,40,1221,2942,1389,0
148,158,40,1221,1138,2750,0
148,159,40,1221,2639,1778,0
148,160,40,1221,662,429,0
148,161,40,1221,652,7,0
148,162,40,1221,2034,2057,0
148,163,40,1221,2854,2051,0
148,164,40,1221,1441,1791,0
148,165,40,1221,2428,256,0
148,166,40,1221,112,2528,0
148,167,40,1221,2873,2538,0
148,168,40,1221,2900,823,0
148,169,40,1221,263,2591,0
148,170,40,1221,486,2698,0
148,171,40,1221,568,150,0
148,172,40,1221,1194,2604,0
148,173,40,1221,1563,2193,0
148,174,40,1221,882,2764,0
148,175,40,1221,1800,2849,0
148,176,40,1221,58,2694,0
148,177,40,1221,2845,282,0
148,178,40,1221,2776,2400,0
148,179,40,1221,2493,1574,0
148,180,40,1221,1075,1910,0
148,181,40,1221,449,428,0
148,182,40,1221,2039,1945,0
148,183,40,1221,2887,271,0
148,184,40,1221,1400,2901,0
148,185,40,1221,2908,1118,0
148,186,40,1221,1650,1604,0
148,187,40,1221,2331,1718,0
148,188,40,1221,1439,133,0
148,189,40,1221,42,79,0
148,190,40,1221,1558,1707,0
148,191,40,1221,177,1143,0
148,192,40,1221,2585,1501,0
148,193,40,1221,888,374,0
148,194,40,1221,263,2834,0
148,195,40,1221,1595,2302,0
149,0,415,137,434,320,0
149,1,415,137,571,1612,0
149,2,415,137,135,2521,0
149,3,415,137,1047,2342,0
149,4,415,137,1231,1324,0
149,5,415,137,675,751,0
149,6,415,137,1122,987,0
149,7,415,137,242,2916,0
149,8,415,137,1743,2319,0
149,9,415,137,2618,754,0
149,10,415,137,2910,1478,0
149,11,415,137,2108,832,0
149,12,415,137,2,1143,0
149,13,415,137,1115,2279,0
149,14,415,137,1977,415,0
149,15,415,137,2226,1439,0
149,16,415,137,2325,1601,0
149,17,415,137,2489,1612,0
149,18,415,137,488,2077,0
149,19,415,137,1366,798,0
149,20,415,137,190,1364,0
149,21,415,137,2898,1873,0
149,22,415,137,2802,484,0
149,23,415,137,1769,1361,0
149,24,415,137,1719,2907,0
149,25,415,137,203,816,0
149,26,415,137,1401,1966,0
149,27,415,137,565,2022,0
149,28,415,137,2418,1484,0
149,29,415,137,2744,2458,0
149,30,415,137,2840,2909,0
149,31,415,137,2633,2565,0
149,32,415,137,2705,1885,0
149,33,415,137,2153,2262,0
149,34,415,137,387,708,0
149,35,415,137,2510,1697,0
149,36,415,137,648,2898,0
149,37,415,137,652,1817,0
149,38,415,137,1578,698,0
149,39,415,137,2296,2101,0
149,40,415,137,1931,2689,0
149,41,415,137,526,1595,0
149,42,415,137,2293,1825,0
149,43,415,137,533,1404,0
149,44,415,137,2655,608,0
149,45,415,137,1891,927,0
149,46,415,137,362,551,0
149,47,415,137,517,432,0
149,48,415,137,554,2611,0
149,49,415,137,2495,1015,0
149,50,415,137,582,952,0
149,51,415,137,2325,1655,0
149,52,415,137,627,564,0
149,53,415,137,118,1718,0
149,54,415,137,1703,700,0
149,55,415,137,1698,1595,0
149,56,415,137,2867,2916,0
149,57,415,137,2436,1514,0
149,58,415,137,2012,2768,0
149,59,415,137,2307,1019,0
149,60,415,137,59,2441,0
149,61,415,137,1399,1108,0
149,62,415,137,2643,1912,0
149,63,415,137,2219,2119,0
149,64,415,137,2401,2202,0
149,65,415,137,387,1838,0
149,66,415,137,1601,1532,0
149,67,415,137,2837,72,0
149,68,415,137,1391,2951,0
149,69,415,137,595,1317,0
149,70,415,137,2920,540,0
149,71,415,137,2816,2465,0
149,72,415,137,2231,1907,0
149,73,415,137,1470,2429,0
149,74,415,137,2847,1382,0
149,75,415,137,1398,2370,0
149,76,415,137,1762,2756,0
149,77,415,137,95,1819,0
149,78,415,137,2814,2784,0
149,79,415,137,2728,847,0
149,80,415,137,1380,2542,0
149,81,415,137,1722,2778,0
149,82,415,137,2181,2634,0
149,83,415,137,2405,2720,0
149,84,415,137,2862,2797,0
149,85,415,137,598,2000,0
149,86,415,137,2675,1916,0
149,87,415,137,2094,513,0
149,88,415,137,89,2129,0
149,89,415,137,1347,973,0
149,90,415,137,1412,647,0
149,91,415,137,2716,1699,0
149,92,415,137,2679,301,0
149,93,415,137,2086,1982,0
149,94,415,137,750,2399,0
149,95,415,137,503,2249,0
149,96,415,137,1529,2820,0
149,97,415,137,116,1176,0
149,98,415,137,692,2813,0
149,99,415,137,231,639,0
149,100,415,137,2740,2598,0
149,101,415,137,224,2208,0
149,102,415,137,1683,724,0
149,103,415,137,1276,2330,0
149,104,415,137,107,933,0
149,105,415,137,1480,2153,0
149,106,415,137,891,1933,0
149,107,415,137,2849,2170,0
149,108,415,137,1226,2205,0
149,109,415,137,1117,460,0
149,110,415,137,1597,111,0
149,111,415,137,2174,2704,0
149,112,415,137,811,90,0
149,113,415,137,260,692,0
149,114,415,137,1967,1969,0
149,115,415,137,1133,2946,0
149,116,415,137,786,2901,0
149,117,415,137,312,1389,0
149,118,415,137,2476,340,0
149,119,415,137,2362,2436,0
149,120,415,137,1679,1396,0
149,121,415,137,2646,1977,0
149,122,415,137,1769,2613,0
149,123,415,137,636,2906,0
149,124,415,137,2503,2888,0
149,125,415,137,727,2051,0
149,126,415,137,339,2092,0
149,127,415,137,2559,1995,0
149,128,415,137,1491,2896,0
149,129,415,137,2256,1576,0
149,130,415,137,335,2848,0
149,131,415,137,1279,994,0
149,132,415,137,191,2042,0
149,133,415,137,2815,2594,0
149,134,415,137,1341,659,0
149,135,415,137,202,1952,0
149,136,415,137,2049,235,0
149,137,415,137,949,365,0
149,138,415,137,442,484,0
149,139,415,137,1496,989,0
149,140,415,137,1432,2260,0
149,141,415,137,378,1386,0
149,142,415,137,251,778,0
149,143,415,137,483,113,1
149,144,415,137,2426,100,0
149,145,415,137,2388,1563,0
149,146,415,137,2427,2993,0
149,147,415,137,1415,940,0
149,148,415,137,40,1221,0
149,150,415,137,256,2140,0
149,151,415,137,90,1522,0
149,152,415,137,1589,989,0
149,153,415,137,341,205,0
149,154,415,137,883,1339,0
149,155,415,137,280,1464,0
149,156,415,137,1201,2822,0
149,157,415,137,2942,1389,0
149,158,415,137,1138,2750,0
149,159,415,137,2639,1778,0
149,160,415,137,662,429,0
149,161,415,137,652,7,0
149,162,415,137,2034,2057,0
149,163,415,137,2854,2051,0
149,164,415,137,1441,1791,0
149,165,415,137,2428,256,0
149,166,415,137,112,2528,0
149,167,415,137,2873,2538,0
149,168,415,137,2900,823,0
149,169,415,137,263,2591,0
149,170,415,137,486,2698,0
149,171,415,137,568,150,0
149,172,415,137,1194,2604,0
149,173,415,137,1563,2193,0
149,174,415,137,882,2764,0
149,175,415,137,1800,2849,0
149,176,415,137,58,2694,0
149,177,415,137,2845,282,0
149,178,415,137,2776,2400,0
149,179,415,137,2493,1574,0
149,180,415,137,1075,1910,0
149,181,415,137,449,428,0
149,182,415,137,2039,1945,0
149,183,415,137,2887,271,0
149,184,415,137,1400,2901,0
149,185,415,137,2908,1118,0
149,186,415,137,1650,1604,0
149,187,415,137,2331,1718,0
149,188,415,137,1439,133,0
149,189,415,137,42,79,0
149,190,415,137,1558,1707,0
149,191,415,137,177,1143,0
149,192,415,137,2585,1501,0
149,193,415,137,888,374,0
149,194,415,137,263,2834,0
149,195,415,137,1595,2302,0
150,0,256,2140,434,320,0
150,1,256,2140,571,1612,0
150,2,256,2140,135,2521,0
150,3,256,2140,1047,2342,0
150,4,256,2140,1231,1324,0
150,5,256,2140,675,751,0
150,6,256,2140,1122,987,0
150,7,256,2140,242,2916,0
150,8,256,2140,1743,2319,0
150,9,256,2140,2618,754,0
150,10,256,2140,2910,1478,0
150,11,256,2140,2108,832,0
150,12,256,2140,2,1143,0
150,13,256,2140,1115,2279,0
150,14,256,2140,1977,415,0
150,15,256,2140,2226,1439,0
150,16,256,2140,2325,1601,0
150,17,256,2140,2489,1612,0
150,18,256,2140,488,2077,0
150,19,256,2140,1366,798,0
150,20,256,2140,190,1364,0
150,21,256,2140,2898,1873,0
150,22,256,2140,2802,484,0
150,23,256,2140,1769,1361,0
150,24,256,2140,1719,2907,0
150,25,256,2140,203,816,0
150,26,256,2140,1401,1966,0
150,27,256,2140,565,2022,0
150,28,256,2140,2418,1484,0
150,29,256,2140,2744,2458,0
150,30,256,2140,2840,2909,0
150,31,256,2140,2633,2565,0
150,32,256,2140,2705,1885,0
150,33,256,2140,2153,2262,0
150,34,256,2140,387,708,0
150,35,256,2140,2510,1697,0
150,36,256,2140,648,2898,0
150,37,256,2140,652,1817,0
150,38,256,2140,1578,698,0
150,39,256,2140,2296,2101,0
150,40,256,2140,1931,2689,0
150,41,256,2140,526,1595,0
150,42,256,2140,2293,1825,0
150,43,256,2140,533,1404,0
150,44,256,2140,2655,608,0
150,45,256,2140,1891,927,0
150,46,256,2140,362,551,0
150,47,256,2140,517,432,0
150,48,256,2140,554,2611,0
150,49,256,2140,2495,1015,0
150,50,256,2140,582,952,0
150,51,256,2140,2325,1655,0
150,52,256,2140,627,564,0
150,53,256,2140,118,1718,0
150,54,256,2140,1703,700,0
150,55,256,2140,1698,1595,0
150,56,256,2140,2867,2916,0
150,57,256,2140,2436,1514,0
150,58,256,2140,2012,2768,0
150,59,256,2140,2307,1019,0
150,60,256,2140,59,2441,0
150,61,256,2140,1399,1108,0
150,62,256,2140,2643,1912,0
150,63,256,2140,2219,2119,0
150,64,256,2140,2401,2202,0
150,65,256,2140,387,1838,0
150,66,256,2140,1601,1532,0
150,67,256,2140,2837,72,0
150,68,256,2140,1391,2951,0
150,69,256,2140,595,1317,0
150,70,256,2140,2920,540,0
150,71,256,2140,2816,2465,0
150,72,256,2140,2231,1907,0
150,73,256,2140,1470,2429,0
150,74,256,2140,2847,1382,0
150,75,256,2140,1398,2370,0
150,76,256,2140,1762,2756,0
150,77,256,2140,95,1819,0
150,78,256,2140,2814,2784,0
150,79,256,2140,2728,847,0
150,80,256,2140,1380,2542,0
150,81,256,2140,1722,2778,0
150,82,256,2140,2181,2634,0
150,83,256,2140,2405,2720,0
150,84,256,2140,2862,2797,0
150,85,256,2140,598,2000,0
150,86,256,2140,2675,1916,0
150,87,256,2140,2094,513,0
150,88,256,2140,89,2129,0
150,89,256,2140,1347,973,0
150,90,256,2140,1412,647,0
150,91,256,2140,2716,1699,0
150,92,256,2140,2679,301,0
150,93,256,2140,2086,1982,0
150,94,256,2140,750,2399,0
150,95,256,2140,503,2249,0
150,96,256,2140,1529,2820,0
150,97,256,2140,116,1176,0
150,98,256,2140,692,2813,0
150,99,256,2140,231,639,0
150,100,256,2140,2740,2598,0
150,101,256,2140,224,2208,0
150,102,256,2140,1683,724,0
150,103,256,2140,1276,2330,0
150,104,256,2140,107,933,0
150,105,256,2140,1480,2153,0
150,106,256,2140,891,1933,0
150,107,256,2140,2849,2170,0
150,108,256,2140,1226,2205,0
150,109,256,2140,1117,460,0
150,110,256,2140,1597,111,0
150,111,256,2140,2174,2704,0
150,112,256,2140,811,90,0
150,113,256,2140,260,692,0
150,114,256,2140,1967,1969,0
150,115,256,2140,1133,2946,0
150,116,256,2140,786,2901,0
150,117,256,2140,312,1389,0
150,118,256,2140,2476,340,0
150,119,256,2140,2362,2436,0
150,120,256,2140,1679,1396,0
150,121,256,2140,2646,1977,0
150,122,256,2140,1769,2613,0
150,123,256,2140,636,2906,0
150,124,256,2140,2503,2888,0
150,125,256,2140,727,2051,0
150,126,256,2140,339,2092,1
150,127,256,2140,2559,1995,0
150,128,256,2140,1491,2896,0
150,129,256,2140,2256,1576,0
150,130,256,2140,335,2848,0
150,131,256,2140,1279,994,0
150,132,256,2140,191,2042,0
150,133,256,2140,2815,2594,0
150,134,256,2140,1341,659,0
150,135,256,2140,202,1952,0
150,136,256,2140,2049,235,0
150,137,256,2140,949,365,0
150,138,256,2140,442,484,0
150,139,256,2140,1496,989,0
150,140,256,2140,1432,2260,0
150,141,256,2140,378,1386,0
150,142,256,2140,251,778,0
150,143,256,2140,483,113,0
150,144,256,2140,2426,100,0
150,145,256,2140,2388,1563,0
150,146,256,2140,2427,2993,0
150,147,256,2140,1415,940,0
150,148,256,2140,40,1221,0
150,149,256,2140,415,137,0
150,151,256,2140,90,1522,0
150,152,256,2140,1589,989,0
150,153,256,2140,341,205,0
150,154,256,2140,883,1339,0
150,155,256,2140,280,1464,0
150,156,256,2140,1201,2822,0
150,157,256,2140,2942,1389,0
150,158,256,2140,1138,2750,0
150,159,256,2140,2639,1778,0
150,160,256,2140,662,429,0
150,161,256,2140,652,7,0
150,162,256,2140,2034,2057,0
150,163,256,2140,2854,2051,0
150,164,256,2140,1441,1791,0
150,165,256,2140,2428,256,0
150,166,256,2140,112,2528,0
150,167,256,2140,2873,2538,0
150,168,256,2140,2900,823,0
150,169,256,2140,263,2591,0
150,170,256,2140,486,2698,0
150,171,256,2140,568,150,0
150,172,256,2140,1194,2604,0
150,173,256,2140,1563,2193,0
150,174,256,2140,882,2764,0
150,175,256,2140,1800,2849,0
150,176,256,2140,58,2694,0
150,177,256,2140,2845,282,0
150,178,256,2140,2776,2400,0
150,179,256,2140,2493,1574,0
150,180,256,2140,1075,1910,0
150,181,256,2140,449,428,0
150,182,256,2140,2039,1945,0
150,183,256,2140,2887,271,0
150,184,256,2140,1400,2901,0
150,185,256,2140,2908,1118,0
150,186,256,2140,1650,1604,0
150,187,256,2140,2331,1718,0
150,188,256,2140,1439,133,0
150,189,256,2140,42,79,0
150,190,256,2140,1558,1707,0
150,191,256,2140,177,1143,0
150,192,256,2140,2585,1501,0
150,193,256,2140,888,374,0
150,194,256,2140,263,2834,0
150,195,256,2140,1595,2302,0
151,0,90,1522,434,320,0
151,1,90,1522,571,1612,0
151,2,90,1522,135,2521,0
151,3,90,1522,1047,2342,0
151,4,90,1522,1231,1324,0
151,5,90,1522,675,751,0
151,6,90,1522,1122,987,0
151,7,90,1522,242,2916,0
151,8,90,1522,1743,2319,0
151,9,90,1522,2618,754,0
151,10,90,1522,2910,1478,0
151,11,90,1522,2108,832,0
151,12,90,1522,2,1143,0
151,13,90,1522,1115,2279,0
151,14,90,1522,1977,415,0
151,15,90,1522,2226,1439,0
151,16,90,1522,2325,1601,0
151,17,90,1522,2489,1612,0
151,18,90,1522,488,2077,0
151,19,90,1522,1366,798,0
151,20,90,1522,190,1364,0
151,21,90,1522,2898,1873,0
151,22,90,1522,2802,484,0
151,23,90,1522,1769,1361,0
151,24,90,1522,1719,2907,0
151,25,90,1522,203,816,0
151,26,90,1522,1401,1966,0
151,27,90,1522,565,2022,0
151,28,90,1522,2418,1484,0
151,29,90,1522,2744,2458,0
151,30,90,1522,2840,2909,0
151,31,90,1522,2633,2565,0
151,32,90,1522,2705,1885,0
151,33,90,1522,2153,2262,0
151,34,90,1522,387,708,0
151,35,90,1522,2510,1697,0
151,36,90,1522,648,2898,0
151,37,90,1522,652,1817,0
151,38,90,1522,1578,698,0
151,39,90,1522,2296,2101,0
151,40,90,1522,1931,2689,0
151,41,90,1522,526,1595,0
151,42,90,1522,2293,1825,0
151,43,90,1522,533,1404,0
151,44,90,1522,2655,608,0
151,45,90,1522,1891,927,0
151,46,90,1522,362,551,0
151,47,90,1522,517,432,0
151,48,90,1522,554,2611,0
151,49,90,1522,2495,1015,0
151,50,90,1522,582,952,0
151,51,90,1522,2325,1655,0
151,52,90,1522,627,564,0
151,53,90,1522,118,1718,0
151,54,90,1522,1703,700,0
151,55,90,1522,1698,1595,0
151,56,90,1522,2867,2916,0
151,57,90,1522,2436,1514,0
151,58,90,1522,2012,2768,0
151,59,90,1522,2307,1019,0
151,60,90,1522,59,2441,0
151,61,90,1522,1399,1108,0
151,62,90,1522,2643,1912,0
151,63,90,1522,2219,2119,0
151,64,90,1522,2401,2202,0
151,65,90,1522,387,1838,0
151,66,90,1522,1601,1532,0
151,67,90,1522,2837,72,0
151,68,90,1522,1391,2951,0
151,69,90,1522,595,1317,0
151,70,90,1522,2920,540,0
151,71,90,1522,2816,2465,0
151,72,90,1522,2231,1907,0
151,73,90,1522,1470,2429,0
151,74,90,1522,2847,1382,0
151,75,90,1522,1398,2370,0
151,76,90,1522,1762,2756,0
151,77,90,1522,95,1819,0
151,78,90,1522,2814,2784,0
151,79,90,1522,2728,847,0
151,80,90,1522,1380,2542,0
151,81,90,1522,1722,2778,0
151,82,90,1522,2181,2634,0
151,83,90,1522,2405,2720,0
151,84,90,1522,2862,2797,0
151,85,90,1522,598,2000,0
151,86,90,1522,2675,1916,0
151,87,90,1522,2094,513,0
151,88,90,1522,89,2129,0
151,89,90,1522,1347,973,0
151,90,90,1522,1412,647,0
151,91,90,1522,2716,1699,0
151,92,90,1522,2679,301,0
151,93,90,1522,2086,1982,0
151,94,90,1522,750,2399,0
151,95,90,1522,503,2249,0
151,96,90,1522,1529,2820,0
151,97,90,1522,116,1176,0
151,98,90,1522,692,2813,0
151,99,90,1522,231,639,0
151,100,90,1522,2740,2598,0
151,101,90,1522,224,2208,0
151,102,90,1522,1683,724,0
151,103,90,1522,1276,2330,0
151,104,90,1522,107,933,0
151,105,90,1522,1480,2153,0
151,106,90,1522,891,1933,0
151,107,90,1522,2849,2170,0
151,108,90,1522,1226,2205,0
151,109,90,1522,1117,460,0
151,110,90,1522,1597,111,0
151,111,90,1522,2174,2704,0
151,112,90,1522,811,90,0
151,113,90,1522,260,692,0
151,114,90,1522,1967,1969,0
151,115,90,1522,1133,2946,0
151,116,90,1522,786,2901,0
151,117,90,1522,312,1389,0
151,118,90,1522,2476,340,0
151,119,90,1522,2362,2436,0
151,120,90,1522,1679,1396,0
151,121,90,1522,2646,1977,0
151,122,90,1522,1769,2613,0
151,123,90,1522,636,2906,0
151,124,90,1522,2503,2888,0
151,125,90,1522,727,2051,0
151,126,90,1522,339,2092,0
151,127,90,1522,2559,1995,0
151,128,90,1522,1491,2896,0
151,129,90,1522,2256,1576,0
151,130,90,1522,335,2848,0
151,131,90,1522,1279,994,0
151,132,90,1522,191,2042,0
151,133,90,1522,2815,2594,0
151,134,90,1522,1341,659,0
151,135,90,1522,202,1952,0
151,136,90,1522,2049,235,0
151,137,90,1522,949,365,0
151,138,90,1522,442,484,0
151,139,90,1522,1496,989,0
151,140,90,1522,1432,2260,0
151,141,90,1522,378,1386,0
151,142,90,1522,251,778,0
151,143,90,1522,483,113,0
151,144,90,1522,2426,100,0
151,145,90,1522,2388,1563,0
151,146,90,1522,2427,2993,0
151,147,90,1522,1415,940,0
151,148,90,1522,40,1221,0
151,149,90,1522,415,137,0
151,150,90,1522,256,2140,0
151,152,90,1522,1589,989,0
151,153,90,1522,341,205,0
151,154,90,1522,883,1339,0
151,155,90,1522,280,1464,1
151,156,90,1522,1201,2822,0
151,157,90,1522,2942,1389,0
151,158,90,1522,1138,2750,0
151,159,90,1522,2639,1778,0
151,160,90,1522,662,429,0
151,161,90,1522,652,7,0
151,162,90,1522,2034,2057,0
151,163,90,1522,2854,2051,0
151,164,90,1522,1441,1791,0
151,165,90,1522,2428,256,0
151,166,90,1522,112,2528,0
151,167,90,1522,2873,2538,0
151,168,90,1522,2900,823,0
151,169,90,1522,263,2591,0
151,170,90,1522,486,2698,0
151,171,90,1522,568,150,0
151,172,90,1522,1194,2604,0
151,173,90,1522,1563,2193,0
151,174,90,1522,882,2764,0
151,175,90,1522,1800,2849,0
151,176,90,1522,58,2694,0
151,177,90,1522,2845,282,0
151,178,90,1522,2776,2400,0
151,179,90,1522,2493,1574,0
151,180,90,1522,1075,1910,0
151,181,90,1522,449,428,0
151,182,90,1522,2039,1945,0
151,183,90,1522,2887,271,0
151,184,90,1522,1400,2901,0
151,185,90,1522,2908,1118,0
151,186,90,1522,1650,1604,0
151,187,90,1522,2331,1718,0
151,188,90,1522,1439,133,0
151,189,90,1522,42,79,0
151,190,90,1522,1558,1707,0
151,191,90,1522,177,1143,0
151,192,90,1522,2585,1501,0
151,193,90,1522,888,374,0
151,194,90,1522,263,2834,0
151,195,90,1522,1595,2302,0
152,0,1589,989,434,320,0
152,1,1589,989,571,1612,0
152,2,1589,989,135,2521,0
152,3,1589,989,1047,2342,0
152,4,1589,989,1231,1324,0
152,5,1589,989,675,751,0
152,6,1589,989,1122,987,0
152,7,1589,989,242,2916,0
152,8,1589,989,1743,2319,0
152,9,1589,989,2618,754,0
152,10,1589,989,2910,1478,0
152,11,1589,989,2108,832,0
152,12,1589,989,2,1143,0
152,13,1589,989,1115,2279,0
152,14,1589,989,1977,415,0
152,15,1589,989,2226,1439,0
152,16,1589,989,2325,1601,0
152,17,1589,989,2489,1612,0
152,18,1589,989,488,2077,0
152,19,1589,989,1366,798,0
152,20,1589,989,190,1364,0
152,21,1589,989,2898,1873,0
152,22,1589,989,2802,484,0
152,23,1589,989,1769,1361,0
152,24,1589,989,1719,2907,0
152,25,1589,989,203,816,0
152,26,1589,989,1401,1966,0
152,27,1589,989,565,2022,0
152,28,1589,989,2418,1484,0
152,29,1589,989,2744,2458,0
152,30,1589,989,2840,2909,0
152,31,1589,989,2633,2565,0
152,32,1589,989,2705,1885,0
152,33,1589,989,2153,2262,0
152,34,1589,989,387,708,0
152,35,1589,989,2510,1697,0
152,36,1589,989,648,2898,0
152,37,1589,989,652,1817,0
152,38,1589,989,1578,698,0
152,39,1589,989,2296,2101,0
152,40,1589,989,1931,2689,0
152,41,1589,989,526,1595,0
152,42,1589,989,2293,1825,0
152,43,1589,989,533,1404,0
152,44,1589,989,2655,608,0
152,45,1589,989,1891,927,0
152,46,1589,989,362,551,0
152,47,1589,989,517,432,0
152,48,1589,989,554,2611,0
152,49,1589,989,2495,1015,0
152,50,1589,989,582,952,0
152,51,1589,989,2325,1655,0
152,52,1589,989,627,564,0
152,53,1589,989,118,1718,0
152,54,1589,989,1703,700,0
152,55,1589,989,1698,1595,0
152,56,1589,989,2867,2916,0
152,57,1589,989,2436,1514,0
152,58,1589,989,2012,2768,0
152,59,1589,989,2307,1019,0
152,60,1589,989,59,2441,0
152,61,1589,989,1399,1108,1
152,62,1589,989,2643,1912,0
152,63,1589,989,2219,2119,0
152,64,1589,989,2401,2202,0
152,65,1589,989,387,1838,0
152,66,1589,989,1601,1532,0
152,67,1589,989,2837,72,0
152,68,1589,989,1391,2951,0
152,69,1589,989,595,1317,0
152,70,1589,989,2920,540,0
152,71,1589,989,2816,2465,0
152,72,1589,989,2231,1907,0
152,73,1589,989,1470,2429,0
152,74,1589,989,2847,1382,0
152,75,1589,989,1398,2370,0
152,76,1589,989,1762,2756,0
152,77,1589,989,95,1819,0
152,78,1589,989,2814,2784,0
152,79,1589,989,2728,847,0
152,80,1589,989,1380,2542,0
152,81,1589,989,1722,2778,0
152,82,1589,989,2181,2634,0
152,83,1589,989,2405,2720,0
152,84,1589,989,2862,2797,0
152,85,1589,989,598,2000,0
152,86,1589,989,2675,1916,0
152,87,1589,989,2094,513,0
152,88,1589,989,89,2129,0
152,89,1589,989,1347,973,0
152,90,1589,989,1412,647,0
152,91,1589,989,2716,1699,0
152,92,1589,989,2679,301,0
152,93,1589,989,2086,1982,0
152,94,1589,989,750,2399,0
152,95,1589,989,503,2249,0
152,96,1589,989,1529,2820,0
152,97,1589,989,116,1176,0
152,98,1589,989,692,2813,0
152,99,1589,989,231,639,0
152,100,1589,989,2740,2598,0
152,101,1589,989,224,2208,0
152,102,1589,989,1683,724,0
152,103,1589,989,1276,2330,0
152,104,1589,989,107,933,0
152,105,1589,989,1480,2153,0
152,106,1589,989,891,1933,0
152,107,1589,989,2849,2170,0
152,108,1589,989,1226,2205,0
152,109,1589,989,1117,460,0
152,110,1589,989,1597,111,0
152,111,1589,989,2174,2704,0
152,112,1589,989,811,90,0
152,113,1589,989,260,692,0
152,114,1589,989,1967,1969,0
152,115,1589,989,1133,2946,0
152,116,1589,989,786,2901,0
152,117,1589,989,312,1389,0
152,118,1589,989,2476,340,0
152,119,1589,989,2362,2436,0
152,120,1589,989,1679,1396,0
152,121,1589,989,2646,1977,0
152,122,1589,989,1769,2613,0
152,123,1589,989,636,2906,0
152,124,1589,989,2503,2888,0
152,125,1589,989,727,2051,0
152,126,1589,989,339,2092,0
152,127,1589,989,2559,1995,0
152,128,1589,989,1491,2896,0
152,129,1589,989,2256,1576,0
152,130,1589,989,335,2848,0
152,131,1589,989,1279,994,0
152,132,1589,989,191,2042,0
152,133,1589,989,2815,2594,0
152,134,1589,989,1341,659,0
152,135,1589,989,202,1952,0
152,136,1589,989,2049,235,0
152,137,1589,989,949,365,0
152,138,1589,989,442,484,0
152,139,1589,989,1496,989,0
152,140,1589,989,1432,2260,0
152,141,1589,989,378,1386,0
152,142,1589,989,251,778,0
152,143,1589,989,483,113,0
152,144,1589,989,2426,100,0
152,145,1589,989,2388,1563,0
152,146,1589,989,2427,2993,0
152,147,1589,989,1415,940,0
152,148,1589,989,40,1221,0
152,149,1589,989,415,137,0
152,150,1589,989,256,2140,0
152,151,1589,989,90,1522,0
152,153,1589,989,341,205,0
152,154,1589,989,883,1339,0
152,155,1589,989,280,1464,0
152,156,1589,989,1201,2822,0
152,157,1589,989,2942,1389,0
152,158,1589,989,1138,2750,0
152,159,1589,989,2639,1778,0
152,160,1589,989,662,429,0
152,161,1589,989,652,7,0
152,162,1589,989,2034,2057,0
152,163,1589,989,2854,2051,0
152,164,1589,989,1441,1791,0
152,165,1589,989,2428,256,0
152,166,1589,989,112,2528,0
152,167,1589,989,2873,2538,0
152,168,1589,989,2900,823,0
152,169,1589,989,263,2591,0
152,170,1589,989,486,2698,0
152,171,1589,989,568,150,0
152,172,1589,989,1194,2604,0
152,173,1589,989,1563,2193,0
152,174,1589,989,882,2764,0
152,175,1589,989,1800,2849,0
152,176,1589,989,58,2694,0
152,177,1589,989,2845,282,0
152,178,1589,989,2776,2400,0
152,179,1589,989,2493,1574,0
152,180,1589,989,1075,1910,0
152,181,1589,989,449,428,0
152,182,1589,989,2039,1945,0
152,183,1589,989,2887,271,0
152,184,1589,989,1400,2901,0
152,185,1589,989,2908,1118,0
152,186,1589,989,1650,1604,0
152,187,1589,989,2331,1718,0
152,188,1589,989,1439,133,0
152,189,1589,989,42,79,0
152,190,1589,989,1558,1707,0
152,191,1589,989,177,1143,0
152,192,1589,989,2585,1501,0
152,193,1589,989,888,374,0
152,194,1589,989,263,2834,0
152,195,1589,989,1595,2302,0
153,0,341,205,434,320,0
153,1,341,205,571,1612,0
153,2,341,205,135,2521,0
153,3,341,205,1047,2342,0
153,4,341,205,1231,1324,0
153,5,341,205,675,751,0
153,6,341,205,1122,987,0
153,7,341,205,242,2916,0
153,8,341,205,1743,2319,0
153,9,341,205,2618,754,0
153,10,341,205,2910,1478,0
153,11,341,205,2108,832,0
153,12,341,205,2,1143,0
153,13,341,205,1115,2279,0
153,14,341,205,1977,415,0
153,15,341,205,2226,1439,0
153,16,341,205,2325,1601,0
153,17,341,205,2489,1612,0
153,18,341,205,488,2077,0
153,19,341,205,1366,798,0
153,20,341,205,190,1364,0
153,21,341,205,2898,1873,0
153,22,341,205,2802,484,0
153,23,341,205,1769,1361,0
153,24,341,205,1719,2907,0
153,25,341,205,203,816,0
153,26,341,205,1401,1966,0
153,27,341,205,565,2022,0
153,28,341,205,2418,1484,0
153,29,341,205,2744,2458,0
153,30,341,205,2840,2909,0
153,31,341,205,2633,2565,0
153,32,341,205,2705,1885,0
153,33,341,205,2153,2262,0
153,34,341,205,387,708,0
153,35,341,205,2510,1697,0
153,36,341,205,648,2898,0
153,37,341,205,652,1817,0
153,38,341,205,1578,698,0
153,39,341,205,2296,2101,0
153,40,341,205,1931,2689,0
153,41,341,205,526,1595,0
153,42,341,205,2293,1825,0
153,43,341,205,533,1404,0
153,44,341,205,2655,608,0
153,45,341,205,1891,927,0
153,46,341,205,362,551,0
153,47,341,205,517,432,0
153,48,341,205,554,2611,0
153,49,341,205,2495,1015,0
153,50,341,205,582,952,0
153,51,341,205,2325,1655,0
153,52,341,205,627,564,0
153,53,341,205,118,1718,0
153,54,341,205,1703,700,0
153,55,341,205,1698,1595,0
153,56,341,205,2867,2916,0
153,57,341,205,2436,1514,0
153,58,341,205,2012,2768,0
153,59,341,205,2307,1019,0
153,60,341,205,59,2441,0
153,61,341,205,1399,1108,0
153,62,341,205,2643,1912,0
153,63,341,205,2219,2119,0
153,64,341,205,2401,2202,0
153,65,341,205,387,1838,0
153,66,341,205,1601,1532,0
153,67,341,205,2837,72,0
153,68,341,205,1391,2951,0
153,69,341,205,595,1317,0
153,70,341,205,2920,540,0
153,71,341,205,2816,2465,0
153,72,341,205,2231,1907,0
153,73,341,205,1470,2429,0
153,74,341,205,2847,1382,0
153,75,341,205,1398,2370,0
153,76,341,205,1762,2756,0
153,77,341,205,95,1819,0
153,78,341,205,2814,2784,0
153,79,341,205,2728,847,0
153,80,341,205,1380,2542,0
153,81,341,205,1722,2778,0
153,82,341,205,2181,2634,0
153,83,341,205,2405,2720,0
153,84,341,205,2862,2797,0
153,85,341,205,598,2000,0
153,86,341,205,2675,1916,0
153,87,341,205,2094,513,0
153,88,341,205,89,2129,0
153,89,341,205,1347,973,0
153,90,341,205,1412,647,0
153,91,341,205,2716,1699,0
153,92,341,205,2679,301,0
153,93,341,205,2086,1982,0
153,94,341,205,750,2399,0
153,95,341,205,503,2249,0
153,96,341,205,1529,2820,0
153,97,341,205,116,1176,0
153,98,341,205,692,2813,0
153,99,341,205,231,639,0
153,100,341,205,2740,2598,0
153,101,341,205,224,2208,0
153,102,341,205,1683,724,0
153,103,341,205,1276,2330,0
153,104,341,205,107,933,0
153,105,341,205,1480,2153,0
153,106,341,205,891,1933,0
153,107,341,205,2849,2170,0
153,108,341,205,1226,2205,0
153,109,341,205,1117,460,0
153,110,341,205,1597,111,0
153,111,341,205,2174,2704,0
153,112,341,205,811,90,0
153,113,341,205,260,692,0
153,114,341,205,1967,1969,0
153,115,341,205,1133,2946,0
153,116,341,205,786,2901,0
153,117,341,205,312,1389,0
153,118,341,205,2476,340,0
153,119,341,205,2362,2436,0
153,120,341,205,1679,1396,0
153,121,341,205,2646,1977,0
153,122,341,205,1769,2613,0
153,123,341,205,636,2906,0
153,124,341,205,2503,2888,0
153,125,341,205,727,2051,0
153,126,341,205,339,2092,0
153,127,341,205,2559,1995,0
153,128,341,205,1491,2896,0
153,129,341,205,2256,1576,0
153,130,341,205,335,2848,0
153,131,341,205,1279,994,0
153,132,341,205,191,2042,0
153,133,341,205,2815,2594,0
153,134,341,205,1341,659,0
153,135,341,205,202,1952,0
153,136,341,205,2049,235,0
153,137,341,205,949,365,0
153,138,341,205,442,484,0
153,139,341,205,1496,989,0
153,140,341,205,1432,2260,0
153,141,341,205,378,1386,0
153,142,341,205,251,778,0
153,143,341,205,483,113,0
153,144,341,205,2426,100,0
153,145,341,205,2388,1563,0
153,146,341,205,2427,2993,0
153,147,341,205,1415,940,0
153,148,341,205,40,1221,0
153,149,341,205,415,137,0
153,150,341,205,256,2140,0
153,151,341,205,90,1522,0
153,152,341,205,1589,989,0
153,154,341,205,883,1339,0
153,155,341,205,280,1464,0
153,156,341,205,1201,2822,0
153,157,341,205,2942,1389,0
153,158,341,205,1138,2750,0
153,159,341,205,2639,1778,0
153,160,341,205,662,429,0
153,161,341,205,652,7,0
153,162,341,205,2034,2057,0
153,163,341,205,2854,2051,0
153,164,341,205,1441,1791,0
153,165,341,205,2428,256,0
153,166,341,205,112,2528,0
153,167,341,205,2873,2538,0
153,168,341,205,2900,823,0
153,169,341,205,263,2591,0
153,170,341,205,486,2698,0
153,171,341,205,568,150,0
153,172,341,205,1194,2604,0
153,173,341,205,1563,2193,0
153,174,341,205,882,2764,0
153,175,341,205,1800,2849,0
153,176,341,205,58,2694,0
153,177,341,205,2845,282,0
153,178,341,205,2776,2400,0
153,179,341,205,2493,1574,0
153,180,341,205,1075,1910,0
153,181,341,205,449,428,0
153,182,341,205,2039,1945,0
153,183,341,205,2887,271,0
153,184,341,205,1400,2901,0
153,185,341,205,2908,1118,0
153,186,341,205,1650,1604,0
153,187,341,205,2331,1718,0
153,188,341,205,1439,133,0
153,189,341,205,42,79,1
153,190,341,205,1558,1707,0
153,191,341,205,177,1143,0
153,192,341,205,2585,1501,0
153,193,341,205,888,374,0
153,194,341,205,263,2834,0
153,195,341,205,1595,2302,0
154,0,883,1339,434,320,0
154,1,883,1339,571,1612,0
154,2,883,1339,135,2521,0
154,3,883,1339,1047,2342,0
154,4,883,1339,1231,1324,0
154,5,883,1339,675,751,0
154,6,883,1339,1122,987,0
154,7,883,1339,242,2916,0
154,8,883,1339,1743,2319,0
154,9,883,1339,2618,754,0
154,10,883,1339,2910,1478,0
154,11,883,1339,2108,832,0
154,12,883,1339,2,1143,0
154,13,883,1339,1115,2279,0
154,14,883,1339,1977,415,0
154,15,883,1339,2226,1439,0
154,16,883,1339,2325,1601,0
154,17,883,1339,2489,1612,0
154,18,883,1339,488,2077,0
154,19,883,1339,1366,798,0
154,20,883,1339,190,1364,0
154,21,883,1339,2898,1873,0
154,22,883,1339,2802,484,0
154,23,883,1339,1769,1361,0
154,24,883,1339,1719,2907,0
154,25,883,1339,203,816,0
154,26,883,1339,1401,1966,0
154,27,883,1339,565,2022,0
154,28,883,1339,2418,1484,0
154,29,883,1339,2744,2458,0
154,30,883,1339,2840,2909,0
154,31,883,1339,2633,2565,0
154,32,883,1339,2705,1885,0
154,33,883,1339,2153,2262,0
154,34,883,1339,387,708,0
154,35,883,1339,2510,1697,0
154,36,883,1339,648,2898,0
154,37,883,1339,652,1817,0
154,38,883,1339,1578,698,0
154,39,883,1339,2296,2101,0
154,40,883,1339,1931,2689,0
154,41,883,1339,526,1595,0
154,42,883,1339,2293,1825,0
154,43,883,1339,533,1404,0
154,44,883,1339,2655,608,0
154,45,883,1339,1891,927,0
154,46,883,1339,362,551,0
154,47,883,1339,517,432,0
154,48,883,1339,554,2611,0
154,49,883,1339,2495,1015,0
154,50,883,1339,582,952,0
154,51,883,1339,2325,1655,0
154,52,883,1339,627,564,0
154,53,883,1339,118,1718,0
154,54,883,1339,1703,700,0
154,55,883,1339,1698,1595,0
154,56,883,1339,2867,2916,0
154,57,883,1339,2436,1514,0
154,58,883,1339,2012,2768,0
154,59,883,1339,2307,1019,0
154,60,883,1339,59,2441,0
154,61,883,1339,1399,1108,0
154,62,883,1339,2643,1912,0
154,63,883,1339,2219,2119,0
154,64,883,1339,2401,2202,0
154,65,883,1339,387,1838,0
154,66,883,1339,1601,1532,0
154,67,883,1339,2837,72,0
154,68,883,1339,1391,2951,0
154,69,883,1339,595,1317,1
154,70,883,1339,2920,540,0
154,71,883,1339,2816,2465,0
154,72,883,1339,2231,1907,0
154,73,883,1339,1470,2429,0
154,74,883,1339,2847,1382,0
154,75,883,1339,1398,2370,0
154,76,883,1339,1762,2756,0
154,77,883,1339,95,1819,0
154,78,883,1339,2814,2784,0
154,79,883,1339,2728,847,0
154,80,883,1339,1380,2542,0
154,81,883,1339,1722,2778,0
154,82,883,1339,2181,2634,0
154,83,883,1339,2405,2720,0
154,84,883,1339,2862,2797,0
154,85,883,1339,598,2000,0
154,86,883,1339,2675,1916,0
154,87,883,1339,2094,513,0
154,88,883,1339,89,2129,0
154,89,883,1339,1347,973,0
154,90,883,1339,1412,647,0
154,91,883,1339,2716,1699,0
154,92,883,1339,2679,301,0
154,93,883,1339,2086,1982,0
154,94,883,1339,750,2399,0
154,95,883,1339,503,2249,0
154,96,883,1339,1529,2820,0
154,97,883,1339,116,1176,0
154,98,883,1339,692,2813,0
154,99,883,1339,231,639,0
154,100,883,1339,2740,2598,0
154,101,883,1339,224,2208,0
154,102,883,1339,1683,724,0
154,103,883,1339,1276,2330,0
154,104,883,1339,107,933,0
154,105,883,1339,1480,2153,0
154,106,883,1339,891,1933,0
154,107,883,1339,2849,2170,0
154,108,883,1339,1226,2205,0
154,109,883,1339,1117,460,0
154,110,883,1339,1597,111,0
154,111,883,1339,2174,2704,0
154,112,883,1339,811,90,0
154,113,883,1339,260,692,0
154,114,883,1339,1967,1969,0
154,115,883,1339,1133,2946,0
154,116,883,1339,786,2901,0
154,117,883,1339,312,1389,0
154,118,883,1339,2476,340,0
154,119,883,1339,2362,2436,0
154,120,883,1339,1679,1396,0
154,121,883,1339,2646,1977,0
154,122,883,1339,1769,2613,0
154,123,883,1339,636,2906,0
154,124,883,1339,2503,2888,0
154,125,883,1339,727,2051,0
154,126,883,1339,339,2092,0
154,127,883,1339,2559,1995,0
154,128,883,1339,1491,2896,0
154,129,883,1339,2256,1576,0
154,130,883,1339,335,2848,0
154,131,883,1339,1279,994,0
154,132,883,1339,191,2042,0
154,133,883,1339,2815,2594,0
154,134,883,1339,1341,659,0
154,135,883,1339,202,1952,0
154,136,883,1339,2049,235,0
154,137,883,1339,949,365,0
154,138,883,1339,442,484,0
154,139,883,1339,1496,989,0
154,140,883,1339,1432,2260,0
154,141,883,1339,378,1386,0
154,142,883,1339,251,778,0
154,143,883,1339,483,113,0
154,144,883,1339,2426,100,0
154,145,883,1339,2388,1563,0
154,146,883,1339,2427,2993,0
154,147,883,1339,1415,940,0
154,148,883,1339,40,1221,0
154,149,883,1339,415,137,0
154,150,883,1339,256,2140,0
154,151,883,1339,90,1522,0
154,152,883,1339,1589,989,0
154,153,883,1339,341,205,0
154,155,883,1339,280,1464,0
154,156,883,1339,1201,2822,0
154,157,883,1339,2942,1389,0
154,158,883,1339,1138,2750,0
154,159,883,1339,2639,1778,0
154,160,883,1339,662,429,0
154,161,883,1339,652,7,0
154,162,883,1339,2034,2057,0
154,163,883,1339,2854,2051,0
154,164,883,1339,1441,1791,0
154,165,883,1339,2428,256,0
154,166,883,1339,112,2528,0
154,167,883,1339,2873,2538,0
154,168,883,1339,2900,823,0
154,169,883,1339,263,2591,0
154,170,883,1339,486,2698,0
154,171,883,1339,568,150,0
154,172,883,1339,1194,2604,0
154,173,883,1339,1563,2193,0
154,174,883,1339,882,2764,0
154,175,883,1339,1800,2849,0
154,176,883,1339,58,2694,0
154,177,883,1339,2845,282,0
154,178,883,1339,2776,2400,0
154,179,883,1339,2493,1574,0
154,180,883,1339,1075,1910,0
154,181,883,1339,449,428,0
154,182,883,1339,2039,1945,0
154,183,883,1339,2887,271,0
154,184,883,1339,1400,2901,0
154,185,883,1339,2908,1118,0
154,186,883,1339,1650,1604,0
154,187,883,1339,2331,1718,0
154,188,883,1339,1439,133,0
154,189,883,1339,42,79,0
154,190,883,1339,1558,1707,0
154,191,883,1339,177,1143,0
154,192,883,1339,2585,1501,0
154,193,883,1339,888,374,0
154,194,883,1339,263,2834,0
154,195,883,1339,1595,2302,0
155,0,280,1464,434,320,0
155,1,280,1464,571,1612,0
155,2,280,1464,135,2521,0
155,3,280,1464,1047,2342,0
155,4,280,1464,1231,1324,0
155,5,280,1464,675,751,0
155,6,280,1464,1122,987,0
155,7,280,1464,242,2916,0
155,8,280,1464,1743,2319,0
155,9,280,1464,2618,754,0
155,10,280,1464,2910,1478,0
155,11,280,1464,2108,832,0
155,12,280,1464,2,1143,0
155,13,280,1464,1115,2279,0
155,14,280,1464,1977,415,0
155,15,280,1464,2226,1439,0
155,16,280,1464,2325,1601,0
155,17,280,1464,2489,1612,0
155,18,280,1464,488,2077,0
155,19,280,1464,1366,798,0
155,20,280,1464,190,1364,0
155,21,280,1464,2898,1873,0
155,22,280,1464,2802,484,0
155,23,280,1464,1769,1361,0
155,24,280,1464,1719,2907,0
155,25,280,1464,203,816,0
155,26,280,1464,1401,1966,0
155,27,280,1464,565,2022,0
155,28,280,1464,2418,1484,0
155,29,280,1464,2744,2458,0
155,30,280,1464,2840,2909,0
155,31,280,1464,2633,2565,0
155,32,280,1464,2705,1885,0
155,33,280,1464,2153,2262,0
155,34,280,1464,387,708,0
155,35,280,1464,2510,1697,0
155,36,280,1464,648,2898,0
155,37,280,1464,652,1817,0
155,38,280,1464,1578,698,0
155,39,280,1464,2296,2101,0
155,40,280,1464,1931,2689,0
155,41,280,1464,526,1595,0
155,42,280,1464,2293,1825,0
155,43,280,1464,533,1404,0
155,44,280,1464,2655,608,0
155,45,280,1464,1891,927,0
155,46,280,1464,362,551,0
155,47,280,1464,517,432,0
155,48,280,1464,554,2611,0
155,49,280,1464,2495,1015,0
155,50,280,1464,582,952,0
155,51,280,1464,2325,1655,0
155,52,280,1464,627,564,0
155,53,280,1464,118,1718,0
155,54,280,1464,1703,700,0
155,55,280,1464,1698,1595,0
155,56,280,1464,2867,2916,0
155,57,280,1464,2436,1514,0
155,58,280,1464,2012,2768,0
155,59,280,1464,2307,1019,0
155,60,280,1464,59,2441,0
155,61,280,1464,1399,1108,0
155,62,280,1464,2643,1912,0
155,63,280,1464,2219,2119,0
155,64,280,1464,2401,2202,0
155,65,280,1464,387,1838,0
155,66,280,1464,1601,1532,0
155,67,280,1464,2837,72,0
155,68,280,1464,1391,2951,0
155,69,280,1464,595,1317,0
155,70,280,1464,2920,540,0
155,71,280,1464,2816,2465,0
155,72,280,1464,2231,1907,0
155,73,280,1464,1470,2429,0
155,74,280,1464,2847,1382,0
155,75,280,1464,1398,2370,0
155,76,280,1464,1762,2756,0
155,77,280,1464,95,1819,0
155,78,280,1464,2814,2784,0
155,79,280,1464,2728,847,0
155,80,280,1464,1380,2542,0
155,81,280,1464,1722,2778,0
155,82,280,1464,2181,2634,0
155,83,280,1464,2405,2720,0
155,84,280,1464,2862,2797,0
155,85,280,1464,598,2000,0
155,86,280,1464,2675,1916,0
155,87,280,1464,2094,513,0
155,88,280,1464,89,2129,0
155,89,280,1464,1347,973,0
155,90,280,1464,1412,647,0
155,91,280,1464,2716,1699,0
155,92,280,1464,2679,301,0
155,93,280,1464,2086,1982,0
155,94,280,1464,750,2399,0
155,95,280,1464,503,2249,0
155,96,280,1464,1529,2820,0
155,97,280,1464,116,1176,0
155,98,280,1464,692,2813,0
155,99,280,1464,231,639,0
155,100,280,1464,2740,2598,0
155,101,280,1464,224,2208,0
155,102,280,1464,1683,724,0
155,103,280,1464,1276,2330,0
155,104,280,1464,107,933,0
155,105,280,1464,1480,2153,0
155,106,280,1464,891,1933,0
155,107,280,1464,2849,2170,0
155,108,280,1464,1226,2205,0
155,109,280,1464,1117,460,0
155,110,280,1464,1597,111,0
155,111,280,1464,2174,2704,0
155,112,280,1464,811,90,0
155,113,280,1464,260,692,0
155,114,280,1464,1967,1969,0
155,115,280,1464,1133,2946,0
155,116,280,1464,786,2901,0
155,117,280,1464,312,1389,0
155,118,280,1464,2476,340,0
155,119,280,1464,2362,2436,0
155,120,280,1464,1679,1396,0
155,121,280,1464,2646,1977,0
155,122,280,1464,1769,2613,0
155,123,280,1464,636,2906,0
155,124,280,1464,2503,2888,0
155,125,280,1464,727,2051,0
155,126,280,1464,339,2092,0
155,127,280,1464,2559,1995,0
155,128,280,1464,1491,2896,0
155,129,280,1464,2256,1576,0
155,130,280,1464,335,2848,0
155,131,280,1464,1279,994,0
155,132,280,1464,191,2042,0
155,133,280,1464,2815,2594,0
155,134,280,1464,1341,659,0
155,135,280,1464,202,1952,0
155,136,280,1464,2049,235,0
155,137,280,1464,949,365,0
155,138,280,1464,442,484,0
155,139,280,1464,1496,989,0
155,140,280,1464,1432,2260,0
155,141,280,1464,378,1386,1
155,142,280,1464,251,778,0
155,143,280,1464,483,113,0
155,144,280,1464,2426,100,0
155,145,280,1464,2388,1563,0
155,146,280,1464,2427,2993,0
155,147,280,1464,1415,940,0
155,148,280,1464,40,1221,0
155,149,280,1464,415,137,0
155,150,280,1464,256,2140,0
155,151,280,1464,90,1522,0
155,152,280,1464,1589,989,0
155,153,280,1464,341,205,0
155,154,280,1464,883,1339,0
155,156,280,1464,1201,2822,0
155,157,280,1464,2942,1389,0
155,158,280,1464,1138,2750,0
155,159,280,1464,2639,1778,0
155,160,280,1464,662,429,0
155,161,280,1464,652,7,0
155,162,280,1464,2034,2057,0
155,163,280,1464,2854,2051,0
155,164,280,1464,1441,1791,0
155,165,280,1464,2428,256,0
155,166,280,1464,112,2528,0
155,167,280,1464,2873,2538,0
155,168,280,1464,2900,823,0
155,169,280,1464,263,2591,0
155,170,280,1464,486,2698,0
155,171,280,1464,568,150,0
155,172,280,1464,1194,2604,0
155,173,280,1464,1563,2193,0
155,174,280,1464,882,2764,0
155,175,280,1464,1800,2849,0
155,176,280,1464,58,2694,0
155,177,280,1464,2845,282,0
155,178,280,1464,2776,2400,0
155,179,280,1464,2493,1574,0
155,180,280,1464,1075,1910,0
155,181,280,1464,449,428,0
155,182,280,1464,2039,1945,0
155,183,280,1464,2887,271,0
155,184,280,1464,1400,2901,0
155,185,280,1464,2908,1118,0
155,186,280,1464,1650,1604,0
155,187,280,1464,2331,1718,0
155,188,280,1464,1439,133,0
155,189,280,1464,42,79,0
155,190,280,1464,1558,1707,0
155,191,280,1464,177,1143,0
155,192,280,1464,2585,1501,0
155,193,280,1464,888,374,0
155,194,280,1464,263,2834,0
155,195,280,1464,1595,2302,0
156,0,1201,2822,434,320,0
156,1,1201,2822,571,1612,0
156,2,1201,2822,135,2521,0
156,3,1201,2822,1047,2342,0
156,4,1201,2822,1231,1324,0
156,5,1201,2822,675,751,0
156,6,1201,2822,1122,987,0
156,7,1201,2822,242,2916,0
156,8,1201,2822,1743,2319,0
156,9,1201,2822,2618,754,0
156,10,1201,2822,2910,1478,0
156,11,1201,2822,2108,832,0
156,12,1201,2822,2,1143,0
156,13,1201,2822,1115,2279,0
156,14,1201,2822,1977,415,0
156,15,1201,2822,2226,1439,0
156,16,1201,2822,2325,1601,0
156,17,1201,2822,2489,1612,0
156,18,1201,2822,488,2077,0
156,19,1201,2822,1366,798,0
156,20,1201,2822,190,1364,0
156,21,1201,2822,2898,1873,0
156,22,1201,2822,2802,484,0
156,23,1201,2822,1769,1361,0
156,24,1201,2822,1719,2907,0
156,25,1201,2822,203,816,0
156,26,1201,2822,1401,1966,0
156,27,1201,2822,565,2022,0
156,28,1201,2822,2418,1484,0
156,29,1201,2822,2744,2458,0
156,30,1201,2822,2840,2909,0
156,31,1201,2822,2633,2565,0
156,32,1201,2822,2705,1885,0
156,33,1201,2822,2153,2262,0
156,34,1201,2822,387,708,0
156,35,1201,2822,2510,1697,0
156,36,1201,2822,648,2898,0
156,37,1201,2822,652,1817,0
156,38,1201,2822,1578,698,0
156,39,1201,2822,2296,2101,0
156,40,1201,2822,1931,2689,0
156,41,1201,2822,526,1595,0
156,42,1201,2822,2293,1825,0
156,43,1201,2822,533,1404,0
156,44,1201,2822,2655,608,0
156,45,1201,2822,1891,927,0
156,46,1201,2822,362,551,0
156,47,1201,2822,517,432,0
156,48,1201,2822,554,2611,0
156,49,1201,2822,2495,1015,0
156,50,1201,2822,582,952,0
156,51,1201,2822,2325,1655,0
156,52,1201,2822,627,564,0
156,53,1201,2822,118,1718,0
156,54,1201,2822,1703,700,0
156,55,1201,2822,1698,1595,0
156,56,1201,2822,2867,2916,0
156,57,1201,2822,2436,1514,0
156,58,1201,2822,2012,2768,0
156,59,1201,2822,2307,1019,0
156,60,1201,2822,59,2441,0
156,61,1201,2822,1399,1108,0
156,62,1201,2822,2643,1912,0
156,63,1201,2822,2219,2119,0
156,64,1201,2822,2401,2202,0
156,65,1201,2822,387,1838,0
156,66,1201,2822,1601,1532,0
156,67,1201,2822,2837,72,0
156,68,1201,2822,1391,2951,0
156,69,1201,2822,595,1317,0
156,70,1201,2822,2920,540,0
156,71,1201,2822,2816,2465,0
156,72,1201,2822,2231,1907,0
156,73,1201,2822,1470,2429,0
156,74,1201,2822,2847,1382,0
156,75,1201,2822,1398,2370,0
156,76,1201,2822,1762,2756,0
156,77,1201,2822,95,1819,0
156,78,1201,2822,2814,2784,0
156,79,1201,2822,2728,847,0
156,80,1201,2822,1380,2542,0
156,81,1201,2822,1722,2778,0
156,82,1201,2822,2181,2634,0
156,83,1201,2822,2405,2720,0
156,84,1201,2822,2862,2797,0
156,85,1201,2822,598,2000,0
156,86,1201,2822,2675,1916,0
156,87,1201,2822,2094,513,0
156,88,1201,2822,89,2129,0
156,89,1201,2822,1347,973,0
156,90,1201,2822,1412,647,0
156,91,1201,2822,2716,1699,0
156,92,1201,2822,2679,301,0
156,93,1201,2822,2086,1982,0
156,94,1201,2822,750,2399,0
156,95,1201,2822,503,2249,0
156,96,1201,2822,1529,2820,0
156,97,1201,2822,116,1176,0
156,98,1201,2822,692,2813,0
156,99,1201,2822,231,639,0
156,100,1201,2822,2740,2598,0
156,101,1201,2822,224,2208,0
156,102,1201,2822,1683,724,0
156,103,1201,2822,1276,2330,0
156,104,1201,2822,107,933,0
156,105,1201,2822,1480,2153,0
156,106,1201,2822,891,1933,0
156,107,1201,2822,2849,2170,0
156,108,1201,2822,1226,2205,0
156,109,1201,2822,1117,460,0
156,110,1201,2822,1597,111,0
156,111,1201,2822,2174,2704,0
156,112,1201,2822,811,90,0
156,113,1201,2822,260,692,0
156,114,1201,2822,1967,1969,0
156,115,1201,2822,1133,2946,0
156,116,1201,2822,786,2901,0
156,117,1201,2822,312,1389,0
156,118,1201,2822,2476,340,0
156,119,1201,2822,2362,2436,0
156,120,1201,2822,1679,1396,0
156,121,1201,2822,2646,1977,0
156,122,1201,2822,1769,2613,0
156,123,1201,2822,636,2906,0
156,124,1201,2822,2503,2888,0
156,125,1201,2822,727,2051,0
156,126,1201,2822,339,2092,0
156,127,1201,2822,2559,1995,0
156,128,1201,2822,1491,2896,0
156,129,1201,2822,2256,1576,0
156,130,1201,2822,335,2848,0
156,131,1201,2822,1279,994,0
156,132,1201,2822,191,2042,0
156,133,1201,2822,2815,2594,0
156,134,1201,2822,1341,659,0
156,135,1201,2822,202,1952,0
156,136,1201,2822,2049,235,0
156,137,1201,2822,949,365,0
156,138,1201,2822,442,484,0
156,139,1201,2822,1496,989,0
156,140,1201,2822,1432,2260,0
156,141,1201,2822,378,1386,0
156,142,1201,2822,251,778,0
156,143,1201,2822,483,113,0
156,144,1201,2822,2426,100,0
156,145,1201,2822,2388,1563,0
156,146,1201,2822,2427,2993,0
156,147,1201,2822,1415,940,0
156,148,1201,2822,40,1221,0
156,149,1201,2822,415,137,0
156,150,1201,2822,256,2140,0
156,151,1201,2822,90,1522,0
156,152,1201,2822,1589,989,0
156,153,1201,2822,341,205,0
156,154,1201,2822,883,1339,0
156,155,1201,2822,280,1464,0
156,157,1201,2822,2942,1389,0
156,158,1201,2822,1138,2750,1
156,159,1201,2822,2639,1778,0
156,160,1201,2822,662,429,0
156,161,1201,2822,652,7,0
156,162,1201,2822,2034,2057,0
156,163,1201,2822,2854,2051,0
156,164,1201,2822,1441,1791,0
156,165,1201,2822,2428,256,0
156,166,1201,2822,112,2528,0
156,167,1201,2822,2873,2538,0
156,168,1201,2822,2900,823,0
156,169,1201,2822,263,2591,0
156,170,1201,2822,486,2698,0
156,171,1201,2822,568,150,0
156,172,1201,2822,1194,2604,0
156,173,1201,2822,1563,2193,0
156,174,1201,2822,882,2764,0
156,175,1201,2822,1800,2849,0
156,176,1201,2822,58,2694,0
156,177,1201,2822,2845,282,0
156,178,1201,2822,2776,2400,0
156,179,1201,2822,2493,1574,0
156,180,1201,2822,1075,1910,0
156,181,1201,2822,449,428,0
156,182,1201,2822,2039,1945,0
156,183,1201,2822,2887,271,0
156,184,1201,2822,1400,2901,0
156,185,1201,2822,2908,1118,0
156,186,1201,2822,1650,1604,0
156,187,1201,2822,2331,1718,0
156,188,1201,2822,1439,133,0
156,189,1201,2822,42,79,0
156,190,1201,2822,1558,1707,0
156,191,1201,2822,177,1143,0
156,192,1201,2822,2585,1501,0
156,193,1201,2822,888,374,0
156,194,1201,2822,263,2834,0
156,195,1201,2822,1595,2302,0
157,0,2942,1389,434,320,0
157,1,2942,1389,571,1612,0
157,2,2942,1389,135,2521,0
157,3,2942,1389,1047,2342,0
157,4,2942,1389,1231,1324,0
157,5,2942,1389,675,751,0
157,6,2942,1389,1122,987,0
157,7,2942,1389,242,2916,0
157,8,2942,1389,1743,2319,0
157,9,2942,1389,2618,754,0
157,10,2942,1389,2910,1478,1
157,11,2942,1389,2108,832,0
157,12,2942,1389,2,1143,0
157,13,2942,1389,1115,2279,0
157,14,2942,1389,1977,415,0
157,15,2942,1389,2226,1439,0
157,16,2942,1389,2325,1601,0
157,17,2942,1389,2489,1612,0
157,18,2942,1389,488,2077,0
157,19,2942,1389,1366,798,0
157,20,2942,1389,190,1364,0
157,21,2942,1389,2898,1873,0
157,22,2942,1389,2802,484,0
157,23,2942,1389,1769,1361,0
157,24,2942,1389,1719,2907,0
157,25,2942,1389,203,816,0
157,26,2942,1389,1401,1966,0
157,27,2942,1389,565,2022,0
157,28,2942,1389,2418,1484,0
157,29,2942,1389,2744,2458,0
157,30,2942,1389,2840,2909,0
157,31,2942,1389,2633,2565,0
157,32,2942,1389,2705,1885,0
157,33,2942,1389,2153,2262,0
157,34,2942,1389,387,708,0
157,35,2942,1389,2510,1697,0
157,36,2942,1389,648,2898,0
157,37,2942,1389,652,1817,0
157,38,2942,1389,1578,698,0
157,39,2942,1389,2296,2101,0
157,40,2942,1389,1931,2689,0
157,41,2942,1389,526,1595,0
157,42,2942,1389,2293,1825,0
157,43,2942,1389,533,1404,0
157,44,2942,1389,2655,608,0
157,45,2942,1389,1891,927,0
157,46,2942,1389,362,551,0
157,47,2942,1389,517,432,0
157,48,2942,1389,554,2611,0
157,49,2942,1389,2495,1015,0
157,50,2942,1389,582,952,0
157,51,2942,1389,2325,1655,0
157,52,2942,1389,627,564,0
157,53,2942,1389,118,1718,0
157,54,2942,1389,1703,700,0
157,55,2942,1389,1698,1595,0
157,56,2942,1389,2867,2916,0
157,57,2942,1389,2436,1514,0
157,58,2942,1389,2012,2768,0
157,59,2942,1389,2307,1019,0
157,60,2942,1389,59,2441,0
157,61,2942,1389,1399,1108,0
157,62,2942,1389,2643,1912,0
157,63,2942,1389,2219,2119,0
157,64,2942,1389,2401,2202,0
157,65,2942,1389,387,1838,0
157,66,2942,1389,1601,1532,0
157,67,2942,1389,2837,72,0
157,68,2942,1389,1391,2951,0
157,69,2942,1389,595,1317,0
157,70,2942,1389,2920,540,0
157,71,2942,1389,2816,2465,0
157,72,2942,1389,2231,1907,0
157,73,2942,1389,1470,2429,0
157,74,2942,1389,2847,1382,0
157,75,2942,1389,1398,2370,0
157,76,2942,1389,1762,2756,0
157,77,2942,1389,95,1819,0
157,78,2942,1389,2814,2784,0
157,79,2942,1389,2728,847,0
157,80,2942,1389,1380,2542,0
157,81,2942,1389,1722,2778,0
157,82,2942,1389,2181,2634,0
157,83,2942,1389,2405,2720,0
157,84,2942,1389,2862,2797,0
157,85,2942,1389,598,2000,0
157,86,2942,1389,2675,1916,0
157,87,2942,1389,2094,513,0
157,88,2942,1389,89,2129,0
157,89,2942,1389,1347,973,0
157,90,2942,1389,1412,647,0
157,91,2942,1389,2716,1699,0
157,92,2942,1389,2679,301,0
157,93,2942,1389,2086,1982,0
157,94,2942,1389,750,2399,0
157,95,2942,1389,503,2249,0
157,96,2942,1389,1529,2820,0
157,97,2942,1389,116,1176,0
157,98,2942,1389,692,2813,0
157,99,2942,1389,231,639,0
157,100,2942,1389,2740,2598,0
157,101,2942,1389,224,2208,0
157,102,2942,1389,1683,724,0
157,103,2942,1389,1276,2330,0
157,104,2942,1389,107,933,0
157,105,2942,1389,1480,2153,0
157,106,2942,1389,891,1933,0
157,107,2942,1389,2849,2170,0
157,108,2942,1389,1226,2205,0
157,109,2942,1389,1117,460,0
157,110,2942,1389,1597,111,0
157,111,2942,1389,2174,2704,0
157,112,2942,1389,811,90,0
157,113,2942,1389,260,692,0
157,114,2942,1389,1967,1969,0
157,115,2942,1389,1133,2946,0
157,116,2942,1389,786,2901,0
157,117,2942,1389,312,1389,0
157,118,2942,1389,2476,340,0
157,119,2942,1389,2362,2436,0
157,120,2942,1389,1679,1396,0
157,121,2942,1389,2646,1977,0
157,122,2942,1389,1769,2613,0
157,123,2942,1389,636,2906,0
157,124,2942,1389,2503,2888,0
157,125,2942,1389,727,2051,0
157,126,2942,1389,339,2092,0
157,127,2942,1389,2559,1995,0
157,128,2942,1389,1491,2896,0
157,129,2942,1389,2256,1576,0
157,130,2942,1389,335,2848,0
157,131,2942,1389,1279,994,0
157,132,2942,1389,191,2042,0
157,133,2942,1389,2815,2594,0
157,134,2942,1389,1341,659,0
157,135,2942,1389,202,1952,0
157,136,2942,1389,2049,235,0
157,137,2942,1389,949,365,0
157,138,2942,1389,442,484,0
157,139,2942,1389,1496,989,0
157,140,2942,1389,1432,2260,0
157,141,2942,1389,378,1386,0
157,142,2942,1389,251,778,0
157,143,2942,1389,483,113,0
157,144,2942,1389,2426,100,0
157,145,2942,1389,2388,1563,0
157,146,2942,1389,2427,2993,0
157,147,2942,1389,1415,940,0
157,148,2942,1389,40,1221,0
157,149,2942,1389,415,137,0
157,150,2942,1389,256,2140,0
157,151,2942,1389,90,1522,0
157,152,2942,1389,1589,989,0
157,153,2942,1389,341,205,0
157,154,2942,1389,883,1339,0
157,155,2942,1389,280,1464,0
157,156,2942,1389,1201,2822,0
157,158,2942,1389,1138,2750,0
157,159,2942,1389,2639,1778,0
157,160,2942,1389,662,429,0
157,161,2942,1389,652,7,0
157,162,2942,1389,2034,2057,0
157,163,2942,1389,2854,2051,0
157,164,2942,1389,1441,1791,0
157,165,2942,1389,2428,256,0
157,166,2942,1389,112,2528,0
157,167,2942,1389,2873,2538,0
157,168,2942,1389,2900,823,0
157,169,2942,1389,263,2591,0
157,170,2942,1389,486,2698,0
157,171,2942,1389,568,150,0
157,172,2942,1389,1194,2604,0
157,173,2942,1389,1563,2193,0
157,174,2942,1389,882,2764,0
157,175,2942,1389,1800,2849,0
157,176,2942,1389,58,2694,0
157,177,2942,1389,2845,282,0
157,178,2942,1389,2776,2400,0
157,179,2942,1389,2493,1574,0
157,180,2942,1389,1075,1910,0
157,181,2942,1389,449,428,0
157,182,2942,1389,2039,1945,0
157,183,2942,1389,2887,271,0
157,184,2942,1389,1400,2901,0
157,185,2942,1389,2908,1118,0
157,186,2942,1389,1650,1604,0
157,187,2942,1389,2331,1718,0
157,188,2942,1389,1439,133,0
157,189,2942,1389,42,79,0
157,190,2942,1389,1558,1707,0
157,191,2942,1389,177,1143,0
157,192,2942,1389,2585,1501,0
157,193,2942,1389,888,374,0
157,194,2942,1389,263,2834,0
157,195,2942,1389,1595,2302,0
158,0,1138,2750,434,320,0
158,1,1138,2750,571,1612,0
158,2,1138,2750,135,2521,0
158,3,1138,2750,1047,2342,0
158,4,1138,2750,1231,1324,0
158,5,1138,2750,675,751,0
158,6,1138,2750,1122,987,0
158,7,1138,2750,242,2916,0
158,8,1138,2750,1743,2319,0
158,9,1138,2750,2618,754,0
158,10,1138,2750,2910,1478,0
158,11,1138,2750,2108,832,0
158,12,1138,2750,2,1143,0
158,13,1138,2750,1115,2279,0
158,14,1138,2750,1977,415,0
158,15,1138,2750,2226,1439,0
158,16,1138,2750,2325,1601,0
158,17,1138,2750,2489,1612,0
158,18,1138,2750,488,2077,0
158,19,1138,2750,1366,798,0
158,20,1138,2750,190,1364,0
158,21,1138,2750,2898,1873,0
158,22,1138,2750,2802,484,0
158,23,1138,2750,1769,1361,0
158,24,1138,2750,1719,2907,0
158,25,1138,2750,203,816,0
158,26,1138,2750,1401,1966,0
158,27,1138,2750,565,2022,0
158,28,1138,2750,2418,1484,0
158,29,1138,2750,2744,2458,0
158,30,1138,2750,2840,2909,0
158,31,1138,2750,2633,2565,0
158,32,1138,2750,2705,1885,0
158,33,1138,2750,2153,2262,0
158,34,1138,2750,387,708,0
158,35,1138,2750,2510,1697,0
158,36,1138,2750,648,2898,0
158,37,1138,2750,652,1817,0
158,38,1138,2750,1578,698,0
158,39,1138,2750,2296,2101,0
158,40,1138,2750,1931,2689,0
158,41,1138,2750,526,1595,0
158,42,1138,2750,2293,1825,0
158,43,1138,2750,533,1404,0
158,44,1138,2750,2655,608,0
158,45,1138,2750,1891,927,0
158,46,1138,2750,362,551,0
158,47,1138,2750,517,432,0
158,48,1138,2750,554,2611,0
158,49,1138,2750,2495,1015,0
158,50,1138,2750,582,952,0
158,51,1138,2750,2325,1655,0
158,52,1138,2750,627,564,0
158,53,1138,2750,118,1718,0
158,54,1138,2750,1703,700,0
158,55,1138,2750,1698,1595,0
158,56,1138,2750,2867,2916,0
158,57,1138,2750,2436,1514,0
158,58,1138,2750,2012,2768,0
158,59,1138,2750,2307,1019,0
158,60,1138,2750,59,2441,0
158,61,1138,2750,1399,1108,0
158,62,1138,2750,2643,1912,0
158,63,1138,2750,2219,2119,0
158,64,1138,2750,2401,2202,0
158,65,1138,2750,387,1838,0
158,66,1138,2750,1601,1532,0
158,67,1138,2750,2837,72,0
158,68,1138,2750,1391,2951,0
158,69,1138,2750,595,1317,0
158,70,1138,2750,2920,540,0
158,71,1138,2750,2816,2465,0
158,72,1138,2750,2231,1907,0
158,73,1138,2750,1470,2429,0
158,74,1138,2750,2847,1382,0
158,75,1138,2750,1398,2370,0
158,76,1138,2750,1762,2756,0
158,77,1138,2750,95,1819,0
158,78,1138,2750,2814,2784,0
158,79,1138,2750,2728,847,0
158,80,1138,2750,1380,2542,0
158,81,1138,2750,1722,2778,0
158,82,1138,2750,2181,2634,0
158,83,1138,2750,2405,2720,0
158,84,1138,2750,2862,2797,0
158,85,1138,2750,598,2000,0
158,86,1138,2750,2675,1916,0
158,87,1138,2750,2094,513,0
158,88,1138,2750,89,2129,0
158,89,1138,2750,1347,973,0
158,90,1138,2750,1412,647,0
158,91,1138,2750,2716,1699,0
158,92,1138,2750,2679,301,0
158,93,1138,2750,2086,1982,0
158,94,1138,2750,750,2399,0
158,95,1138,2750,503,2249,0
158,96,1138,2750,1529,2820,0
158,97,1138,2750,116,1176,0
158,98,1138,2750,692,2813,0
158,99,1138,2750,231,639,0
158,100,1138,2750,2740,2598,0
158,101,1138,2750,224,2208,0
158,102,1138,2750,1683,724,0
158,103,1138,2750,1276,2330,0
158,104,1138,2750,107,933,0
158,105,1138,2750,1480,2153,0
158,106,1138,2750,891,1933,0
158,107,1138,2750,2849,2170,0
158,108,1138,2750,1226,2205,0
158,109,1138,2750,1117,460,0
158,110,1138,2750,1597,111,0
158,111,1138,2750,2174,2704,0
158,112,1138,2750,811,90,0
158,113,1138,2750,260,692,0
158,114,1138,2750,1967,1969,0
158,115,1138,2750,1133,2946,0
158,116,1138,2750,786,2901,0
158,117,1138,2750,312,1389,0
158,118,1138,2750,2476,340,0
158,119,1138,2750,2362,2436,0
158,120,1138,2750,1679,1396,0
158,121,1138,2750,2646,1977,0
158,122,1138,2750,1769,2613,0
158,123,1138,2750,636,2906,0
158,124,1138,2750,2503,2888,0
158,125,1138,2750,727,2051,0
158,126,1138,2750,339,2092,0
158,127,1138,2750,2559,1995,0
158,128,1138,2750,1491,2896,0
158,129,1138,2750,2256,1576,0
158,130,1138,2750,335,2848,0
158,131,1138,2750,1279,994,0
158,132,1138,2750,191,2042,0
158,133,1138,2750,2815,2594,0
158,134,1138,2750,1341,659,0
158,135,1138,2750,202,1952,0
158,136,1138,2750,2049,235,0
158,137,1138,2750,949,365,0
158,138,1138,2750,442,484,0
158,139,1138,2750,1496,989,0
158,140,1138,2750,1432,2260,0
158,141,1138,2750,378,1386,0
158,142,1138,2750,251,778,0
158,143,1138,2750,483,113,0
158,144,1138,2750,2426,100,0
158,145,1138,2750,2388,1563,0
158,146,1138,2750,2427,2993,0
158,147,1138,2750,1415,940,0
158,148,1138,2750,40,1221,0
158,149,1138,2750,415,137,0
158,150,1138,2750,256,2140,0
158,151,1138,2750,90,1522,0
158,152,1138,2750,1589,989,0
158,153,1138,2750,341,205,0
158,154,1138,2750,883,1339,0
158,155,1138,2750,280,1464,0
158,156,1138,2750,1201,2822,0
158,157,1138,2750,2942,1389,0
158,159,1138,2750,2639,1778,0
158,160,1138,2750,662,429,0
158,161,1138,2750,652,7,0
158,162,1138,2750,2034,2057,0
158,163,1138,2750,2854,2051,0
158,164,1138,2750,1441,1791,0
158,165,1138,2750,2428,256,0
158,166,1138,2750,112,2528,0
158,167,1138,2750,2873,2538,0
158,168,1138,2750,2900,823,0
158,169,1138,2750,263,2591,0
158,170,1138,2750,486,2698,0
158,171,1138,2750,568,150,0
158,172,1138,2750,1194,2604,1
158,173,1138,2750,1563,2193,0
158,174,1138,2750,882,2764,0
158,175,1138,2750,1800,2849,0
158,176,1138,2750,58,2694,0
158,177,1138,2750,2845,282,0
158,178,1138,2750,2776,2400,0
158,179,1138,2750,2493,1574,0
158,180,1138,2750,1075,1910,0
158,181,1138,2750,449,428,0
158,182,1138,2750,2039,1945,0
158,183,1138,2750,2887,271,0
158,184,1138,2750,1400,2901,0
158,185,1138,2750,2908,1118,0
158,186,1138,2750,1650,1604,0
158,187,1138,2750,2331,1718,0
158,188,1138,2750,1439,133,0
158,189,1138,2750,42,79,0
158,190,1138,2750,1558,1707,0
158,191,1138,2750,177,1143,0
158,192,1138,2750,2585,1501,0
158,193,1138,2750,888,374,0
158,194,1138,2750,263,2834,0
158,195,1138,2750,1595,2302,0
159,0,2639,1778,434,320,0
159,1,2639,1778,571,1612,0
159,2,2639,1778,135,2521,0
159,3,2639,1778,1047,2342,0
159,4,2639,1778,1231,1324,0
159,5,2639,1778,675,751,0
159,6,2639,1778,1122,987,0
159,7,2639,1778,242,2916,0
159,8,2639,1778,1743,2319,0
159,9,2639,1778,2618,754,0
159,10,2639,1778,2910,1478,0
159,11,2639,1778,2108,832,0
159,12,2639,1778,2,1143,0
159,13,2639,1778,1115,2279,0
159,14,2639,1778,1977,415,0
159,15,2639,1778,2226,1439,0
159,16,2639,1778,2325,1601,0
159,17,2639,1778,2489,1612,0
159,18,2639,1778,488,2077,0
159,19,2639,1778,1366,798,0
159,20,2639,1778,190,1364,0
159,21,2639,1778,2898,1873,0
159,22,2639,1778,2802,484,0
159,23,2639,1778,1769,1361,0
159,24,2639,1778,1719,2907,0
159,25,2639,1778,203,816,0
159,26,2639,1778,1401,1966,0
159,27,2639,1778,565,2022,0
159,28,2639,1778,2418,1484,0
159,29,2639,1778,2744,2458,0
159,30,2639,1778,2840,2909,0
159,31,2639,1778,2633,2565,0
159,32,2639,1778,2705,1885,0
159,33,2639,1778,2153,2262,0
159,34,2639,1778,387,708,0
159,35,2639,1778,2510,1697,1
159,36,2639,1778,648,2898,0
159,37,2639,1778,652,1817,0
159,38,2639,1778,1578,698,0
159,39,2639,1778,2296,2101,0
159,40,2639,1778,1931,2689,0
159,41,2639,1778,526,1595,0
159,42,2639,1778,2293,1825,0
159,43,2639,1778,533,1404,0
159,44,2639,1778,2655,608,0
159,45,2639,1778,1891,927,0
159,46,2639,1778,362,551,0
159,47,2639,1778,517,432,0
159,48,2639,1778,554,2611,0
159,49,2639,1778,2495,1015,0
159,50,2639,1778,582,952,0
159,51,2639,1778,2325,1655,0
159,52,2639,1778,627,564,0
159,53,2639,1778,118,1718,0
159,54,2639,1778,1703,700,0
159,55,2639,1778,1698,1595,0
159,56,2639,1778,2867,2916,0
159,57,2639,1778,2436,1514,0
159,58,2639,1778,2012,2768,0
159,59,2639,1778,2307,1019,0
159,60,2639,1778,59,2441,0
159,61,2639,1778,1399,1108,0
159,62,2639,1778,2643,1912,0
159,63,2639,1778,2219,2119,0
159,64,2639,1778,2401,2202,0
159,65,2639,1778,387,1838,0
159,66,2639,1778,1601,1532,0
159,67,2639,1778,2837,72,0
159,68,2639,1778,1391,2951,0
159,69,2639,1778,595,1317,0
159,70,2639,1778,2920,540,0
159,71,2639,1778,2816,2465,0
159,72,2639,1778,2231,1907,0
159,73,2639,1778,1470,2429,0
159,74,2639,1778,2847,1382,0
159,75,2639,1778,1398,2370,0
159,76,2639,1778,1762,2756,0
159,77,2639,1778,95,1819,0
159,78,2639,1778,2814,2784,0
159,79,2639,1778,2728,847,0
159,80,2639,1778,1380,2542,0
159,81,2639,1778,1722,2778,0
159,82,2639,1778,2181,2634,0
159,83,2639,1778,2405,2720,0
159,84,2639,1778,2862,2797,0
159,85,2639,1778,598,2000,0
159,86,2639,1778,2675,1916,0
159,87,2639,1778,2094,513,0
159,88,2639,1778,89,2129,0
159,89,2639,1778,1347,973,0
159,90,2639,1778,1412,647,0
159,91,2639,1778,2716,1699,0
159,92,2639,1778,2679,301,0
159,93,2639,1778,2086,1982,0
159,94,2639,1778,750,2399,0
159,95,2639,1778,503,2249,0
159,96,2639,1778,1529,2820,0
159,97,2639,1778,116,1176,0
159,98,2639,1778,692,2813,0
159,99,2639,1778,231,639,0
159,100,2639,1778,2740,2598,0
159,101,2639,1778,224,2208,0
159,102,2639,1778,1683,724,0
159,103,2639,1778,1276,2330,0
159,104,2639,1778,107,933,0
159,105,2639,1778,1480,2153,0
159,106,2639,1778,891,1933,0
159,107,2639,1778,2849,2170,0
159,108,2639,1778,1226,2205,0
159,109,2639,1778,1117,460,0
159,110,2639,1778,1597,111,0
159,111,2639,1778,2174,2704,0
159,112,2639,1778,811,90,0
159,113,2639,1778,260,692,0
159,114,2639,1778,1967,1969,0
159,115,2639,1778,1133,2946,0
159,116,2639,1778,786,2901,0
159,117,2639,1778,312,1389,0
159,118,2639,1778,2476,340,0
159,119,2639,1778,2362,2436,0
159,120,2639,1778,1679,1396,0
159,121,2639,1778,2646,1977,0
159,122,2639,1778,1769,2613,0
159,123,2639,1778,636,2906,0
159,124,2639,1778,2503,2888,0
159,125,2639,1778,727,2051,0
159,126,2639,1778,339,2092,0
159,127,2639,1778,2559,1995,0
159,128,2639,1778,1491,2896,0
159,129,2639,1778,2256,1576,0
159,130,2639,1778,335,2848,0
159,131,2639,1778,1279,994,0
159,132,2639,1778,191,2042,0
159,133,2639,1778,2815,2594,0
159,134,2639,1778,1341,659,0
159,135,2639,1778,202,1952,0
159,136,2639,1778,2049,235,0
159,137,2639,1778,949,365,0
159,138,2639,1778,442,484,0
159,139,2639,1778,1496,989,0
159,140,2639,1778,1432,2260,0
159,141,2639,1778,378,1386,0
159,142,2639,1778,251,778,0
159,143,2639,1778,483,113,0
159,144,2639,1778,2426,100,0
159,145,2639,1778,2388,1563,0
159,146,2639,1778,2427,2993,0
159,147,2639,1778,1415,940,0
159,148,2639,1778,40,1221,0
159,149,2639,1778,415,137,0
159,150,2639,1778,256,2140,0
159,151,2639,1778,90,1522,0
159,152,2639,1778,1589,989,0
159,153,2639,1778,341,205,0
159,154,2639,1778,883,1339,0
159,155,2639,1778,280,1464,0
159,156,2639,1778,1201,2822,0
159,157,2639,1778,2942,1389,0
159,158,2639,1778,1138,2750,0
159,160,2639,1778,662,429,0
159,161,2639,1778,652,7,0
159,162,2639,1778,2034,2057,0
159,163,2639,1778,2854,2051,0
159,164,2639,1778,1441,1791,0
159,165,2639,1778,2428,256,0
159,166,2639,1778,112,2528,0
159,167,2639,1778,2873,2538,0
159,168,2639,1778,2900,823,0
159,169,2639,1778,263,2591,0
159,170,2639,1778,486,2698,0
159,171,2639,1778,568,150,0
159,172,2639,1778,1194,2604,0
159,173,2639,1778,1563,2193,0
159,174,2639,1778,882,2764,0
159,175,2639,1778,1800,2849,0
159,176,2639,1778,58,2694,0
159,177,2639,1778,2845,282,0
159,178,2639,1778,2776,2400,0
159,179,2639,1778,2493,1574,0
159,180,2639,1778,1075,1910,0
159,181,2639,1778,449,428,0
159,182,2639,1778,2039,1945,0
159,183,2639,1778,2887,271,0
159,184,2639,1778,1400,2901,0
159,185,2639,1778,2908,1118,0
159,186,2639,1778,1650,1604,0
159,187,2639,1778,2331,1718,0
159,188,2639,1778,1439,133,0
159,189,2639,1778,42,79,0
159,190,2639,1778,1558,1707,0
159,191,2639,1778,177,1143,0
159,192,2639,1778,2585,1501,0
159,193,2639,1778,888,374,0
159,194,2639,1778,263,2834,0
159,195,2639,1778,1595,2302,0
160,0,662,429,434,320,0
160,1,662,429,571,1612,0
160,2,662,429,135,2521,0
160,3,662,429,1047,2342,0
160,4,662,429,1231,1324,0
160,5,662,429,675,751,0
160,6,662,429,1122,987,0
160,7,662,429,242,2916,0
160,8,662,429,1743,2319,0
160,9,662,429,2618,754,0
160,10,662,429,2910,1478,0
160,11,662,429,2108,832,0
160,12,662,429,2,1143,0
160,13,662,429,1115,2279,0
160,14,662,429,1977,415,0
160,15,662,429,2226,1439,0
160,16,662,429,2325,1601,0
160,17,662,429,2489,1612,0
160,18,662,429,488,2077,0
160,19,662,429,1366,798,0
160,20,662,429,190,1364,0
160,21,662,429,2898,1873,0
160,22,662,429,2802,484,0
160,23,662,429,1769,1361,0
160,24,662,429,1719,2907,0
160,25,662,429,203,816,0
160,26,662,429,1401,1966,0
160,27,662,429,565,2022,0
160,28,662,429,2418,1484,0
160,29,662,429,2744,2458,0
160,30,662,429,2840,2909,0
160,31,662,429,2633,2565,0
160,32,662,429,2705,1885,0
160,33,662,429,2153,2262,0
160,34,662,429,387,708,0
160,35,662,429,2510,1697,0
160,36,662,429,648,2898,0
160,37,662,429,652,1817,0
160,38,662,429,1578,698,0
160,39,662,429,2296,2101,0
160,40,662,429,1931,2689,0
160,41,662,429,526,1595,0
160,42,662,429,2293,1825,0
160,43,662,429,533,1404,0
160,44,662,429,2655,608,0
160,45,662,429,1891,927,0
160,46,662,429,362,551,0
160,47,662,429,517,432,1
160,48,662,429,554,2611,0
160,49,662,429,2495,1015,0
160,50,662,429,582,952,0
160,51,662,429,2325,1655,0
160,52,662,429,627,564,0
160,53,662,429,118,1718,0
160,54,662,429,1703,700,0
160,55,662,429,1698,1595,0
160,56,662,429,2867,2916,0
160,57,662,429,2436,1514,0
160,58,662,429,2012,2768,0
160,59,662,429,2307,1019,0
160,60,662,429,59,2441,0
160,61,662,429,1399,1108,0
160,62,662,429,2643,1912,0
160,63,662,429,2219,2119,0
160,64,662,429,2401,2202,0
160,65,662,429,387,1838,0
160,66,662,429,1601,1532,0
160,67,662,429,2837,72,0
160,68,662,429,1391,2951,0
160,69,662,429,595,1317,0
160,70,662,429,2920,540,0
160,71,662,429,2816,2465,0
160,72,662,429,2231,1907,0
160,73,662,429,1470,2429,0
160,74,662,429,2847,1382,0
160,75,662,429,1398,2370,0
160,76,662,429,1762,2756,0
160,77,662,429,95,1819,0
160,78,662,429,2814,2784,0
160,79,662,429,2728,847,0
160,80,662,429,1380,2542,0
160,81,662,429,1722,2778,0
160,82,662,429,2181,2634,0
160,83,662,429,2405,2720,0
160,84,662,429,2862,2797,0
160,85,662,429,598,2000,0
160,86,662,429,2675,1916,0
160,87,662,429,2094,513,0
160,88,662,429,89,2129,0
160,89,662,429,1347,973,0
160,90,662,429,1412,647,0
160,91,662,429,2716,1699,0
160,92,662,429,2679,301,0
160,93,662,429,2086,1982,0
160,94,662,429,750,2399,0
160,95,662,429,503,2249,0
160,96,662,429,1529,2820,0
160,97,662,429,116,1176,0
160,98,662,429,692,2813,0
160,99,662,429,231,639,0
160,100,662,429,2740,2598,0
160,101,662,429,224,2208,0
160,102,662,429,1683,724,0
160,103,662,429,1276,2330,0
160,104,662,429,107,933,0
160,105,662,429,1480,2153,0
160,106,662,429,891,1933,0
160,107,662,429,2849,2170,0
160,108,662,429,1226,2205,0
160,109,662,429,1117,460,0
160,110,662,429,1597,111,0
160,111,662,429,2174,2704,0
160,112,662,429,811,90,0
160,113,662,429,260,692,0
160,114,662,429,1967,1969,0
160,115,662,429,1133,2946,0
160,116,662,429,786,2901,0
160,117,662,429,312,1389,0
160,118,662,429,2476,340,0
160,119,662,429,2362,2436,0
160,120,662,429,1679,1396,0
160,121,662,429,2646,1977,0
160,122,662,429,1769,2613,0
160,123,662,429,636,2906,0
160,124,662,429,2503,2888,0
160,125,662,429,727,2051,0
160,126,662,429,339,2092,0
160,127,662,429,2559,1995,0
160,128,662,429,1491,2896,0
160,129,662,429,2256,1576,0
160,130,662,429,335,2848,0
160,131,662,429,1279,994,0
160,132,662,429,191,2042,0
160,133,662,429,2815,2594,0
160,134,662,429,1341,659,0
160,135,662,429,202,1952,0
160,136,662,429,2049,235,0
160,137,662,429,949,365,0
160,138,662,429,442,484,0
160,139,662,429,1496,989,0
160,140,662,429,1432,2260,0
160,141,662,429,378,1386,0
160,142,662,429,251,778,0
160,143,662,429,483,113,0
160,144,662,429,2426,100,0
160,145,662,429,2388,1563,0
160,146,662,429,2427,2993,0
160,147,662,429,1415,940,0
160,148,662,429,40,1221,0
160,149,662,429,415,137,0
160,150,662,429,256,2140,0
160,151,662,429,90,1522,0
160,152,662,429,1589,989,0
160,153,662,429,341,205,0
160,154,662,429,883,1339,0
160,155,662,429,280,1464,0
160,156,662,429,1201,2822,0
160,157,662,429,2942,1389,0
160,158,662,429,1138,2750,0
160,159,662,429,2639,1778,0
160,161,662,429,652,7,0
160,162,662,429,2034,2057,0
160,163,662,429,2854,2051,0
160,164,662,429,1441,1791,0
160,165,662,429,2428,256,0
160,166,662,429,112,2528,0
160,167,662,429,2873,2538,0
160,168,662,429,2900,823,0
160,169,662,429,263,2591,0
160,170,662,429,486,2698,0
160,171,662,429,568,150,0
160,172,662,429,1194,2604,0
160,173,662,429,1563,2193,0
160,174,662,429,882,2764,0
160,175,662,429,1800,2849,0
160,176,662,429,58,2694,0
160,177,662,429,2845,282,0
160,178,662,429,2776,2400,0
160,179,662,429,2493,1574,0
160,180,662,429,1075,1910,0
160,181,662,429,449,428,0
160,182,662,429,2039,1945,0
160,183,662,429,2887,271,0
160,184,662,429,1400,2901,0
160,185,662,429,2908,1118,0
160,186,662,429,1650,1604,0
160,187,662,429,2331,1718,0
160,188,662,429,1439,133,0
160,189,662,429,42,79,0
160,190,662,429,1558,1707,0
160,191,662,429,177,1143,0
160,192,662,429,2585,1501,0
160,193,662,429,888,374,0
160,194,662,429,263,2834,0
160,195,662,429,1595,2302,0
161,0,652,7,434,320,0
161,1,652,7,571,1612,0
161,2,652,7,135,2521,0
161,3,652,7,1047,2342,0
161,4,652,7,1231,1324,0
161,5,652,7,675,751,0
161,6,652,7,1122,987,0
161,7,652,7,242,2916,0
161,8,652,7,1743,2319,0
161,9,652,7,2618,754,0
161,10,652,7,2910,1478,0
161,11,652,7,2108,832,0
161,12,652,7,2,1143,0
161,13,652,7,1115,2279,0
161,14,652,7,1977,415,0
161,15,652,7,2226,1439,0
161,16,652,7,2325,1601,0
161,17,652,7,2489,1612,0
161,18,652,7,488,2077,0
161,19,652,7,1366,798,0
161,20,652,7,190,1364,0
161,21,652,7,2898,1873,0
161,22,652,7,2802,484,0
161,23,652,7,1769,1361,0
161,24,652,7,1719,2907,0
161,25,652,7,203,816,0
161,26,652,7,1401,1966,0
161,27,652,7,565,2022,0
161,28,652,7,2418,1484,0
161,29,652,7,2744,2458,0
161,30,652,7,2840,2909,0
161,31,652,7,2633,2565,0
161,32,652,7,2705,1885,0
161,33,652,7,2153,2262,0
161,34,652,7,387,708,0
161,35,652,7,2510,1697,0
161,36,652,7,648,2898,0
161,37,652,7,652,1817,0
161,38,652,7,1578,698,0
161,39,652,7,2296,2101,0
161,40,652,7,1931,2689,0
161,41,652,7,526,1595,0
161,42,652,7,2293,1825,0
161,43,652,7,533,1404,0
161,44,652,7,2655,608,0
161,45,652,7,1891,927,0
161,46,652,7,362,551,0
161,47,652,7,517,432,0
161,48,652,7,554,2611,0
161,49,652,7,2495,1015,0
161,50,652,7,582,952,0
161,51,652,7,2325,1655,0
161,52,652,7,627,564,0
161,53,652,7,118,1718,0
161,54,652,7,1703,700,0
161,55,652,7,1698,1595,0
161,56,652,7,2867,2916,0
161,57,652,7,2436,1514,0
161,58,652,7,2012,2768,0
161,59,652,7,2307,1019,0
161,60,652,7,59,2441,0
161,61,652,7,1399,1108,0
161,62,652,7,2643,1912,0
161,63,652,7,2219,2119,0
161,64,652,7,2401,2202,0
161,65,652,7,387,1838,0
161,66,652,7,1601,1532,0
161,67,652,7,2837,72,0
161,68,652,7,1391,2951,0
161,69,652,7,595,1317,0
161,70,652,7,2920,540,0
161,71,652,7,2816,2465,0
161,72,652,7,2231,1907,0
161,73,652,7,1470,2429,0
161,74,652,7,2847,1382,0
161,75,652,7,1398,2370,0
161,76,652,7,1762,2756,0
161,77,652,7,95,1819,0
161,78,652,7,2814,2784,0
161,79,652,7,2728,847,0
161,80,652,7,1380,2542,0
161,81,652,7,1722,2778,0
161,82,652,7,2181,2634,0
161,83,652,7,2405,2720,0
161,84,652,7,2862,2797,0
161,85,652,7,598,2000,0
161,86,652,7,2675,1916,0
161,87,652,7,2094,513,0
161,88,652,7,89,2129,0
161,89,652,7,1347,973,0
161,90,652,7,1412,647,0
161,91,652,7,2716,1699,0
161,92,652,7,2679,301,0
161,93,652,7,2086,1982,0
161,94,652,7,750,2399,0
161,95,652,7,503,2249,0
161,96,652,7,1529,2820,0
161,97,652,7,116,1176,0
161,98,652,7,692,2813,0
161,99,652,7,231,639,0
161,100,652,7,2740,2598,0
161,101,652,7,224,2208,0
161,102,652,7,1683,724,0
161,103,652,7,1276,2330,0
161,104,652,7,107,933,0
161,105,652,7,1480,2153,0
161,106,652,7,891,1933,0
161,107,652,7,2849,2170,0
161,108,652,7,1226,2205,0
161,109,652,7,1117,460,0
161,110,652,7,1597,111,0
161,111,652,7,2174,2704,0
161,112,652,7,811,90,1
161,113,652,7,260,692,0
161,114,652,7,1967,1969,0
161,115,652,7,1133,2946,0
161,116,652,7,786,2901,0
161,117,652,7,312,1389,0
161,118,652,7,2476,340,0
161,119,652,7,2362,2436,0
161,120,652,7,1679,1396,0
161,121,652,7,2646,1977,0
161,122,652,7,1769,2613,0
161,123,652,7,636,2906,0
161,124,652,7,2503,2888,0
161,125,652,7,727,2051,0
161,126,652,7,339,2092,0
161,127,652,7,2559,1995,0
161,128,652,7,1491,2896,0
161,129,652,7,2256,1576,0
161,130,652,7,335,2848,0
161,131,652,7,1279,994,0
161,132,652,7,191,2042,0
161,133,652,7,2815,2594,0
161,134,652,7,1341,659,0
161,135,652,7,202,1952,0
161,136,652,7,2049,235,0
161,137,652,7,949,365,0
161,138,652,7,442,484,0
161,139,652,7,1496,989,0
161,140,652,7,1432,2260,0
161,141,652,7,378,1386,0
161,142,652,7,251,778,0
161,143,652,7,483,113,0
161,144,652,7,2426,100,0
161,145,652,7,2388,1563,0
161,146,652,7,2427,2993,0
161,147,652,7,1415,940,0
161,148,652,7,40,1221,0
161,149,652,7,415,137,0
161,150,652,7,256,2140,0
161,151,652,7,90,1522,0
161,152,652,7,1589,989,0
161,153,652,7,341,205,0
161,154,652,7,883,1339,0
161,155,652,7,280,1464,0
161,156,652,7,1201,2822,0
161,157,652,7,2942,1389,0
161,158,652,7,1138,2750,0
161,159,652,7,2639,1778,0
161,160,652,7,662,429,0
161,162,652,7,2034,2057,0
161,163,652,7,2854,2051,0
161,164,652,7,1441,1791,0
161,165,652,7,2428,256,0
161,166,652,7,112,2528,0
161,167,652,7,2873,2538,0
161,168,652,7,2900,823,0
161,169,652,7,263,2591,0
161,170,652,7,486,2698,0
161,171,652,7,568,150,0
161,172,652,7,1194,2604,0
161,173,652,7,1563,2193,0
161,174,652,7,882,2764,0
161,175,652,7,1800,2849,0
161,176,652,7,58,2694,0
161,177,652,7,2845,282,0
161,178,652,7,2776,2400,0
161,179,652,7,2493,1574,0
161,180,652,7,1075,1910,0
161,181,652,7,449,428,0
161,182,652,7,2039,1945,0
161,183,652,7,2887,271,0
161,184,652,7,1400,2901,0
161,185,652,7,2908,1118,0
161,186,652,7,1650,1604,0
161,187,652,7,2331,1718,0
161,188,652,7,1439,133,0
161,189,652,7,42,79,0
161,190,652,7,1558,1707,0
161,191,652,7,177,1143,0
161,192,652,7,2585,1501,0
161,193,652,7,888,374,0
161,194,652,7,263,2834,0
161,195,652,7,1595,2302,0
162,0,2034,2057,434,320,0
162,1,2034,2057,571,1612,0
162,2,2034,2057,135,2521,0
162,3,2034,2057,1047,2342,0
162,4,2034,2057,1231,1324,0
162,5,2034,2057,675,751,0
162,6,2034,2057,1122,987,0
162,7,2034,2057,242,2916,0
162,8,2034,2057,1743,2319,0
162,9,2034,2057,2618,754,0
162,10,2034,2057,2910,1478,0
162,11,2034,2057,2108,832,0
162,12,2034,2057,2,1143,0
162,13,2034,2057,1115,2279,0
162,14,2034,2057,1977,415,0
162,15,2034,2057,2226,1439,0
162,16,2034,2057,2325,1601,0
162,17,2034,2057,2489,1612,0
162,18,2034,2057,488,2077,0
162,19,2034,2057,1366,798,0
162,20,2034,2057,190,1364,0
162,21,2034,2057,2898,1873,0
162,22,2034,2057,2802,484,0
162,23,2034,2057,1769,1361,0
162,24,2034,2057,1719,2907,0
162,25,2034,2057,203,816,0
162,26,2034,2057,1401,1966,0
162,27,2034,2057,565,2022,0
162,28,2034,2057,2418,1484,0
162,29,2034,2057,2744,2458,0
162,30,2034,2057,2840,2909,0
162,31,2034,2057,2633,2565,0
162,32,2034,2057,2705,1885,0
162,33,2034,2057,2153,2262,1
162,34,2034,2057,387,708,0
162,35,2034,2057,2510,1697,0
162,36,2034,2057,648,2898,0
162,37,2034,2057,652,1817,0
162,38,2034,2057,1578,698,0
162,39,2034,2057,2296,2101,0
162,40,2034,2057,1931,2689,0
162,41,2034,2057,526,1595,0
162,42,2034,2057,2293,1825,0
162,43,2034,2057,533,1404,0
162,44,2034,2057,2655,608,0
162,45,2034,2057,1891,927,0
162,46,2034,2057,362,551,0
162,47,2034,2057,517,432,0
162,48,2034,2057,554,2611,0
162,49,2034,2057,2495,1015,0
162,50,2034,2057,582,952,0
162,51,2034,2057,2325,1655,0
162,52,2034,2057,627,564,0
162,53,2034,2057,118,1718,0
162,54,2034,2057,1703,700,0
162,55,2034,2057,1698,1595,0
162,56,2034,2057,2867,2916,0
162,57,2034,2057,2436,1514,0
162,58,2034,2057,2012,2768,0
162,59,2034,2057,2307,1019,0
162,60,2034,2057,59,2441,0
162,61,2034,2057,1399,1108,0
162,62,2034,2057,2643,1912,0
162,63,2034,2057,2219,2119,0
162,64,2034,2057,2401,2202,0
162,65,2034,2057,387,1838,0
162,66,2034,2057,1601,1532,0
162,67,2034,2057,2837,72,0
162,68,2034,2057,1391,2951,0
162,69,2034,2057,595,1317,0
162,70,2034,2057,2920,540,0
162,71,2034,2057,2816,2465,0
162,72,2034,2057,2231,1907,0
162,73,2034,2057,1470,2429,0
162,74,2034,2057,2847,1382,0
162,75,2034,2057,1398,2370,0
162,76,2034,2057,1762,2756,0
162,77,2034,2057,95,1819,0
162,78,2034,2057,2814,2784,0
162,79,2034,2057,2728,847,0
162,80,2034,2057,1380,2542,0
162,81,2034,2057,1722,2778,0
162,82,2034,2057,2181,2634,0
162,83,2034,2057,2405,2720,0
162,84,2034,2057,2862,2797,0
162,85,2034,2057,598,2000,0
162,86,2034,2057,2675,1916,0
162,87,2034,2057,2094,513,0
162,88,2034,2057,89,2129,0
162,89,2034,2057,1347,973,0
162,90,2034,2057,1412,647,0
162,91,2034,2057,2716,1699,0
162,92,2034,2057,2679,301,0
162,93,2034,2057,2086,1982,0
162,94,2034,2057,750,2399,0
162,95,2034,2057,503,2249,0
162,96,2034,2057,1529,2820,0
162,97,2034,2057,116,1176,0
162,98,2034,2057,692,2813,0
162,99,2034,2057,231,639,0
162,100,2034,2057,2740,2598,0
162,101,2034,2057,224,2208,0
162,102,2034,2057,1683,724,0
162,103,2034,2057,1276,2330,0
162,104,2034,2057,107,933,0
162,105,2034,2057,1480,2153,0
162,106,2034,2057,891,1933,0
162,107,2034,2057,2849,2170,0
162,108,2034,2057,1226,2205,0
162,109,2034,2057,1117,460,0
162,110,2034,2057,1597,111,0
162,111,2034,2057,2174,2704,0
162,112,2034,2057,811,90,0
162,113,2034,2057,260,692,0
162,114,2034,2057,1967,1969,0
162,115,2034,2057,1133,2946,0
162,116,2034,2057,786,2901,0
162,117,2034,2057,312,1389,0
162,118,2034,2057,2476,340,0
162,119,2034,2057,2362,2436,0
162,120,2034,2057,1679,1396,0
162,121,2034,2057,2646,1977,0
162,122,2034,2057,1769,2613,0
162,123,2034,2057,636,2906,0
162,124,2034,2057,2503,2888,0
162,125,2034,2057,727,2051,0
162,126,2034,2057,339,2092,0
162,127,2034,2057,2559,1995,0
162,128,2034,2057,1491,2896,0
162,129,2034,2057,2256,1576,0
162,130,2034,2057,335,2848,0
162,131,2034,2057,1279,994,0
162,132,2034,2057,191,2042,0
162,133,2034,2057,2815,2594,0
162,134,2034,2057,1341,659,0
162,135,2034,2057,202,1952,0
162,136,2034,2057,2049,235,0
162,137,2034,2057,949,365,0
162,138,2034,2057,442,484,0
162,139,2034,2057,1496,989,0
162,140,2034,2057,1432,2260,0
162,141,2034,2057,378,1386,0
162,142,2034,2057,251,778,0
162,143,2034,2057,483,113,0
162,144,2034,2057,2426,100,0
162,145,2034,2057,2388,1563,0
162,146,2034,2057,2427,2993,0
162,147,2034,2057,1415,940,0
162,148,2034,2057,40,1221,0
162,149,2034,2057,415,137,0
162,150,2034,2057,256,2140,0
162,151,2034,2057,90,1522,0
162,152,2034,2057,1589,989,0
162,153,2034,2057,341,205,0
162,154,2034,2057,883,1339,0
162,155,2034,2057,280,1464,0
162,156,2034,2057,1201,2822,0
162,157,2034,2057,2942,1389,0
162,158,2034,2057,1138,2750,0
162,159,2034,2057,2639,1778,0
162,160,2034,2057,662,429,0
162,161,2034,2057,652,7,0
162,163,2034,2057,2854,2051,0
162,164,2034,2057,1441,1791,0
162,165,2034,2057,2428,256,0
162,166,2034,2057,112,2528,0
162,167,2034,2057,2873,2538,0
162,168,2034,2057,2900,823,0
162,169,2034,2057,263,2591,0
162,170,2034,2057,486,2698,0
162,171,2034,2057,568,150,0
162,172,2034,2057,1194,2604,0
162,173,2034,2057,1563,2193,0
162,174,2034,2057,882,2764,0
162,175,2034,2057,1800,2849,0
162,176,2034,2057,58,2694,0
162,177,2034,2057,2845,282,0
162,178,2034,2057,2776,2400,0
162,179,2034,2057,2493,1574,0
162,180,2034,2057,1075,1910,0
162,181,2034,2057,449,428,0
162,182,2034,2057,2039,1945,0
162,183,2034,2057,2887,271,0
162,184,2034,2057,1400,2901,0
162,185,2034,2057,2908,1118,0
162,186,2034,2057,1650,1604,0
162,187,2034,2057,2331,1718,0
162,188,2034,2057,1439,133,0
162,189,2034,2057,42,79,0
162,190,2034,2057,1558,1707,0
162,191,2034,2057,177,1143,0
162,192,2034,2057,2585,1501,0
162,193,2034,2057,888,374,0
162,194,2034,2057,263,2834,0
162,195,2034,2057,1595,2302,0
163,0,2854,2051,434,320,0
163,1,2854,2051,571,1612,0
163,2,2854,2051,135,2521,0
163,3,2854,2051,1047,2342,0
163,4,2854,2051,1231,1324,0
163,5,2854,2051,675,751,0
163,6,2854,2051,1122,987,0
163,7,2854,2051,242,2916,0
163,8,2854,2051,1743,2319,0
163,9,2854,2051,2618,754,0
163,10,2854,2051,2910,1478,0
163,11,2854,2051,2108,832,0
163,12,2854,2051,2,1143,0
163,13,2854,2051,1115,2279,0
163,14,2854,2051,1977,415,0
163,15,2854,2051,2226,1439,0
163,16,2854,2051,2325,1601,0
163,17,2854,2051,2489,1612,0
163,18,2854,2051,488,2077,0
163,19,2854,2051,1366,798,0
163,20,2854,2051,190,1364,0
163,21,2854,2051,2898,1873,0
163,22,2854,2051,2802,484,0
163,23,2854,2051,1769,1361,0
163,24,2854,2051,1719,2907,0
163,25,2854,2051,203,816,0
163,26,2854,2051,1401,1966,0
163,27,2854,2051,565,2022,0
163,28,2854,2051,2418,1484,0
163,29,2854,2051,2744,2458,0
163,30,2854,2051,2840,2909,0
163,31,2854,2051,2633,2565,0
163,32,2854,2051,2705,1885,0
163,33,2854,2051,2153,2262,0
163,34,2854,2051,387,708,0
163,35,2854,2051,2510,1697,0
163,36,2854,2051,648,2898,0
163,37,2854,2051,652,1817,0
163,38,2854,2051,1578,698,0
163,39,2854,2051,2296,2101,0
163,40,2854,2051,1931,2689,0
163,41,2854,2051,526,1595,0
163,42,2854,2051,2293,1825,0
163,43,2854,2051,533,1404,0
163,44,2854,2051,2655,608,0
163,45,2854,2051,1891,927,0
163,46,2854,2051,362,551,0
163,47,2854,2051,517,432,0
163,48,2854,2051,554,2611,0
163,49,2854,2051,2495,1015,0
163,50,2854,2051,582,952,0
163,51,2854,2051,2325,1655,0
163,52,2854,2051,627,564,0
163,53,2854,2051,118,1718,0
163,54,2854,2051,1703,700,0
163,55,2854,2051,1698,1595,0
163,56,2854,2051,2867,2916,0
163,57,2854,2051,2436,1514,0
163,58,2854,2051,2012,2768,0
163,59,2854,2051,2307,1019,0
163,60,2854,2051,59,2441,0
163,61,2854,2051,1399,1108,0
163,62,2854,2051,2643,1912,0
163,63,2854,2051,2219,2119,0
163,64,2854,2051,2401,2202,0
163,65,2854,2051,387,1838,0
163,66,2854,2051,1601,1532,0
163,67,2854,2051,2837,72,0
163,68,2854,2051,1391,2951,0
163,69,2854,2051,595,1317,0
163,70,2854,2051,2920,540,0
163,71,2854,2051,2816,2465,0
163,72,2854,2051,2231,1907,0
163,73,2854,2051,1470,2429,0
163,74,2854,2051,2847,1382,0
163,75,2854,2051,1398,2370,0
163,76,2854,2051,1762,2756,0
163,77,2854,2051,95,1819,0
163,78,2854,2051,2814,2784,0
163,79,2854,2051,2728,847,0
163,80,2854,2051,1380,2542,0
163,81,2854,2051,1722,2778,0
163,82,2854,2051,2181,2634,0
163,83,2854,2051,2405,2720,0
163,84,2854,2051,2862,2797,0
163,85,2854,2051,598,2000,0
163,86,2854,2051,2675,1916,0
163,87,2854,2051,2094,513,0
163,88,2854,2051,89,2129,0
163,89,2854,2051,1347,973,0
163,90,2854,2051,1412,647,0
163,91,2854,2051,2716,1699,0
163,92,2854,2051,2679,301,0
163,93,2854,2051,2086,1982,0
163,94,2854,2051,750,2399,0
163,95,2854,2051,503,2249,0
163,96,2854,2051,1529,2820,0
163,97,2854,2051,116,1176,0
163,98,2854,2051,692,2813,0
163,99,2854,2051,231,639,0
163,100,2854,2051,2740,2598,0
163,101,2854,2051,224,2208,0
163,102,2854,2051,1683,724,0
163,103,2854,2051,1276,2330,0
163,104,2854,2051,107,933,0
163,105,2854,2051,1480,2153,0
163,106,2854,2051,891,1933,0
163,107,2854,2051,2849,2170,1
163,108,2854,2051,1226,2205,0
163,109,2854,2051,1117,460,0
163,110,2854,2051,1597,111,0
163,111,2854,2051,2174,2704,0
163,112,2854,2051,811,90,0
163,113,2854,2051,260,692,0
163,114,2854,2051,1967,1969,0
163,115,2854,2051,1133,2946,0
163,116,2854,2051,786,2901,0
163,117,2854,2051,312,1389,0
163,118,2854,2051,2476,340,0
163,119,2854,2051,2362,2436,0
163,120,2854,2051,1679,1396,0
163,121,2854,2051,2646,1977,0
163,122,2854,2051,1769,2613,0
163,123,2854,2051,636,2906,0
163,124,2854,2051,2503,2888,0
163,125,2854,2051,727,2051,0
163,126,2854,2051,339,2092,0
163,127,2854,2051,2559,1995,0
163,128,2854,2051,1491,2896,0
163,129,2854,2051,2256,1576,0
163,130,2854,2051,335,2848,0
163,131,2854,2051,1279,994,0
163,132,2854,2051,191,2042,0
163,133,2854,2051,2815,2594,0
163,134,2854,2051,1341,659,0
163,135,2854,2051,202,1952,0
163,136,2854,2051,2049,235,0
163,137,2854,2051,949,365,0
163,138,2854,2051,442,484,0
163,139,2854,2051,1496,989,0
163,140,2854,2051,1432,2260,0
163,141,2854,2051,378,1386,0
163,142,2854,2051,251,778,0
163,143,2854,2051,483,113,0
163,144,2854,2051,2426,100,0
163,145,2854,2051,2388,1563,0
163,146,2854,2051,2427,2993,0
163,147,2854,2051,1415,940,0
163,148,2854,2051,40,1221,0
163,149,2854,2051,415,137,0
163,150,2854,2051,256,2140,0
163,151,2854,2051,90,1522,0
163,152,2854,2051,1589,989,0
163,153,2854,2051,341,205,0
163,154,2854,2051,883,1339,0
163,155,2854,2051,280,1464,0
163,156,2854,2051,1201,2822,0
163,157,2854,2051,2942,1389,0
163,158,2854,2051,1138,2750,0
163,159,2854,2051,2639,1778,0
163,160,2854,2051,662,429,0
163,161,2854,2051,652,7,0
163,162,2854,2051,2034,2057,0
163,164,2854,2051,1441,1791,0
163,165,2854,2051,2428,256,0
163,166,2854,2051,112,2528,0
163,167,2854,2051,2873,2538,0
163,168,2854,2051,2900,823,0
163,169,2854,2051,263,2591,0
163,170,2854,2051,486,2698,0
163,171,2854,2051,568,150,0
163,172,2854,2051,1194,2604,0
163,173,2854,2051,1563,2193,0
163,174,2854,2051,882,2764,0
163,175,2854,2051,1800,2849,0
163,176,2854,2051,58,2694,0
163,177,2854,2051,2845,282,0
163,178,2854,2051,2776,2400,0
163,179,2854,2051,2493,1574,0
163,180,2854,2051,1075,1910,0
163,181,2854,2051,449,428,0
163,182,2854,2051,2039,1945,0
163,183,2854,2051,2887,271,0
163,184,2854,2051,1400,2901,0
163,185,2854,2051,2908,1118,0
163,186,2854,2051,1650,1604,0
163,187,2854,2051,2331,1718,0
163,188,2854,2051,1439,133,0
163,189,2854,2051,42,79,0
163,190,2854,2051,1558,1707,0
163,191,2854,2051,177,1143,0
163,192,2854,2051,2585,1501,0
163,193,2854,2051,888,374,0
163,194,2854,2051,263,2834,0
163,195,2854,2051,1595,2302,0
164,0,1441,1791,434,320,0
164,1,1441,1791,571,1612,0
164,2,1441,1791,135,2521,0
164,3,1441,1791,1047,2342,0
164,4,1441,1791,1231,1324,0
164,5,1441,1791,675,751,0
164,6,1441,1791,1122,987,0
164,7,1441,1791,242,2916,0
164,8,1441,1791,1743,2319,0
164,9,1441,1791,2618,754,0
164,10,1441,1791,2910,1478,0
164,11,1441,1791,2108,832,0
164,12,1441,1791,2,1143,0
164,13,1441,1791,1115,2279,0
164,14,1441,1791,1977,415,0
164,15,1441,1791,2226,1439,0
164,16,1441,1791,2325,1601,0
164,17,1441,1791,2489,1612,0
164,18,1441,1791,488,2077,0
164,19,1441,1791,1366,798,0
164,20,1441,1791,190,1364,0
164,21,1441,1791,2898,1873,0
164,22,1441,1791,2802,484,0
164,23,1441,1791,1769,1361,0
164,24,1441,1791,1719,2907,0
164,25,1441,1791,203,816,0
164,26,1441,1791,1401,1966,0
164,27,1441,1791,565,2022,0
164,28,1441,1791,2418,1484,0
164,29,1441,1791,2744,2458,0
164,30,1441,1791,2840,2909,0
164,31,1441,1791,2633,2565,0
164,32,1441,1791,2705,1885,0
164,33,1441,1791,2153,2262,0
164,34,1441,1791,387,708,0
164,35,1441,1791,2510,1697,0
164,36,1441,1791,648,2898,0
164,37,1441,1791,652,1817,0
164,38,1441,1791,1578,698,0
164,39,1441,1791,2296,2101,0
164,40,1441,1791,1931,2689,0
164,41,1441,1791,526,1595,0
164,42,1441,1791,2293,1825,0
164,43,1441,1791,533,1404,0
164,44,1441,1791,2655,608,0
164,45,1441,1791,1891,927,0
164,46,1441,1791,362,551,0
164,47,1441,1791,517,432,0
164,48,1441,1791,554,2611,0
164,49,1441,1791,2495,1015,0
164,50,1441,1791,582,952,0
164,51,1441,1791,2325,1655,0
164,52,1441,1791,627,564,0
164,53,1441,1791,118,1718,0
164,54,1441,1791,1703,700,0
164,55,1441,1791,1698,1595,0
164,56,1441,1791,2867,2916,0
164,57,1441,1791,2436,1514,0
164,58,1441,1791,2012,2768,0
164,59,1441,1791,2307,1019,0
164,60,1441,1791,59,2441,0
164,61,1441,1791,1399,1108,0
164,62,1441,1791,2643,1912,0
164,63,1441,1791,2219,2119,0
164,64,1441,1791,2401,2202,0
164,65,1441,1791,387,1838,0
164,66,1441,1791,1601,1532,0
164,67,1441,1791,2837,72,0
164,68,1441,1791,1391,2951,0
164,69,1441,1791,595,1317,0
164,70,1441,1791,2920,540,0
164,71,1441,1791,2816,2465,0
164,72,1441,1791,2231,1907,0
164,73,1441,1791,1470,2429,0
164,74,1441,1791,2847,1382,0
164,75,1441,1791,1398,2370,0
164,76,1441,1791,1762,2756,0
164,77,1441,1791,95,1819,0
164,78,1441,1791,2814,2784,0
164,79,1441,1791,2728,847,0
164,80,1441,1791,1380,2542,0
164,81,1441,1791,1722,2778,0
164,82,1441,1791,2181,2634,0
164,83,1441,1791,2405,2720,0
164,84,1441,1791,2862,2797,0
164,85,1441,1791,598,2000,0
164,86,1441,1791,2675,1916,0
164,87,1441,1791,2094,513,0
164,88,1441,1791,89,2129,0
164,89,1441,1791,1347,973,0
164,90,1441,1791,1412,647,0
164,91,1441,1791,2716,1699,0
164,92,1441,1791,2679,301,0
164,93,1441,1791,2086,1982,0
164,94,1441,1791,750,2399,0
164,95,1441,1791,503,2249,0
164,96,1441,1791,1529,2820,0
164,97,1441,1791,116,1176,0
164,98,1441,1791,692,2813,0
164,99,1441,1791,231,639,0
164,100,1441,1791,2740,2598,0
164,101,1441,1791,224,2208,0
164,102,1441,1791,1683,724,0
164,103,1441,1791,1276,2330,0
164,104,1441,1791,107,933,0
164,105,1441,1791,1480,2153,0
164,106,1441,1791,891,1933,0
164,107,1441,1791,2849,2170,0
164,108,1441,1791,1226,2205,0
164,109,1441,1791,1117,460,0
164,110,1441,1791,1597,111,0
164,111,1441,1791,2174,2704,0
164,112,1441,1791,811,90,0
164,113,1441,1791,260,692,0
164,114,1441,1791,1967,1969,0
164,115,1441,1791,1133,2946,0
164,116,1441,1791,786,2901,0
164,117,1441,1791,312,1389,0
164,118,1441,1791,2476,340,0
164,119,1441,1791,2362,2436,0
164,120,1441,1791,1679,1396,0
164,121,1441,1791,2646,1977,0
164,122,1441,1791,1769,2613,0
164,123,1441,1791,636,2906,0
164,124,1441,1791,2503,2888,0
164,125,1441,1791,727,2051,0
164,126,1441,1791,339,2092,0
164,127,1441,1791,2559,1995,0
164,128,1441,1791,1491,2896,0
164,129,1441,1791,2256,1576,0
164,130,1441,1791,335,2848,0
164,131,1441,1791,1279,994,0
164,132,1441,1791,191,2042,0
164,133,1441,1791,2815,2594,0
164,134,1441,1791,1341,659,0
164,135,1441,1791,202,1952,0
164,136,1441,1791,2049,235,0
164,137,1441,1791,949,365,0
164,138,1441,1791,442,484,0
164,139,1441,1791,1496,989,0
164,140,1441,1791,1432,2260,0
164,141,1441,1791,378,1386,0
164,142,1441,1791,251,778,0
164,143,1441,1791,483,113,0
164,144,1441,1791,2426,100,0
164,145,1441,1791,2388,1563,0
164,146,1441,1791,2427,2993,0
164,147,1441,1791,1415,940,0
164,148,1441,1791,40,1221,0
164,149,1441,1791,415,137,0
164,150,1441,1791,256,2140,0
164,151,1441,1791,90,1522,0
164,152,1441,1791,1589,989,0
164,153,1441,1791,341,205,0
164,154,1441,1791,883,1339,0
164,155,1441,1791,280,1464,0
164,156,1441,1791,1201,2822,0
164,157,1441,1791,2942,1389,0
164,158,1441,1791,1138,2750,0
164,159,1441,1791,2639,1778,0
164,160,1441,1791,662,429,0
164,161,1441,1791,652,7,0
164,162,1441,1791,2034,2057,0
164,163,1441,1791,2854,2051,0
164,165,1441,1791,2428,256,0
164,166,1441,1791,112,2528,0
164,167,1441,1791,2873,2538,0
164,168,1441,1791,2900,823,0
164,169,1441,1791,263,2591,0
164,170,1441,1791,486,2698,0
164,171,1441,1791,568,150,0
164,172,1441,1791,1194,2604,0
164,173,1441,1791,1563,2193,0
164,174,1441,1791,882,2764,0
164,175,1441,1791,1800,2849,0
164,176,1441,1791,58,2694,0
164,177,1441,1791,2845,282,0
164,178,1441,1791,2776,2400,0
164,179,1441,1791,2493,1574,0
164,180,1441,1791,1075,1910,0
164,181,1441,1791,449,428,0
164,182,1441,1791,2039,1945,0
164,183,1441,1791,2887,271,0
164,184,1441,1791,1400,2901,0
164,185,1441,1791,2908,1118,0
164,186,1441,1791,1650,1604,0
164,187,1441,1791,2331,1718,0
164,188,1441,1791,1439,133,0
164,189,1441,1791,42,79,0
164,190,1441,1791,1558,1707,1
164,191,1441,1791,177,1143,0
164,192,1441,1791,2585,1501,0
164,193,1441,1791,888,374,0
164,194,1441,1791,263,2834,0
164,195,1441,1791,1595,2302,0
165,0,2428,256,434,320,0
165,1,2428,256,571,1612,0
165,2,2428,256,135,2521,0
165,3,2428,256,1047,2342,0
165,4,2428,256,1231,1324,0
165,5,2428,256,675,751,0
165,6,2428,256,1122,987,0
165,7,2428,256,242,2916,0
165,8,2428,256,1743,2319,0
165,9,2428,256,2618,754,0
165,10,2428,256,2910,1478,0
165,11,2428,256,2108,832,0
165,12,2428,256,2,1143,0
165,13,2428,256,1115,2279,0
165,14,2428,256,1977,415,0
165,15,2428,256,2226,1439,0
165,16,2428,256,2325,1601,0
165,17,2428,256,2489,1612,0
165,18,2428,256,488,2077,0
165,19,2428,256,1366,798,0
165,20,2428,256,190,1364,0
165,21,2428,256,2898,1873,0
165,22,2428,256,2802,484,0
165,23,2428,256,1769,1361,0
165,24,2428,256,1719,2907,0
165,25,2428,256,203,816,0
165,26,2428,256,1401,1966,0
165,27,2428,256,565,2022,0
165,28,2428,256,2418,1484,0
165,29,2428,256,2744,2458,0
165,30,2428,256,2840,2909,0
165,31,2428,256,2633,2565,0
165,32,2428,256,2705,1885,0
165,33,2428,256,2153,2262,0
165,34,2428,256,387,708,0
165,35,2428,256,2510,1697,0
165,36,2428,256,648,2898,0
165,37,2428,256,652,1817,0
165,38,2428,256,1578,698,0
165,39,2428,256,2296,2101,0
165,40,2428,256,1931,2689,0
165,41,2428,256,526,1595,0
165,42,2428,256,2293,1825,0
165,43,2428,256,533,1404,0
165,44,2428,256,2655,608,0
165,45,2428,256,1891,927,0
165,46,2428,256,362,551,0
165,47,2428,256,517,432,0
165,48,2428,256,554,2611,0
165,49,2428,256,2495,1015,0
165,50,2428,256,582,952,0
165,51,2428,256,2325,1655,0
165,52,2428,256,627,564,0
165,53,2428,256,118,1718,0
165,54,2428,256,1703,700,0
165,55,2428,256,1698,1595,0
165,56,2428,256,2867,2916,0
165,57,2428,256,2436,1514,0
165,58,2428,256,2012,2768,0
165,59,2428,256,2307,1019,0
165,60,2428,256,59,2441,0
165,61,2428,256,1399,1108,0
165,62,2428,256,2643,1912,0
165,63,2428,256,2219,2119,0
165,64,2428,256,2401,2202,0
165,65,2428,256,387,1838,0
165,66,2428,256,1601,1532,0
165,67,2428,256,2837,72,0
165,68,2428,256,1391,2951,0
165,69,2428,256,595,1317,0
165,70,2428,256,2920,540,0
165,71,2428,256,2816,2465,0
165,72,2428,256,2231,1907,0
165,73,2428,256,1470,2429,0
165,74,2428,256,2847,1382,0
165,75,2428,256,1398,2370,0
165,76,2428,256,1762,2756,0
165,77,2428,256,95,1819,0
165,78,2428,256,2814,2784,0
165,79,2428,256,2728,847,0
165,80,2428,256,1380,2542,0
165,81,2428,256,1722,2778,0
165,82,2428,256,2181,2634,0
165,83,2428,256,2405,2720,0
165,84,2428,256,2862,2797,0
165,85,2428,256,598,2000,0
165,86,2428,256,2675,1916,0
165,87,2428,256,2094,513,0
165,88,2428,256,89,2129,0
165,89,2428,256,1347,973,0
165,90,2428,256,1412,647,0
165,91,2428,256,2716,1699,0
165,92,2428,256,2679,301,0
165,93,2428,256,2086,1982,0
165,94,2428,256,750,2399,0
165,95,2428,256,503,2249,0
165,96,2428,256,1529,2820,0
165,97,2428,256,116,1176,0
165,98,2428,256,692,2813,0
165,99,2428,256,231,639,0
165,100,2428,256,2740,2598,0
165,101,2428,256,224,2208,0
165,102,2428,256,1683,724,0
165,103,2428,256,1276,2330,0
165,104,2428,256,107,933,0
165,105,2428,256,1480,2153,0
165,106,2428,256,891,1933,0
165,107,2428,256,2849,2170,0
165,108,2428,256,1226,2205,0
165,109,2428,256,1117,460,0
165,110,2428,256,1597,111,0
165,111,2428,256,2174,2704,0
165,112,2428,256,811,90,0
165,113,2428,256,260,692,0
165,114,2428,256,1967,1969,0
165,115,2428,256,1133,2946,0
165,116,2428,256,786,2901,0
165,117,2428,256,312,1389,0
165,118,2428,256,2476,340,0
165,119,2428,256,2362,2436,0
165,120,2428,256,1679,1396,0
165,121,2428,256,2646,1977,0
165,122,2428,256,1769,2613,0
165,123,2428,256,636,2906,0
165,124,2428,256,2503,2888,0
165,125,2428,256,727,2051,0
165,126,2428,256,339,2092,0
165,127,2428,256,2559,1995,0
165,128,2428,256,1491,2896,0
165,129,2428,256,2256,1576,0
165,130,2428,256,335,2848,0
165,131,2428,256,1279,994,0
165,132,2428,256,191,2042,0
165,133,2428,256,2815,2594,0
165,134,2428,256,1341,659,0
165,135,2428,256,202,1952,0
165,136,2428,256,2049,235,0
165,137,2428,256,949,365,0
165,138,2428,256,442,484,0
165,139,2428,256,1496,989,0
165,140,2428,256,1432,2260,0
165,141,2428,256,378,1386,0
165,142,2428,256,251,778,0
165,143,2428,256,483,113,0
165,144,2428,256,2426,100,1
165,145,2428,256,2388,1563,0
165,146,2428,256,2427,2993,0
165,147,2428,256,1415,940,0
165,148,2428,256,40,1221,0
165,149,2428,256,415,137,0
165,150,2428,256,256,2140,0
165,151,2428,256,90,1522,0
165,152,2428,256,1589,989,0
165,153,2428,256,341,205,0
165,154,2428,256,883,1339,0
165,155,2428,256,280,1464,0
165,156,2428,256,1201,2822,0
165,157,2428,256,2942,1389,0
165,158,2428,256,1138,2750,0
165,159,2428,256,2639,1778,0
165,160,2428,256,662,429,0
165,161,2428,256,652,7,0
165,162,2428,256,2034,2057,0
165,163,2428,256,2854,2051,0
165,164,2428,256,1441,1791,0
165,166,2428,256,112,2528,0
165,167,2428,256,2873,2538,0
165,168,2428,256,2900,823,0
165,169,2428,256,263,2591,0
165,170,2428,256,486,2698,0
165,171,2428,256,568,150,0
165,172,2428,256,1194,2604,0
165,173,2428,256,1563,2193,0
165,174,2428,256,882,2764,0
165,175,2428,256,1800,2849,0
165,176,2428,256,58,2694,0
165,177,2428,256,2845,282,0
165,178,2428,256,2776,2400,0
165,179,2428,256,2493,1574,0
165,180,2428,256,1075,1910,0
165,181,2428,256,449,428,0
165,182,2428,256,2039,1945,0
165,183,2428,256,2887,271,0
165,184,2428,256,1400,2901,0
165,185,2428,256,2908,1118,0
165,186,2428,256,1650,1604,0
165,187,2428,256,2331,1718,0
165,188,2428,256,1439,133,0
165,189,2428,256,42,79,0
165,190,2428,256,1558,1707,0
165,191,2428,256,177,1143,0
165,192,2428,256,2585,1501,0
165,193,2428,256,888,374,0
165,194,2428,256,263,2834,0
165,195,2428,256,1595,2302,0
166,0,112,2528,434,320,0
166,1,112,2528,571,1612,0
166,2,112,2528,135,2521,0
166,3,112,2528,1047,2342,0
166,4,112,2528,1231,1324,0
166,5,112,2528,675,751,0
166,6,112,2528,1122,987,0
166,7,112,2528,242,2916,0
166,8,112,2528,1743,2319,0
166,9,112,2528,2618,754,0
166,10,112,2528,2910,1478,0
166,11,112,2528,2108,832,0
166,12,112,2528,2,1143,0
166,13,112,2528,1115,2279,0
166,14,112,2528,1977,415,0
166,15,112,2528,2226,1439,0
166,16,112,2528,2325,1601,0
166,17,112,2528,2489,1612,0
166,18,112,2528,488,2077,0
166,19,112,2528,1366,798,0
166,20,112,2528,190,1364,0
166,21,112,2528,2898,1873,0
166,22,112,2528,2802,484,0
166,23,112,2528,1769,1361,0
166,24,112,2528,1719,2907,0
166,25,112,2528,203,816,0
166,26,112,2528,1401,1966,0
166,27,112,2528,565,2022,0
166,28,112,2528,2418,1484,0
166,29,112,2528,2744,2458,0
166,30,112,2528,2840,2909,0
166,31,112,2528,2633,2565,0
166,32,112,2528,2705,1885,0
166,33,112,2528,2153,2262,0
166,34,112,2528,387,708,0
166,35,112,2528,2510,1697,0
166,36,112,2528,648,2898,0
166,37,112,2528,652,1817,0
166,38,112,2528,1578,698,0
166,39,112,2528,2296,2101,0
166,40,112,2528,1931,2689,0
166,41,112,2528,526,1595,0
166,42,112,2528,2293,1825,0
166,43,112,2528,533,1404,0
166,44,112,2528,2655,608,0
166,45,112,2528,1891,927,0
166,46,112,2528,362,551,0
166,47,112,2528,517,432,0
166,48,112,2528,554,2611,0
166,49,112,2528,2495,1015,0
166,50,112,2528,582,952,0
166,51,112,2528,2325,1655,0
166,52,112,2528,627,564,0
166,53,112,2528,118,1718,0
166,54,112,2528,1703,700,0
166,55,112,2528,1698,1595,0
166,56,112,2528,2867,2916,0
166,57,112,2528,2436,1514,0
166,58,112,2528,2012,2768,0
166,59,112,2528,2307,1019,0
166,60,112,2528,59,2441,1
166,61,112,2528,1399,1108,0
166,62,112,2528,2643,1912,0
166,63,112,2528,2219,2119,0
166,64,112,2528,2401,2202,0
166,65,112,2528,387,1838,0
166,66,112,2528,1601,1532,0
166,67,112,2528,2837,72,0
166,68,112,2528,1391,2951,0
166,69,112,2528,595,1317,0
166,70,112,2528,2920,540,0
166,71,112,2528,2816,2465,0
166,72,112,2528,2231,1907,0
166,73,112,2528,1470,2429,0
166,74,112,2528,2847,1382,0
166,75,112,2528,1398,2370,0
166,76,112,2528,1762,2756,0
166,77,112,2528,95,1819,0
166,78,112,2528,2814,2784,0
166,79,112,2528,2728,847,0
166,80,112,2528,1380,2542,0
166,81,112,2528,1722,2778,0
166,82,112,2528,2181,2634,0
166,83,112,2528,2405,2720,0
166,84,112,2528,2862,2797,0
166,85,112,2528,598,2000,0
166,86,112,2528,2675,1916,0
166,87,112,2528,2094,513,0
166,88,112,2528,89,2129,0
166,89,112,2528,1347,973,0
166,90,112,2528,1412,647,0
166,91,112,2528,2716,1699,0
166,92,112,2528,2679,301,0
166,93,112,2528,2086,1982,0
166,94,112,2528,750,2399,0
166,95,112,2528,503,2249,0
166,96,112,2528,1529,2820,0
166,97,112,2528,116,1176,0
166,98,112,2528,692,2813,0
166,99,112,2528,231,639,0
166,100,112,2528,2740,2598,0
166,101,112,2528,224,2208,0
166,102,112,2528,1683,724,0
166,103,112,2528,1276,2330,0
166,104,112,2528,107,933,0
166,105,112,2528,1480,2153,0
166,106,112,2528,891,1933,0
166,107,112,2528,2849,2170,0
166,108,112,2528,1226,2205,0
166,109,112,2528,1117,460,0
166,110,112,2528,1597,111,0
166,111,112,2528,2174,2704,0
166,112,112,2528,811,90,0
166,113,112,2528,260,692,0
166,114,112,2528,1967,1969,0
166,115,112,2528,1133,2946,0
166,116,112,2528,786,2901,0
166,117,112,2528,312,1389,0
166,118,112,2528,2476,340,0
166,119,112,2528,2362,2436,0
166,120,112,2528,1679,1396,0
166,121,112,2528,2646,1977,0
166,122,112,2528,1769,2613,0
166,123,112,2528,636,2906,0
166,124,112,2528,2503,2888,0
166,125,112,2528,727,2051,0
166,126,112,2528,339,2092,0
166,127,112,2528,2559,1995,0
166,128,112,2528,1491,2896,0
166,129,112,2528,2256,1576,0
166,130,112,2528,335,2848,0
166,131,112,2528,1279,994,0
166,132,112,2528,191,2042,0
166,133,112,2528,2815,2594,0
166,134,112,2528,1341,659,0
166,135,112,2528,202,1952,0
166,136,112,2528,2049,235,0
166,137,112,2528,949,365,0
166,138,112,2528,442,484,0
166,139,112,2528,1496,989,0
166,140,112,2528,1432,2260,0
166,141,112,2528,378,1386,0
166,142,112,2528,251,778,0
166,143,112,2528,483,113,0
166,144,112,2528,2426,100,0
166,145,112,2528,2388,1563,0
166,146,112,2528,2427,2993,0
166,147,112,2528,1415,940,0
166,148,112,2528,40,1221,0
166,149,112,2528,415,137,0
166,150,112,2528,256,2140,0
166,151,112,2528,90,1522,0
166,152,112,2528,1589,989,0
166,153,112,2528,341,205,0
166,154,112,2528,883,1339,0
166,155,112,2528,280,1464,0
166,156,112,2528,1201,2822,0
166,157,112,2528,2942,1389,0
166,158,112,2528,1138,2750,0
166,159,112,2528,2639,1778,0
166,160,112,2528,662,429,0
166,161,112,2528,652,7,0
166,162,112,2528,2034,2057,0
166,163,112,2528,2854,2051,0
166,164,112,2528,1441,1791,0
166,165,112,2528,2428,256,0
166,167,112,2528,2873,2538,0
166,168,112,2528,2900,823,0
166,169,112,2528,263,2591,0
166,170,112,2528,486,2698,0
166,171,112,2528,568,150,0
166,172,112,2528,1194,2604,0
166,173,112,2528,1563,2193,0
166,174,112,2528,882,2764,0
166,175,112,2528,1800,2849,0
166,176,112,2528,58,2694,0
166,177,112,2528,2845,282,0
166,178,112,2528,2776,2400,0
166,179,112,2528,2493,1574,0
166,180,112,2528,1075,1910,0
166,181,112,2528,449,428,0
166,182,112,2528,2039,1945,0
166,183,112,2528,2887,271,0
166,184,112,2528,1400,2901,0
166,185,112,2528,2908,1118,0
166,186,112,2528,1650,1604,0
166,187,112,2528,2331,1718,0
166,188,112,2528,1439,133,0
166,189,112,2528,42,79,0
166,190,112,2528,1558,1707,0
166,191,112,2528,177,1143,0
166,192,112,2528,2585,1501,0
166,193,112,2528,888,374,0
166,194,112,2528,263,2834,0
166,195,112,2528,1595,2302,0
167,0,2873,2538,434,320,0
167,1,2873,2538,571,1612,0
167,2,2873,2538,135,2521,0
167,3,2873,2538,1047,2342,0
167,4,2873,2538,1231,1324,0
167,5,2873,2538,675,751,0
167,6,2873,2538,1122,987,0
167,7,2873,2538,242,2916,0
167,8,2873,2538,1743,2319,0
167,9,2873,2538,2618,754,0
167,10,2873,2538,2910,1478,0
167,11,2873,2538,2108,832,0
167,12,2873,2538,2,1143,0
167,13,2873,2538,1115,2279,0
167,14,2873,2538,1977,415,0
167,15,2873,2538,2226,1439,0
167,16,2873,2538,2325,1601,0
167,17,2873,2538,2489,1612,0
167,18,2873,2538,488,2077,0
167,19,2873,2538,1366,798,0
167,20,2873,2538,190,1364,0
167,21,2873,2538,2898,1873,0
167,22,2873,2538,2802,484,0
167,23,2873,2538,1769,1361,0
167,24,2873,2538,1719,2907,0
167,25,2873,2538,203,816,0
167,26,2873,2538,1401,1966,0
167,27,2873,2538,565,2022,0
167,28,2873,2538,2418,1484,0
167,29,2873,2538,2744,2458,0
167,30,2873,2538,2840,2909,0
167,31,2873,2538,2633,2565,0
167,32,2873,2538,2705,1885,0
167,33,2873,2538,2153,2262,0
167,34,2873,2538,387,708,0
167,35,2873,2538,2510,1697,0
167,36,2873,2538,648,2898,0
167,37,2873,2538,652,1817,0
167,38,2873,2538,1578,698,0
167,39,2873,2538,2296,2101,0
167,40,2873,2538,1931,2689,0
167,41,2873,2538,526,1595,0
167,42,2873,2538,2293,1825,0
167,43,2873,2538,533,1404,0
167,44,2873,2538,2655,608,0
167,45,2873,2538,1891,927,0
167,46,2873,2538,362,551,0
167,47,2873,2538,517,432,0
167,48,2873,2538,554,2611,0
167,49,2873,2538,2495,1015,0
167,50,2873,2538,582,952,0
167,51,2873,2538,2325,1655,0
167,52,2873,2538,627,564,0
167,53,2873,2538,118,1718,0
167,54,2873,2538,1703,700,0
167,55,2873,2538,1698,1595,0
167,56,2873,2538,2867,2916,0
167,57,2873,2538,2436,1514,0
167,58,2873,2538,2012,2768,0
167,59,2873,2538,2307,1019,0
167,60,2873,2538,59,2441,0
167,61,2873,2538,1399,1108,0
167,62,2873,2538,2643,1912,0
167,63,2873,2538,2219,2119,0
167,64,2873,2538,2401,2202,0
167,65,2873,2538,387,1838,0
167,66,2873,2538,1601,1532,0
167,67,2873,2538,2837,72,0
167,68,2873,2538,1391,2951,0
167,69,2873,2538,595,1317,0
167,70,2873,2538,2920,540,0
167,71,2873,2538,2816,2465,0
167,72,2873,2538,2231,1907,0
167,73,2873,2538,1470,2429,0
167,74,2873,2538,2847,1382,0
167,75,2873,2538,1398,2370,0
167,76,2873,2538,1762,2756,0
167,77,2873,2538,95,1819,0
167,78,2873,2538,2814,2784,0
167,79,2873,2538,2728,847,0
167,80,2873,2538,1380,2542,0
167,81,2873,2538,1722,2778,0
167,82,2873,2538,2181,2634,0
167,83,2873,2538,2405,2720,0
167,84,2873,2538,2862,2797,0
167,85,2873,2538,598,2000,0
167,86,2873,2538,2675,1916,0
167,87,2873,2538,2094,513,0
167,88,2873,2538,89,2129,0
167,89,2873,2538,1347,973,0
167,90,2873,2538,1412,647,0
167,91,2873,2538,2716,1699,0
167,92,2873,2538,2679,301,0
167,93,2873,2538,2086,1982,0
167,94,2873,2538,750,2399,0
167,95,2873,2538,503,2249,0
167,96,2873,2538,1529,2820,0
167,97,2873,2538,116,1176,0
167,98,2873,2538,692,2813,0
167,99,2873,2538,231,639,0
167,100,2873,2538,2740,2598,0
167,101,2873,2538,224,2208,0
167,102,2873,2538,1683,724,0
167,103,2873,2538,1276,2330,0
167,104,2873,2538,107,933,0
167,105,2873,2538,1480,2153,0
167,106,2873,2538,891,1933,0
167,107,2873,2538,2849,2170,0
167,108,2873,2538,1226,2205,0
167,109,2873,2538,1117,460,0
167,110,2873,2538,1597,111,0
167,111,2873,2538,2174,2704,0
167,112,2873,2538,811,90,0
167,113,2873,2538,260,692,0
167,114,2873,2538,1967,1969,0
167,115,2873,2538,1133,2946,0
167,116,2873,2538,786,2901,0
167,117,2873,2538,312,1389,0
167,118,2873,2538,2476,340,0
167,119,2873,2538,2362,2436,0
167,120,2873,2538,1679,1396,0
167,121,2873,2538,2646,1977,0
167,122,2873,2538,1769,2613,0
167,123,2873,2538,636,2906,0
167,124,2873,2538,2503,2888,0
167,125,2873,2538,727,2051,0
167,126,2873,2538,339,2092,0
167,127,2873,2538,2559,1995,0
167,128,2873,2538,1491,2896,0
167,129,2873,2538,2256,1576,0
167,130,2873,2538,335,2848,0
167,131,2873,2538,1279,994,0
167,132,2873,2538,191,2042,0
167,133,2873,2538,2815,2594,1
167,134,2873,2538,1341,659,0
167,135,2873,2538,202,1952,0
167,136,2873,2538,2049,235,0
167,137,2873,2538,949,365,0
167,138,2873,2538,442,484,0
167,139,2873,2538,1496,989,0
167,140,2873,2538,1432,2260,0
167,141,2873,2538,378,1386,0
167,142,2873,2538,251,778,0
167,143,2873,2538,483,113,0
167,144,2873,2538,2426,100,0
167,145,2873,2538,2388,1563,0
167,146,2873,2538,2427,2993,0
167,147,2873,2538,1415,940,0
167,148,2873,2538,40,1221,0
167,149,2873,2538,415,137,0
167,150,2873,2538,256,2140,0
167,151,2873,2538,90,1522,0
167,152,2873,2538,1589,989,0
167,153,2873,2538,341,205,0
167,154,2873,2538,883,1339,0
167,155,2873,2538,280,1464,0
167,156,2873,2538,1201,2822,0
167,157,2873,2538,2942,1389,0
167,158,2873,2538,1138,2750,0
167,159,2873,2538,2639,1778,0
167,160,2873,2538,662,429,0
167,161,2873,2538,652,7,0
167,162,2873,2538,2034,2057,0
167,163,2873,2538,2854,2051,0
167,164,2873,2538,1441,1791,0
167,165,2873,2538,2428,256,0
167,166,2873,2538,112,2528,0
167,168,2873,2538,2900,823,0
167,169,2873,2538,263,2591,0
167,170,2873,2538,486,2698,0
167,171,2873,2538,568,150,0
167,172,2873,2538,1194,2604,0
167,173,2873,2538,1563,2193,0
167,174,2873,2538,882,2764,0
167,175,2873,2538,1800,2849,0
167,176,2873,2538,58,2694,0
167,177,2873,2538,2845,282,0
167,178,2873,2538,2776,2400,0
167,179,2873,2538,2493,1574,0
167,180,2873,2538,1075,1910,0
167,181,2873,2538,449,428,0
167,182,2873,2538,2039,1945,0
167,183,2873,2538,2887,271,0
167,184,2873,2538,1400,2901,0
167,185,2873,2538,2908,1118,0
167,186,2873,2538,1650,1604,0
167,187,2873,2538,2331,1718,0
167,188,2873,2538,1439,133,0
167,189,2873,2538,42,79,0
167,190,2873,2538,1558,1707,0
167,191,2873,2538,177,1143,0
167,192,2873,2538,2585,1501,0
167,193,2873,2538,888,374,0
167,194,2873,2538,263,2834,0
167,195,2873,2538,1595,2302,0
168,0,2900,823,434,320,0
168,1,2900,823,571,1612,0
168,2,2900,823,135,2521,0
168,3,2900,823,1047,2342,0
168,4,2900,823,1231,1324,0
168,5,2900,823,675,751,0
168,6,2900,823,1122,987,0
168,7,2900,823,242,2916,0
168,8,2900,823,1743,2319,0
168,9,2900,823,2618,754,0
168,10,2900,823,2910,1478,0
168,11,2900,823,2108,832,0
168,12,2900,823,2,1143,0
168,13,2900,823,1115,2279,0
168,14,2900,823,1977,415,0
168,15,2900,823,2226,1439,0
168,16,2900,823,2325,1601,0
168,17,2900,823,2489,1612,0
168,18,2900,823,488,2077,0
168,19,2900,823,1366,798,0
168,20,2900,823,190,1364,0
168,21,2900,823,2898,1873,0
168,22,2900,823,2802,484,0
168,23,2900,823,1769,1361,0
168,24,2900,823,1719,2907,0
168,25,2900,823,203,816,0
168,26,2900,823,1401,1966,0
168,27,2900,823,565,2022,0
168,28,2900,823,2418,1484,0
168,29,2900,823,2744,2458,0
168,30,2900,823,2840,2909,0
168,31,2900,823,2633,2565,0
168,32,2900,823,2705,1885,0
168,33,2900,823,2153,2262,0
168,34,2900,823,387,708,0
168,35,2900,823,2510,1697,0
168,36,2900,823,648,2898,0
168,37,2900,823,652,1817,0
168,38,2900,823,1578,698,0
168,39,2900,823,2296,2101,0
168,40,2900,823,1931,2689,0
168,41,2900,823,526,1595,0
168,42,2900,823,2293,1825,0
168,43,2900,823,533,1404,0
168,44,2900,823,2655,608,0
168,45,2900,823,1891,927,0
168,46,2900,823,362,551,0
168,47,2900,823,517,432,0
168,48,2900,823,554,2611,0
168,49,2900,823,2495,1015,0
168,50,2900,823,582,952,0
168,51,2900,823,2325,1655,0
168,52,2900,823,627,564,0
168,53,2900,823,118,1718,0
168,54,2900,823,1703,700,0
168,55,2900,823,1698,1595,0
168,56,2900,823,2867,2916,0
168,57,2900,823,2436,1514,0
168,58,2900,823,2012,2768,0
168,59,2900,823,2307,1019,0
168,60,2900,823,59,2441,0
168,61,2900,823,1399,1108,0
168,62,2900,823,2643,1912,0
168,63,2900,823,2219,2119,0
168,64,2900,823,2401,2202,0
168,65,2900,823,387,1838,0
168,66,2900,823,1601,1532,0
168,67,2900,823,2837,72,0
168,68,2900,823,1391,2951,0
168,69,2900,823,595,1317,0
168,70,2900,823,2920,540,0
168,71,2900,823,2816,2465,0
168,72,2900,823,2231,1907,0
168,73,2900,823,1470,2429,0
168,74,2900,823,2847,1382,0
168,75,2900,823,1398,2370,0
168,76,2900,823,1762,2756,0
168,77,2900,823,95,1819,0
168,78,2900,823,2814,2784,0
168,79,2900,823,2728,847,0
168,80,2900,823,1380,2542,0
168,81,2900,823,1722,2778,0
168,82,2900,823,2181,2634,0
168,83,2900,823,2405,2720,0
168,84,2900,823,2862,2797,0
168,85,2900,823,598,2000,0
168,86,2900,823,2675,1916,0
168,87,2900,823,2094,513,0
168,88,2900,823,89,2129,0
168,89,2900,823,1347,973,0
168,90,2900,823,1412,647,0
168,91,2900,823,2716,1699,0
168,92,2900,823,2679,301,0
168,93,2900,823,2086,1982,0
168,94,2900,823,750,2399,0
168,95,2900,823,503,2249,0
168,96,2900,823,1529,2820,0
168,97,2900,823,116,1176,0
168,98,2900,823,692,2813,0
168,99,2900,823,231,639,0
168,100,2900,823,2740,2598,0
168,101,2900,823,224,2208,0
168,102,2900,823,1683,724,0
168,103,2900,823,1276,2330,0
168,104,2900,823,107,933,0
168,105,2900,823,1480,2153,0
168,106,2900,823,891,1933,0
168,107,2900,823,2849,2170,0
168,108,2900,823,1226,2205,0
168,109,2900,823,1117,460,0
168,110,2900,823,1597,111,0
168,111,2900,823,2174,2704,0
168,112,2900,823,811,90,0
168,113,2900,823,260,692,0
168,114,2900,823,1967,1969,0
168,115,2900,823,1133,2946,0
168,116,2900,823,786,2901,0
168,117,2900,823,312,1389,0
168,118,2900,823,2476,340,0
168,119,2900,823,2362,2436,0
168,120,2900,823,1679,1396,0
168,121,2900,823,2646,1977,0
168,122,2900,823,1769,2613,0
168,123,2900,823,636,2906,0
168,124,2900,823,2503,2888,0
168,125,2900,823,727,2051,0
168,126,2900,823,339,2092,0
168,127,2900,823,2559,1995,0
168,128,2900,823,1491,2896,0
168,129,2900,823,2256,1576,0
168,130,2900,823,335,2848,0
168,131,2900,823,1279,994,0
168,132,2900,823,191,2042,0
168,133,2900,823,2815,2594,0
168,134,2900,823,1341,659,0
168,135,2900,823,202,1952,0
168,136,2900,823,2049,235,0
168,137,2900,823,949,365,0
168,138,2900,823,442,484,0
168,139,2900,823,1496,989,0
168,140,2900,823,1432,2260,0
168,141,2900,823,378,1386,0
168,142,2900,823,251,778,0
168,143,2900,823,483,113,0
168,144,2900,823,2426,100,0
168,145,2900,823,2388,1563,0
168,146,2900,823,2427,2993,0
168,147,2900,823,1415,940,0
168,148,2900,823,40,1221,0
168,149,2900,823,415,137,0
168,150,2900,823,256,2140,0
168,151,2900,823,90,1522,0
168,152,2900,823,1589,989,0
168,153,2900,823,341,205,0
168,154,2900,823,883,1339,0
168,155,2900,823,280,1464,0
168,156,2900,823,1201,2822,0
168,157,2900,823,2942,1389,0
168,158,2900,823,1138,2750,0
168,159,2900,823,2639,1778,0
168,160,2900,823,662,429,0
168,161,2900,823,652,7,0
168,162,2900,823,2034,2057,0
168,163,2900,823,2854,2051,0
168,164,2900,823,1441,1791,0
168,165,2900,823,2428,256,0
168,166,2900,823,112,2528,0
168,167,2900,823,2873,2538,0
168,169,2900,823,263,2591,0
168,170,2900,823,486,2698,0
168,171,2900,823,568,150,0
168,172,2900,823,1194,2604,0
168,173,2900,823,1563,2193,0
168,174,2900,823,882,2764,0
168,175,2900,823,1800,2849,0
168,176,2900,823,58,2694,0
168,177,2900,823,2845,282,0
168,178,2900,823,2776,2400,0
168,179,2900,823,2493,1574,0
168,180,2900,823,1075,1910,0
168,181,2900,823,449,428,0
168,182,2900,823,2039,1945,0
168,183,2900,823,2887,271,0
168,184,2900,823,1400,2901,0
168,185,2900,823,2908,1118,1
168,186,2900,823,1650,1604,0
168,187,2900,823,2331,1718,0
168,188,2900,823,1439,133,0
168,189,2900,823,42,79,0
168,190,2900,823,1558,1707,0
168,191,2900,823,177,1143,0
168,192,2900,823,2585,1501,0
168,193,2900,823,888,374,0
168,194,2900,823,263,2834,0
168,195,2900,823,1595,2302,0
169,0,263,2591,434,320,0
169,1,263,2591,571,1612,0
169,2,263,2591,135,2521,1
169,3,263,2591,1047,2342,0
169,4,263,2591,1231,1324,0
169,5,263,2591,675,751,0
169,6,263,2591,1122,987,0
169,7,263,2591,242,2916,0
169,8,263,2591,1743,2319,0
169,9,263,2591,2618,754,0
169,10,263,2591,2910,1478,0
169,11,263,2591,2108,832,0
169,12,263,2591,2,1143,0
169,13,263,2591,1115,2279,0
169,14,263,2591,1977,415,0
169,15,263,2591,2226,1439,0
169,16,263,2591,2325,1601,0
169,17,263,2591,2489,1612,0
169,18,263,2591,488,2077,0
169,19,263,2591,1366,798,0
169,20,263,2591,190,1364,0
169,21,263,2591,2898,1873,0
169,22,263,2591,2802,484,0
169,23,263,2591,1769,1361,0
169,24,263,2591,1719,2907,0
169,25,263,2591,203,816,0
169,26,263,2591,1401,1966,0
169,27,263,2591,565,2022,0
169,28,263,2591,2418,1484,0
169,29,263,2591,2744,2458,0
169,30,263,2591,2840,2909,0
169,31,263,2591,2633,2565,0
169,32,263,2591,2705,1885,0
169,33,263,2591,2153,2262,0
169,34,263,2591,387,708,0
169,35,263,2591,2510,1697,0
169,36,263,2591,648,2898,0
169,37,263,2591,652,1817,0
169,38,263,2591,1578,698,0
169,39,263,2591,2296,2101,0
169,40,263,2591,1931,2689,0
169,41,263,2591,526,1595,0
169,42,263,2591,2293,1825,0
169,43,263,2591,533,1404,0
169,44,263,2591,2655,608,0
169,45,263,2591,1891,927,0
169,46,263,2591,362,551,0
169,47,263,2591,517,432,0
169,48,263,2591,554,2611,0
169,49,263,2591,2495,1015,0
169,50,263,2591,582,952,0
169,51,263,2591,2325,1655,0
169,52,263,2591,627,564,0
169,53,263,2591,118,1718,0
169,54,263,2591,1703,700,0
169,55,263,2591,1698,1595,0
169,56,263,2591,2867,2916,0
169,57,263,2591,2436,1514,0
169,58,263,2591,2012,2768,0
169,59,263,2591,2307,1019,0
169,60,263,2591,59,2441,0
169,61,263,2591,1399,1108,0
169,62,263,2591,2643,1912,0
169,63,263,2591,2219,2119,0
169,64,263,2591,2401,2202,0
169,65,263,2591,387,1838,0
169,66,263,2591,1601,1532,0
169,67,263,2591,2837,72,0
169,68,263,2591,1391,2951,0
169,69,263,2591,595,1317,0
169,70,263,2591,2920,540,0
169,71,263,2591,2816,2465,0
169,72,263,2591,2231,1907,0
169,73,263,2591,1470,2429,0
169,74,263,2591,2847,1382,0
169,75,263,2591,1398,2370,0
169,76,263,2591,1762,2756,0
169,77,263,2591,95,1819,0
169,78,263,2591,2814,2784,0
169,79,263,2591,2728,847,0
169,80,263,2591,1380,2542,0
169,81,263,2591,1722,2778,0
169,82,263,2591,2181,2634,0
169,83,263,2591,2405,2720,0
169,84,263,2591,2862,2797,0
169,85,263,2591,598,2000,0
169,86,263,2591,2675,1916,0
169,87,263,2591,2094,513,0
169,88,263,2591,89,2129,0
169,89,263,2591,1347,973,0
169,90,263,2591,1412,647,0
169,91,263,2591,2716,1699,0
169,92,263,2591,2679,301,0
169,93,263,2591,2086,1982,0
169,94,263,2591,750,2399,0
169,95,263,2591,503,2249,0
169,96,263,2591,1529,2820,0
169,97,263,2591,116,1176,0
169,98,263,2591,692,2813,0
169,99,263,2591,231,639,0
169,100,263,2591,2740,2598,0
169,101,263,2591,224,2208,0
169,102,263,2591,1683,724,0
169,103,263,2591,1276,2330,0
169,104,263,2591,107,933,0
169,105,263,2591,1480,2153,0
169,106,263,2591,891,1933,0
169,107,263,2591,2849,2170,0
169,108,263,2591,1226,2205,0
169,109,263,2591,1117,460,0
169,110,263,2591,1597,111,0
169,111,263,2591,2174,2704,0
169,112,263,2591,811,90,0
169,113,263,2591,260,692,0
169,114,263,2591,1967,1969,0
169,115,263,2591,1133,2946,0
169,116,263,2591,786,2901,0
169,117,263,2591,312,1389,0
169,118,263,2591,2476,340,0
169,119,263,2591,2362,2436,0
169,120,263,2591,1679,1396,0
169,121,263,2591,2646,1977,0
169,122,263,2591,1769,2613,0
169,123,263,2591,636,2906,0
169,124,263,2591,2503,2888,0
169,125,263,2591,727,2051,0
169,126,263,2591,339,2092,0
169,127,263,2591,2559,1995,0
169,128,263,2591,1491,2896,0
169,129,263,2591,2256,1576,0
169,130,263,2591,335,2848,0
169,131,263,2591,1279,994,0
169,132,263,2591,191,2042,0
169,133,263,2591,2815,2594,0
169,134,263,2591,1341,659,0
169,135,263,2591,202,1952,0
169,136,263,2591,2049,235,0
169,137,263,2591,949,365,0
169,138,263,2591,442,484,0
169,139,263,2591,1496,989,0
169,140,263,2591,1432,2260,0
169,141,263,2591,378,1386,0
169,142,263,2591,251,778,0
169,143,263,2591,483,113,0
169,144,263,2591,2426,100,0
169,145,263,2591,2388,1563,0
169,146,263,2591,2427,2993,0
169,147,263,2591,1415,940,0
169,148,263,2591,40,1221,0
169,149,263,2591,415,137,0
169,150,263,2591,256,2140,0
169,151,263,2591,90,1522,0
169,152,263,2591,1589,989,0
169,153,263,2591,341,205,0
169,154,263,2591,883,1339,0
169,155,263,2591,280,1464,0
169,156,263,2591,1201,2822,0
169,157,263,2591,2942,1389,0
169,158,263,2591,1138,2750,0
169,159,263,2591,2639,1778,0
169,160,263,2591,662,429,0
169,161,263,2591,652,7,0
169,162,263,2591,2034,2057,0
169,163,263,2591,2854,2051,0
169,164,263,2591,1441,1791,0
169,165,263,2591,2428,256,0
169,166,263,2591,112,2528,0
169,167,263,2591,2873,2538,0
169,168,263,2591,2900,823,0
169,170,263,2591,486,2698,0
169,171,263,2591,568,150,0
169,172,263,2591,1194,2604,0
169,173,263,2591,1563,2193,0
169,174,263,2591,882,2764,0
169,175,263,2591,1800,2849,0
169,176,263,2591,58,2694,0
169,177,263,2591,2845,282,0
169,178,263,2591,2776,2400,0
169,179,263,2591,2493,1574,0
169,180,263,2591,1075,1910,0
169,181,263,2591,449,428,0
169,182,263,2591,2039,1945,0
169,183,263,2591,2887,271,0
169,184,263,2591,1400,2901,0
169,185,263,2591,2908,1118,0
169,186,263,2591,1650,1604,0
169,187,263,2591,2331,1718,0
169,188,263,2591,1439,133,0
169,189,263,2591,42,79,0
169,190,263,2591,1558,1707,0
169,191,263,2591,177,1143,0
169,192,263,2591,2585,1501,0
169,193,263,2591,888,374,0
169,194,263,2591,263,2834,0
169,195,263,2591,1595,2302,0
170,0,486,2698,434,320,0
170,1,486,2698,571,1612,0
170,2,486,2698,135,2521,0
170,3,486,2698,1047,2342,0
170,4,486,2698,1231,1324,0
170,5,486,2698,675,751,0
170,6,486,2698,1122,987,0
170,7,486,2698,242,2916,0
170,8,486,2698,1743,2319,0
170,9,486,2698,2618,754,0
170,10,486,2698,2910,1478,0
170,11,486,2698,2108,832,0
170,12,486,2698,2,1143,0
170,13,486,2698,1115,2279,0
170,14,486,2698,1977,415,0
170,15,486,2698,2226,1439,0
170,16,486,2698,2325,1601,0
170,17,486,2698,2489,1612,0
170,18,486,2698,488,2077,0
170,19,486,2698,1366,798,0
170,20,486,2698,190,1364,0
170,21,486,2698,2898,1873,0
170,22,486,2698,2802,484,0
170,23,486,2698,1769,1361,0
170,24,486,2698,1719,2907,0
170,25,486,2698,203,816,0
170,26,486,2698,1401,1966,0
170,27,486,2698,565,2022,0
170,28,486,2698,2418,1484,0
170,29,486,2698,2744,2458,0
170,30,486,2698,2840,2909,0
170,31,486,2698,2633,2565,0
170,32,486,2698,2705,1885,0
170,33,486,2698,2153,2262,0
170,34,486,2698,387,708,0
170,35,486,2698,2510,1697,0
170,36,486,2698,648,2898,0
170,37,486,2698,652,1817,0
170,38,486,2698,1578,698,0
170,39,486,2698,2296,2101,0
170,40,486,2698,1931,2689,0
170,41,486,2698,526,1595,0
170,42,486,2698,2293,1825,0
170,43,486,2698,533,1404,0
170,44,486,2698,2655,608,0
170,45,486,2698,1891,927,0
170,46,486,2698,362,551,0
170,47,486,2698,517,432,0
170,48,486,2698,554,2611,0
170,49,486,2698,2495,1015,0
170,50,486,2698,582,952,0
170,51,486,2698,2325,1655,0
170,52,486,2698,627,564,0
170,53,486,2698,118,1718,0
170,54,486,2698,1703,700,0
170,55,486,2698,1698,1595,0
170,56,486,2698,2867,2916,0
170,57,486,2698,2436,1514,0
170,58,486,2698,2012,2768,0
170,59,486,2698,2307,1019,0
170,60,486,2698,59,2441,0
170,61,486,2698,1399,1108,0
170,62,486,2698,2643,1912,0
170,63,486,2698,2219,2119,0
170,64,486,2698,2401,2202,0
170,65,486,2698,387,1838,0
170,66,486,2698,1601,1532,0
170,67,486,2698,2837,72,0
170,68,486,2698,1391,2951,0
170,69,486,2698,595,1317,0
170,70,486,2698,2920,540,0
170,71,486,2698,2816,2465,0
170,72,486,2698,2231,1907,0
170,73,486,2698,1470,2429,0
170,74,486,2698,2847,1382,0
170,75,486,2698,1398,2370,0
170,76,486,2698,1762,2756,0
170,77,486,2698,95,1819,0
170,78,486,2698,2814,2784,0
170,79,486,2698,2728,847,0
170,80,486,2698,1380,2542,0
170,81,486,2698,1722,2778,0
170,82,486,2698,2181,2634,0
170,83,486,2698,2405,2720,0
170,84,486,2698,2862,2797,0
170,85,486,2698,598,2000,0
170,86,486,2698,2675,1916,0
170,87,486,2698,2094,513,0
170,88,486,2698,89,2129,0
170,89,486,2698,1347,973,0
170,90,486,2698,1412,647,0
170,91,486,2698,2716,1699,0
170,92,486,2698,2679,301,0
170,93,486,2698,2086,1982,0
170,94,486,2698,750,2399,0
170,95,486,2698,503,2249,0
170,96,486,2698,1529,2820,0
170,97,486,2698,116,1176,0
170,98,486,2698,692,2813,0
170,99,486,2698,231,639,0
170,100,486,2698,2740,2598,0
170,101,486,2698,224,2208,0
170,102,486,2698,1683,724,0
170,103,486,2698,1276,2330,0
170,104,486,2698,107,933,0
170,105,486,2698,1480,2153,0
170,106,486,2698,891,1933,0
170,107,486,2698,2849,2170,0
170,108,486,2698,1226,2205,0
170,109,486,2698,1117,460,0
170,110,486,2698,1597,111,0
170,111,486,2698,2174,2704,0
170,112,486,2698,811,90,0
170,113,486,2698,260,692,0
170,114,486,2698,1967,1969,0
170,115,486,2698,1133,2946,0
170,116,486,2698,786,2901,0
170,117,486,2698,312,1389,0
170,118,486,2698,2476,340,0
170,119,486,2698,2362,2436,0
170,120,486,2698,1679,1396,0
170,121,486,2698,2646,1977,0
170,122,486,2698,1769,2613,0
170,123,486,2698,636,2906,0
170,124,486,2698,2503,2888,0
170,125,486,2698,727,2051,0
170,126,486,2698,339,2092,0
170,127,486,2698,2559,1995,0
170,128,486,2698,1491,2896,0
170,129,486,2698,2256,1576,0
170,130,486,2698,335,2848,1
170,131,486,2698,1279,994,0
170,132,486,2698,191,2042,0
170,133,486,2698,2815,2594,0
170,134,486,2698,1341,659,0
170,135,486,2698,202,1952,0
170,136,486,2698,2049,235,0
170,137,486,2698,949,365,0
170,138,486,2698,442,484,0
170,139,486,2698,1496,989,0
170,140,486,2698,1432,2260,0
170,141,486,2698,378,1386,0
170,142,486,2698,251,778,0
170,143,486,2698,483,113,0
170,144,486,2698,2426,100,0
170,145,486,2698,2388,1563,0
170,146,486,2698,2427,2993,0
170,147,486,2698,1415,940,0
170,148,486,2698,40,1221,0
170,149,486,2698,415,137,0
170,150,486,2698,256,2140,0
170,151,486,2698,90,1522,0
170,152,486,2698,1589,989,0
170,153,486,2698,341,205,0
170,154,486,2698,883,1339,0
170,155,486,2698,280,1464,0
170,156,486,2698,1201,2822,0
170,157,486,2698,2942,1389,0
170,158,486,2698,1138,2750,0
170,159,486,2698,2639,1778,0
170,160,486,2698,662,429,0
170,161,486,2698,652,7,0
170,162,486,2698,2034,2057,0
170,163,486,2698,2854,2051,0
170,164,486,2698,1441,1791,0
170,165,486,2698,2428,256,0
170,166,486,2698,112,2528,0
170,167,486,2698,2873,2538,0
170,168,486,2698,2900,823,0
170,169,486,2698,263,2591,0
170,171,486,2698,568,150,0
170,172,486,2698,1194,2604,0
170,173,486,2698,1563,2193,0
170,174,486,2698,882,2764,0
170,175,486,2698,1800,2849,0
170,176,486,2698,58,2694,0
170,177,486,2698,2845,282,0
170,178,486,2698,2776,2400,0
170,179,486,2698,2493,1574,0
170,180,486,2698,1075,1910,0
170,181,486,2698,449,428,0
170,182,486,2698,2039,1945,0
170,183,486,2698,2887,271,0
170,184,486,2698,1400,2901,0
170,185,486,2698,2908,1118,0
170,186,486,2698,1650,1604,0
170,187,486,2698,2331,1718,0
170,188,486,2698,1439,133,0
170,189,486,2698,42,79,0
170,190,486,2698,1558,1707,0
170,191,486,2698,177,1143,0
170,192,486,2698,2585,1501,0
170,193,486,2698,888,374,0
170,194,486,2698,263,2834,0
170,195,486,2698,1595,2302,0
171,0,568,150,434,320,0
171,1,568,150,571,1612,0
171,2,568,150,135,2521,0
171,3,568,150,1047,2342,0
171,4,568,150,1231,1324,0
171,5,568,150,675,751,0
171,6,568,150,1122,987,0
171,7,568,150,242,2916,0
171,8,568,150,1743,2319,0
171,9,568,150,2618,754,0
171,10,568,150,2910,1478,0
171,11,568,150,2108,832,0
171,12,568,150,2,1143,0
171,13,568,150,1115,2279,0
171,14,568,150,1977,415,0
171,15,568,150,2226,1439,0
171,16,568,150,2325,1601,0
171,17,568,150,2489,1612,0
171,18,568,150,488,2077,0
171,19,568,150,1366,798,0
171,20,568,150,190,1364,0
171,21,568,150,2898,1873,0
171,22,568,150,2802,484,0
171,23,568,150,1769,1361,0
171,24,568,150,1719,2907,0
171,25,568,150,203,816,0
171,26,568,150,1401,1966,0
171,27,568,150,565,2022,0
171,28,568,150,2418,1484,0
171,29,568,150,2744,2458,0
171,30,568,150,2840,2909,0
171,31,568,150,2633,2565,0
171,32,568,150,2705,1885,0
171,33,568,150,2153,2262,0
171,34,568,150,387,708,0
171,35,568,150,2510,1697,0
171,36,568,150,648,2898,0
171,37,568,150,652,1817,0
171,38,568,150,1578,698,0
171,39,568,150,2296,2101,0
171,40,568,150,1931,2689,0
171,41,568,150,526,1595,0
171,42,568,150,2293,1825,0
171,43,568,150,533,1404,0
171,44,568,150,2655,608,0
171,45,568,150,1891,927,0
171,46,568,150,362,551,0
171,47,568,150,517,432,0
171,48,568,150,554,2611,0
171,49,568,150,2495,1015,0
171,50,568,150,582,952,0
171,51,568,150,2325,1655,0
171,52,568,150,627,564,0
171,53,568,150,118,1718,0
171,54,568,150,1703,700,0
171,55,568,150,1698,1595,0
171,56,568,150,2867,2916,0
171,57,568,150,2436,1514,0
171,58,568,150,2012,2768,0
171,59,568,150,2307,1019,0
171,60,568,150,59,2441,0
171,61,568,150,1399,1108,0
171,62,568,150,2643,1912,0
171,63,568,150,2219,2119,0
171,64,568,150,2401,2202,0
171,65,568,150,387,1838,0
171,66,568,150,1601,1532,0
171,67,568,150,2837,72,0
171,68,568,150,1391,2951,0
171,69,568,150,595,1317,0
171,70,568,150,2920,540,0
171,71,568,150,2816,2465,0
171,72,568,150,2231,1907,0
171,73,568,150,1470,2429,0
171,74,568,150,2847,1382,0
171,75,568,150,1398,2370,0
171,76,568,150,1762,2756,0
171,77,568,150,95,1819,0
171,78,568,150,2814,2784,0
171,79,568,150,2728,847,0
171,80,568,150,1380,2542,0
171,81,568,150,1722,2778,0
171,82,568,150,2181,2634,0
171,83,568,150,2405,2720,0
171,84,568,150,2862,2797,0
171,85,568,150,598,2000,0
171,86,568,150,2675,1916,0
171,87,568,150,2094,513,0
171,88,568,150,89,2129,0
171,89,568,150,1347,973,0
171,90,568,150,1412,647,0
171,91,568,150,2716,1699,0
171,92,568,150,2679,301,0
171,93,568,150,2086,1982,0
171,94,568,150,750,2399,0
171,95,568,150,503,2249,0
171,96,568,150,1529,2820,0
171,97,568,150,116,1176,0
171,98,568,150,692,2813,0
171,99,568,150,231,639,0
171,100,568,150,2740,2598,0
171,101,568,150,224,2208,0
171,102,568,150,1683,724,0
171,103,568,150,1276,2330,0
171,104,568,150,107,933,0
171,105,568,150,1480,2153,0
171,106,568,150,891,1933,0
171,107,568,150,2849,2170,0
171,108,568,150,1226,2205,0
171,109,568,150,1117,460,0
171,110,568,150,1597,111,0
171,111,568,150,2174,2704,0
171,112,568,150,811,90,0
171,113,568,150,260,692,0
171,114,568,150,1967,1969,0
171,115,568,150,1133,2946,0
171,116,568,150,786,2901,0
171,117,568,150,312,1389,0
171,118,568,150,2476,340,0
171,119,568,150,2362,2436,0
171,120,568,150,1679,1396,0
171,121,568,150,2646,1977,0
171,122,568,150,1769,2613,0
171,123,568,150,636,2906,0
171,124,568,150,2503,2888,0
171,125,568,150,727,2051,0
171,126,568,150,339,2092,0
171,127,568,150,2559,1995,0
171,128,568,150,1491,2896,0
171,129,568,150,2256,1576,0
171,130,568,150,335,2848,0
171,131,568,150,1279,994,0
171,132,568,150,191,2042,0
171,133,568,150,2815,2594,0
171,134,568,150,1341,659,0
171,135,568,150,202,1952,0
171,136,568,150,2049,235,0
171,137,568,150,949,365,0
171,138,568,150,442,484,0
171,139,568,150,1496,989,0
171,140,568,150,1432,2260,0
171,141,568,150,378,1386,0
171,142,568,150,251,778,0
171,143,568,150,483,113,0
171,144,568,150,2426,100,0
171,145,568,150,2388,1563,0
171,146,568,150,2427,2993,0
171,147,568,150,1415,940,0
171,148,568,150,40,1221,0
171,149,568,150,415,137,0
171,150,568,150,256,2140,0
171,151,568,150,90,1522,0
171,152,568,150,1589,989,0
171,153,568,150,341,205,0
171,154,568,150,883,1339,0
171,155,568,150,280,1464,0
171,156,568,150,1201,2822,0
171,157,568,150,2942,1389,0
171,158,568,150,1138,2750,0
171,159,568,150,2639,1778,0
171,160,568,150,662,429,0
171,161,568,150,652,7,1
171,162,568,150,2034,2057,0
171,163,568,150,2854,2051,0
171,164,568,150,1441,1791,0
171,165,568,150,2428,256,0
171,166,568,150,112,2528,0
171,167,568,150,2873,2538,0
171,168,568,150,2900,823,0
171,169,568,150,263,2591,0
171,170,568,150,486,2698,0
171,172,568,150,1194,2604,0
171,173,568,150,1563,2193,0
171,174,568,150,882,2764,0
171,175,568,150,1800,2849,0
171,176,568,150,58,2694,0
171,177,568,150,2845,282,0
171,178,568,150,2776,2400,0
171,179,568,150,2493,1574,0
171,180,568,150,1075,1910,0
171,181,568,150,449,428,0
171,182,568,150,2039,1945,0
171,183,568,150,2887,271,0
171,184,568,150,1400,2901,0
171,185,568,150,2908,1118,0
171,186,568,150,1650,1604,0
171,187,568,150,2331,1718,0
171,188,568,150,1439,133,0
171,189,568,150,42,79,0
171,190,568,150,1558,1707,0
171,191,568,150,177,1143,0
171,192,568,150,2585,1501,0
171,193,568,150,888,374,0
171,194,568,150,263,2834,0
171,195,568,150,1595,2302,0
172,0,1194,2604,434,320,0
172,1,1194,2604,571,1612,0
172,2,1194,2604,135,2521,0
172,3,1194,2604,1047,2342,0
172,4,1194,2604,1231,1324,0
172,5,1194,2604,675,751,0
172,6,1194,2604,1122,987,0
172,7,1194,2604,242,2916,0
172,8,1194,2604,1743,2319,0
172,9,1194,2604,2618,754,0
172,10,1194,2604,2910,1478,0
172,11,1194,2604,2108,832,0
172,12,1194,2604,2,1143,0
172,13,1194,2604,1115,2279,0
172,14,1194,2604,1977,415,0
172,15,1194,2604,2226,1439,0
172,16,1194,2604,2325,1601,0
172,17,1194,2604,2489,1612,0
172,18,1194,2604,488,2077,0
172,19,1194,2604,1366,798,0
172,20,1194,2604,190,1364,0
172,21,1194,2604,2898,1873,0
172,22,1194,2604,2802,484,0
172,23,1194,2604,1769,1361,0
172,24,1194,2604,1719,2907,0
172,25,1194,2604,203,816,0
172,26,1194,2604,1401,1966,0
172,27,1194,2604,565,2022,0
172,28,1194,2604,2418,1484,0
172,29,1194,2604,2744,2458,0
172,30,1194,2604,2840,2909,0
172,31,1194,2604,2633,2565,0
172,32,1194,2604,2705,1885,0
172,33,1194,2604,2153,2262,0
172,34,1194,2604,387,708,0
172,35,1194,2604,2510,1697,0
172,36,1194,2604,648,2898,0
172,37,1194,2604,652,1817,0
172,38,1194,2604,1578,698,0
172,39,1194,2604,2296,2101,0
172,40,1194,2604,1931,2689,0
172,41,1194,2604,526,1595,0
172,42,1194,2604,2293,1825,0
172,43,1194,2604,533,1404,0
172,44,1194,2604,2655,608,0
172,45,1194,2604,1891,927,0
172,46,1194,2604,362,551,0
172,47,1194,2604,517,432,0
172,48,1194,2604,554,2611,0
172,49,1194,2604,2495,1015,0
172,50,1194,2604,582,952,0
172,51,1194,2604,2325,1655,0
172,52,1194,2604,627,564,0
172,53,1194,2604,118,1718,0
172,54,1194,2604,1703,700,0
172,55,1194,2604,1698,1595,0
172,56,1194,2604,2867,2916,0
172,57,1194,2604,2436,1514,0
172,58,1194,2604,2012,2768,0
172,59,1194,2604,2307,1019,0
172,60,1194,2604,59,2441,0
172,61,1194,2604,1399,1108,0
172,62,1194,2604,2643,1912,0
172,63,1194,2604,2219,2119,0
172,64,1194,2604,2401,2202,0
172,65,1194,2604,387,1838,0
172,66,1194,2604,1601,1532,0
172,67,1194,2604,2837,72,0
172,68,1194,2604,1391,2951,0
172,69,1194,2604,595,1317,0
172,70,1194,2604,2920,540,0
172,71,1194,2604,2816,2465,0
172,72,1194,2604,2231,1907,0
172,73,1194,2604,1470,2429,0
172,74,1194,2604,2847,1382,0
172,75,1194,2604,1398,2370,0
172,76,1194,2604,1762,2756,0
172,77,1194,2604,95,1819,0
172,78,1194,2604,2814,2784,0
172,79,1194,2604,2728,847,0
172,80,1194,2604,1380,2542,1
172,81,1194,2604,1722,2778,0
172,82,1194,2604,2181,2634,0
172,83,1194,2604,2405,2720,0
172,84,1194,2604,2862,2797,0
172,85,1194,2604,598,2000,0
172,86,1194,2604,2675,1916,0
172,87,1194,2604,2094,513,0
172,88,1194,2604,89,2129,0
172,89,1194,2604,1347,973,0
172,90,1194,2604,1412,647,0
172,91,1194,2604,2716,1699,0
172,92,1194,2604,2679,301,0
172,93,1194,2604,2086,1982,0
172,94,1194,2604,750,2399,0
172,95,1194,2604,503,2249,0
172,96,1194,2604,1529,2820,0
172,97,1194,2604,116,1176,0
172,98,1194,2604,692,2813,0
172,99,1194,2604,231,639,0
172,100,1194,2604,2740,2598,0
172,101,1194,2604,224,2208,0
172,102,1194,2604,1683,724,0
172,103,1194,2604,1276,2330,0
172,104,1194,2604,107,933,0
172,105,1194,2604,1480,2153,0
172,106,1194,2604,891,1933,0
172,107,1194,2604,2849,2170,0
172,108,1194,2604,1226,2205,0
172,109,1194,2604,1117,460,0
172,110,1194,2604,1597,111,0
172,111,1194,2604,2174,2704,0
172,112,1194,2604,811,90,0
172,113,1194,2604,260,692,0
172,114,1194,2604,1967,1969,0
172,115,1194,2604,1133,2946,0
172,116,1194,2604,786,2901,0
172,117,1194,2604,312,1389,0
172,118,1194,2604,2476,340,0
172,119,1194,2604,2362,2436,0
172,120,1194,2604,1679,1396,0
172,121,1194,2604,2646,1977,0
172,122,1194,2604,1769,2613,0
172,123,1194,2604,636,2906,0
172,124,1194,2604,2503,2888,0
172,125,1194,2604,727,2051,0
172,126,1194,2604,339,2092,0
172,127,1194,2604,2559,1995,0
172,128,1194,2604,1491,2896,0
172,129,1194,2604,2256,1576,0
172,130,1194,2604,335,2848,0
172,131,1194,2604,1279,994,0
172,132,1194,2604,191,2042,0
172,133,1194,2604,2815,2594,0
172,134,1194,2604,1341,659,0
172,135,1194,2604,202,1952,0
172,136,1194,2604,2049,235,0
172,137,1194,2604,949,365,0
172,138,1194,2604,442,484,0
172,139,1194,2604,1496,989,0
172,140,1194,2604,1432,2260,0
172,141,1194,2604,378,1386,0
172,142,1194,2604,251,778,0
172,143,1194,2604,483,113,0
172,144,1194,2604,2426,100,0
172,145,1194,2604,2388,1563,0
172,146,1194,2604,2427,2993,0
172,147,1194,2604,1415,940,0
172,148,1194,2604,40,1221,0
172,149,1194,2604,415,137,0
172,150,1194,2604,256,2140,0
172,151,1194,2604,90,1522,0
172,152,1194,2604,1589,989,0
172,153,1194,2604,341,205,0
172,154,1194,2604,883,1339,0
172,155,1194,2604,280,1464,0
172,156,1194,2604,1201,2822,0
172,157,1194,2604,2942,1389,0
172,158,1194,2604,1138,2750,0
172,159,1194,2604,2639,1778,0
172,160,1194,2604,662,429,0
172,161,1194,2604,652,7,0
172,162,1194,2604,2034,2057,0
172,163,1194,2604,2854,2051,0
172,164,1194,2604,1441,1791,0
172,165,1194,2604,2428,256,0
172,166,1194,2604,112,2528,0
172,167,1194,2604,2873,2538,0
172,168,1194,2604,2900,823,0
172,169,1194,2604,263,2591,0
172,170,1194,2604,486,2698,0
172,171,1194,2604,568,150,0
172,173,1194,2604,1563,2193,0
172,174,1194,2604,882,2764,0
172,175,1194,2604,1800,2849,0
172,176,1194,2604,58,2694,0
172,177,1194,2604,2845,282,0
172,178,1194,2604,2776,2400,0
172,179,1194,2604,2493,1574,0
172,180,1194,2604,1075,1910,0
172,181,1194,2604,449,428,0
172,182,1194,2604,2039,1945,0
172,183,1194,2604,2887,271,0
172,184,1194,2604,1400,2901,0
172,185,1194,2604,2908,1118,0
172,186,1194,2604,1650,1604,0
172,187,1194,2604,2331,1718,0
172,188,1194,2604,1439,133,0
172,189,1194,2604,42,79,0
172,190,1194,2604,1558,1707,0
172,191,1194,2604,177,1143,0
172,192,1194,2604,2585,1501,0
172,193,1194,2604,888,374,0
172,194,1194,2604,263,2834,0
172,195,1194,2604,1595,2302,0
173,0,1563,2193,434,320,0
173,1,1563,2193,571,1612,0
173,2,1563,2193,135,2521,0
173,3,1563,2193,1047,2342,0
173,4,1563,2193,1231,1324,0
173,5,1563,2193,675,751,0
173,6,1563,2193,1122,987,0
173,7,1563,2193,242,2916,0
173,8,1563,2193,1743,2319,0
173,9,1563,2193,2618,754,0
173,10,1563,2193,2910,1478,0
173,11,1563,2193,2108,832,0
173,12,1563,2193,2,1143,0
173,13,1563,2193,1115,2279,0
173,14,1563,2193,1977,415,0
173,15,1563,2193,2226,1439,0
173,16,1563,2193,2325,1601,0
173,17,1563,2193,2489,1612,0
173,18,1563,2193,488,2077,0
173,19,1563,2193,1366,798,0
173,20,1563,2193,190,1364,0
173,21,1563,2193,2898,1873,0
173,22,1563,2193,2802,484,0
173,23,1563,2193,1769,1361,0
173,24,1563,2193,1719,2907,0
173,25,1563,2193,203,816,0
173,26,1563,2193,1401,1966,0
173,27,1563,2193,565,2022,0
173,28,1563,2193,2418,1484,0
173,29,1563,2193,2744,2458,0
173,30,1563,2193,2840,2909,0
173,31,1563,2193,2633,2565,0
173,32,1563,2193,2705,1885,0
173,33,1563,2193,2153,2262,0
173,34,1563,2193,387,708,0
173,35,1563,2193,2510,1697,0
173,36,1563,2193,648,2898,0
173,37,1563,2193,652,1817,0
173,38,1563,2193,1578,698,0
173,39,1563,2193,2296,2101,0
173,40,1563,2193,1931,2689,0
173,41,1563,2193,526,1595,0
173,42,1563,2193,2293,1825,0
173,43,1563,2193,533,1404,0
173,44,1563,2193,2655,608,0
173,45,1563,2193,1891,927,0
173,46,1563,2193,362,551,0
173,47,1563,2193,517,432,0
173,48,1563,2193,554,2611,0
173,49,1563,2193,2495,1015,0
173,50,1563,2193,582,952,0
173,51,1563,2193,2325,1655,0
173,52,1563,2193,627,564,0
173,53,1563,2193,118,1718,0
173,54,1563,2193,1703,700,0
173,55,1563,2193,1698,1595,0
173,56,1563,2193,2867,2916,0
173,57,1563,2193,2436,1514,0
173,58,1563,2193,2012,2768,0
173,59,1563,2193,2307,1019,0
173,60,1563,2193,59,2441,0
173,61,1563,2193,1399,1108,0
173,62,1563,2193,2643,1912,0
173,63,1563,2193,2219,2119,0
173,64,1563,2193,2401,2202,0
173,65,1563,2193,387,1838,0
173,66,1563,2193,1601,1532,0
173,67,1563,2193,2837,72,0
173,68,1563,2193,1391,2951,0
173,69,1563,2193,595,1317,0
173,70,1563,2193,2920,540,0
173,71,1563,2193,2816,2465,0
173,72,1563,2193,2231,1907,0
173,73,1563,2193,1470,2429,0
173,74,1563,2193,2847,1382,0
173,75,1563,2193,1398,2370,0
173,76,1563,2193,1762,2756,0
173,77,1563,2193,95,1819,0
173,78,1563,2193,2814,2784,0
173,79,1563,2193,2728,847,0
173,80,1563,2193,1380,2542,0
173,81,1563,2193,1722,2778,0
173,82,1563,2193,2181,2634,0
173,83,1563,2193,2405,2720,0
173,84,1563,2193,2862,2797,0
173,85,1563,2193,598,2000,0
173,86,1563,2193,2675,1916,0
173,87,1563,2193,2094,513,0
173,88,1563,2193,89,2129,0
173,89,1563,2193,1347,973,0
173,90,1563,2193,1412,647,0
173,91,1563,2193,2716,1699,0
173,92,1563,2193,2679,301,0
173,93,1563,2193,2086,1982,0
173,94,1563,2193,750,2399,0
173,95,1563,2193,503,2249,0
173,96,1563,2193,1529,2820,0
173,97,1563,2193,116,1176,0
173,98,1563,2193,692,2813,0
173,99,1563,2193,231,639,0
173,100,1563,2193,2740,2598,0
173,101,1563,2193,224,2208,0
173,102,1563,2193,1683,724,0
173,103,1563,2193,1276,2330,0
173,104,1563,2193,107,933,0
173,105,1563,2193,1480,2153,1
173,106,1563,2193,891,1933,0
173,107,1563,2193,2849,2170,0
173,108,1563,2193,1226,2205,0
173,109,1563,2193,1117,460,0
173,110,1563,2193,1597,111,0
173,111,1563,2193,2174,2704,0
173,112,1563,2193,811,90,0
173,113,1563,2193,260,692,0
173,114,1563,2193,1967,1969,0
173,115,1563,2193,1133,2946,0
173,116,1563,2193,786,2901,0
173,117,1563,2193,312,1389,0
173,118,1563,2193,2476,340,0
173,119,1563,2193,2362,2436,0
173,120,1563,2193,1679,1396,0
173,121,1563,2193,2646,1977,0
173,122,1563,2193,1769,2613,0
173,123,1563,2193,636,2906,0
173,124,1563,2193,2503,2888,0
173,125,1563,2193,727,2051,0
173,126,1563,2193,339,2092,0
173,127,1563,2193,2559,1995,0
173,128,1563,2193,1491,2896,0
173,129,1563,2193,2256,1576,0
173,130,1563,2193,335,2848,0
173,131,1563,2193,1279,994,0
173,132,1563,2193,191,2042,0
173,133,1563,2193,2815,2594,0
173,134,1563,2193,1341,659,0
173,135,1563,2193,202,1952,0
173,136,1563,2193,2049,235,0
173,137,1563,2193,949,365,0
173,138,1563,2193,442,484,0
173,139,1563,2193,1496,989,0
173,140,1563,2193,1432,2260,0
173,141,1563,2193,378,1386,0
173,142,1563,2193,251,778,0
173,143,1563,2193,483,113,0
173,144,1563,2193,2426,100,0
173,145,1563,2193,2388,1563,0
173,146,1563,2193,2427,2993,0
173,147,1563,2193,1415,940,0
173,148,1563,2193,40,1221,0
173,149,1563,2193,415,137,0
173,150,1563,2193,256,2140,0
173,151,1563,2193,90,1522,0
173,152,1563,2193,1589,989,0
173,153,1563,2193,341,205,0
173,154,1563,2193,883,1339,0
173,155,1563,2193,280,1464,0
173,156,1563,2193,1201,2822,0
173,157,1563,2193,2942,1389,0
173,158,1563,2193,1138,2750,0
173,159,1563,2193,2639,1778,0
173,160,1563,2193,662,429,0
173,161,1563,2193,652,7,0
173,162,1563,2193,2034,2057,0
173,163,1563,2193,2854,2051,0
173,164,1563,2193,1441,1791,0
173,165,1563,2193,2428,256,0
173,166,1563,2193,112,2528,0
173,167,1563,2193,2873,2538,0
173,168,1563,2193,2900,823,0
173,169,1563,2193,263,2591,0
173,170,1563,2193,486,2698,0
173,171,1563,2193,568,150,0
173,172,1563,2193,1194,2604,0
173,174,1563,2193,882,2764,0
173,175,1563,2193,1800,2849,0
173,176,1563,2193,58,2694,0
173,177,1563,2193,2845,282,0
173,178,1563,2193,2776,2400,0
173,179,1563,2193,2493,1574,0
173,180,1563,2193,1075,1910,0
173,181,1563,2193,449,428,0
173,182,1563,2193,2039,1945,0
173,183,1563,2193,2887,271,0
173,184,1563,2193,1400,2901,0
173,185,1563,2193,2908,1118,0
173,186,1563,2193,1650,1604,0
173,187,1563,2193,2331,1718,0
173,188,1563,2193,1439,133,0
173,189,1563,2193,42,79,0
173,190,1563,2193,1558,1707,0
173,191,1563,2193,177,1143,0
173,192,1563,2193,2585,1501,0
173,193,1563,2193,888,374,0
173,194,1563,2193,263,2834,0
173,195,1563,2193,1595,2302,0
174,0,882,2764,434,320,0
174,1,882,2764,571,1612,0
174,2,882,2764,135,2521,0
174,3,882,2764,1047,2342,0
174,4,882,2764,1231,1324,0
174,5,882,2764,675,751,0
174,6,882,2764,1122,987,0
174,7,882,2764,242,2916,0
174,8,882,2764,1743,2319,0
174,9,882,2764,2618,754,0
174,10,882,2764,2910,1478,0
174,11,882,2764,2108,832,0
174,12,882,2764,2,1143,0
174,13,882,2764,1115,2279,0
174,14,882,2764,1977,415,0
174,15,882,2764,2226,1439,0
174,16,882,2764,2325,1601,0
174,17,882,2764,2489,1612,0
174,18,882,2764,488,2077,0
174,19,882,2764,1366,798,0
174,20,882,2764,190,1364,0
174,21,882,2764,2898,1873,0
174,22,882,2764,2802,484,0
174,23,882,2764,1769,1361,0
174,24,882,2764,1719,2907,0
174,25,882,2764,203,816,0
174,26,882,2764,1401,1966,0
174,27,882,2764,565,2022,0
174,28,882,2764,2418,1484,0
174,29,882,2764,2744,2458,0
174,30,882,2764,2840,2909,0
174,31,882,2764,2633,2565,0
174,32,882,2764,2705,1885,0
174,33,882,2764,2153,2262,0
174,34,882,2764,387,708,0
174,35,882,2764,2510,1697,0
174,36,882,2764,648,2898,0
174,37,882,2764,652,1817,0
174,38,882,2764,1578,698,0
174,39,882,2764,2296,2101,0
174,40,882,2764,1931,2689,0
174,41,882,2764,526,1595,0
174,42,882,2764,2293,1825,0
174,43,882,2764,533,1404,0
174,44,882,2764,2655,608,0
174,45,882,2764,1891,927,0
174,46,882,2764,362,551,0
174,47,882,2764,517,432,0
174,48,882,2764,554,2611,0
174,49,882,2764,2495,1015,0
174,50,882,2764,582,952,0
174,51,882,2764,2325,1655,0
174,52,882,2764,627,564,0
174,53,882,2764,118,1718,0
174,54,882,2764,1703,700,0
174,55,882,2764,1698,1595,0
174,56,882,2764,2867,2916,0
174,57,882,2764,2436,1514,0
174,58,882,2764,2012,2768,0
174,59,882,2764,2307,1019,0
174,60,882,2764,59,2441,0
174,61,882,2764,1399,1108,0
174,62,882,2764,2643,1912,0
174,63,882,2764,2219,2119,0
174,64,882,2764,2401,2202,0
174,65,882,2764,387,1838,0
174,66,882,2764,1601,1532,0
174,67,882,2764,2837,72,0
174,68,882,2764,1391,2951,0
174,69,882,2764,595,1317,0
174,70,882,2764,2920,540,0
174,71,882,2764,2816,2465,0
174,72,882,2764,2231,1907,0
174,73,882,2764,1470,2429,0
174,74,882,2764,2847,1382,0
174,75,882,2764,1398,2370,0
174,76,882,2764,1762,2756,0
174,77,882,2764,95,1819,0
174,78,882,2764,2814,2784,0
174,79,882,2764,2728,847,0
174,80,882,2764,1380,2542,0
174,81,882,2764,1722,2778,0
174,82,882,2764,2181,2634,0
174,83,882,2764,2405,2720,0
174,84,882,2764,2862,2797,0
174,85,882,2764,598,2000,0
174,86,882,2764,2675,1916,0
174,87,882,2764,2094,513,0
174,88,882,2764,89,2129,0
174,89,882,2764,1347,973,0
174,90,882,2764,1412,647,0
174,91,882,2764,2716,1699,0
174,92,882,2764,2679,301,0
174,93,882,2764,2086,1982,0
174,94,882,2764,750,2399,0
174,95,882,2764,503,2249,0
174,96,882,2764,1529,2820,0
174,97,882,2764,116,1176,0
174,98,882,2764,692,2813,0
174,99,882,2764,231,639,0
174,100,882,2764,2740,2598,0
174,101,882,2764,224,2208,0
174,102,882,2764,1683,724,0
174,103,882,2764,1276,2330,0
174,104,882,2764,107,933,0
174,105,882,2764,1480,2153,0
174,106,882,2764,891,1933,0
174,107,882,2764,2849,2170,0
174,108,882,2764,1226,2205,0
174,109,882,2764,1117,460,0
174,110,882,2764,1597,111,0
174,111,882,2764,2174,2704,0
174,112,882,2764,811,90,0
174,113,882,2764,260,692,0
174,114,882,2764,1967,1969,0
174,115,882,2764,1133,2946,0
174,116,882,2764,786,2901,1
174,117,882,2764,312,1389,0
174,118,882,2764,2476,340,0
174,119,882,2764,2362,2436,0
174,120,882,2764,1679,1396,0
174,121,882,2764,2646,1977,0
174,122,882,2764,1769,2613,0
174,123,882,2764,636,2906,0
174,124,882,2764,2503,2888,0
174,125,882,2764,727,2051,0
174,126,882,2764,339,2092,0
174,127,882,2764,2559,1995,0
174,128,882,2764,1491,2896,0
174,129,882,2764,2256,1576,0
174,130,882,2764,335,2848,0
174,131,882,2764,1279,994,0
174,132,882,2764,191,2042,0
174,133,882,2764,2815,2594,0
174,134,882,2764,1341,659,0
174,135,882,2764,202,1952,0
174,136,882,2764,2049,235,0
174,137,882,2764,949,365,0
174,138,882,2764,442,484,0
174,139,882,2764,1496,989,0
174,140,882,2764,1432,2260,0
174,141,882,2764,378,1386,0
174,142,882,2764,251,778,0
174,143,882,2764,483,113,0
174,144,882,2764,2426,100,0
174,145,882,2764,2388,1563,0
174,146,882,2764,2427,2993,0
174,147,882,2764,1415,940,0
174,148,882,2764,40,1221,0
174,149,882,2764,415,137,0
174,150,882,2764,256,2140,0
174,151,882,2764,90,1522,0
174,152,882,2764,1589,989,0
174,153,882,2764,341,205,0
174,154,882,2764,883,1339,0
174,155,882,2764,280,1464,0
174,156,882,2764,1201,2822,0
174,157,882,2764,2942,1389,0
174,158,882,2764,1138,2750,0
174,159,882,2764,2639,1778,0
174,160,882,2764,662,429,0
174,161,882,2764,652,7,0
174,162,882,2764,2034,2057,0
174,163,882,2764,2854,2051,0
174,164,882,2764,1441,1791,0
174,165,882,2764,2428,256,0
174,166,882,2764,112,2528,0
174,167,882,2764,2873,2538,0
174,168,882,2764,2900,823,0
174,169,882,2764,263,2591,0
174,170,882,2764,486,2698,0
174,171,882,2764,568,150,0
174,172,882,2764,1194,2604,0
174,173,882,2764,1563,2193,0
174,175,882,2764,1800,2849,0
174,176,882,2764,58,2694,0
174,177,882,2764,2845,282,0
174,178,882,2764,2776,2400,0
174,179,882,2764,2493,1574,0
174,180,882,2764,1075,1910,0
174,181,882,2764,449,428,0
174,182,882,2764,2039,1945,0
174,183,882,2764,2887,271,0
174,184,882,2764,1400,2901,0
174,185,882,2764,2908,1118,0
174,186,882,2764,1650,1604,0
174,187,882,2764,2331,1718,0
174,188,882,2764,1439,133,0
174,189,882,2764,42,79,0
174,190,882,2764,1558,1707,0
174,191,882,2764,177,1143,0
174,192,882,2764,2585,1501,0
174,193,882,2764,888,374,0
174,194,882,2764,263,2834,0
174,195,882,2764,1595,2302,0
175,0,1800,2849,434,320,0
175,1,1800,2849,571,1612,0
175,2,1800,2849,135,2521,0
175,3,1800,2849,1047,2342,0
175,4,1800,2849,1231,1324,0
175,5,1800,2849,675,751,0
175,6,1800,2849,1122,987,0
175,7,1800,2849,242,2916,0
175,8,1800,2849,1743,2319,0
175,9,1800,2849,2618,754,0
175,10,1800,2849,2910,1478,0
175,11,1800,2849,2108,832,0
175,12,1800,2849,2,1143,0
175,13,1800,2849,1115,2279,0
175,14,1800,2849,1977,415,0
175,15,1800,2849,2226,1439,0
175,16,1800,2849,2325,1601,0
175,17,1800,2849,2489,1612,0
175,18,1800,2849,488,2077,0
175,19,1800,2849,1366,798,0
175,20,1800,2849,190,1364,0
175,21,1800,2849,2898,1873,0
175,22,1800,2849,2802,484,0
175,23,1800,2849,1769,1361,0
175,24,1800,2849,1719,2907,1
175,25,1800,2849,203,816,0
175,26,1800,2849,1401,1966,0
175,27,1800,2849,565,2022,0
175,28,1800,2849,2418,1484,0
175,29,1800,2849,2744,2458,0
175,30,1800,2849,2840,2909,0
175,31,1800,2849,2633,2565,0
175,32,1800,2849,2705,1885,0
175,33,1800,2849,2153,2262,0
175,34,1800,2849,387,708,0
175,35,1800,2849,2510,1697,0
175,36,1800,2849,648,2898,0
175,37,1800,2849,652,1817,0
175,38,1800,2849,1578,698,0
175,39,1800,2849,2296,2101,0
175,40,1800,2849,1931,2689,0
175,41,1800,2849,526,1595,0
175,42,1800,2849,2293,1825,0
175,43,1800,2849,533,1404,0
175,44,1800,2849,2655,608,0
175,45,1800,2849,1891,927,0
175,46,1800,2849,362,551,0
175,47,1800,2849,517,432,0
175,48,1800,2849,554,2611,0
175,49,1800,2849,2495,1015,0
175,50,1800,2849,582,952,0
175,51,1800,2849,2325,1655,0
175,52,1800,2849,627,564,0
175,53,1800,2849,118,1718,0
175,54,1800,2849,1703,700,0
175,55,1800,2849,1698,1595,0
175,56,1800,2849,2867,2916,0
175,57,1800,2849,2436,1514,0
175,58,1800,2849,2012,2768,0
175,59,1800,2849,2307,1019,0
175,60,1800,2849,59,2441,0
175,61,1800,2849,1399,1108,0
175,62,1800,2849,2643,1912,0
175,63,1800,2849,2219,2119,0
175,64,1800,2849,2401,2202,0
175,65,1800,2849,387,1838,0
175,66,1800,2849,1601,1532,0
175,67,1800,2849,2837,72,0
175,68,1800,2849,1391,2951,0
175,69,1800,2849,595,1317,0
175,70,1800,2849,2920,540,0
175,71,1800,2849,2816,2465,0
175,72,1800,2849,2231,1907,0
175,73,1800,2849,1470,2429,0
175,74,1800,2849,2847,1382,0
175,75,1800,2849,1398,2370,0
175,76,1800,2849,1762,2756,0
175,77,1800,2849,95,1819,0
175,78,1800,2849,2814,2784,0
175,79,1800,2849,2728,847,0
175,80,1800,2849,1380,2542,0
175,81,1800,2849,1722,2778,0
175,82,1800,2849,2181,2634,0
175,83,1800,2849,2405,2720,0
175,84,1800,2849,2862,2797,0
175,85,1800,2849,598,2000,0
175,86,1800,2849,2675,1916,0
175,87,1800,2849,2094,513,0
175,88,1800,2849,89,2129,0
175,89,1800,2849,1347,973,0
175,90,1800,2849,1412,647,0
175,91,1800,2849,2716,1699,0
175,92,1800,2849,2679,301,0
175,93,1800,2849,2086,1982,0
175,94,1800,2849,750,2399,0
175,95,1800,2849,503,2249,0
175,96,1800,2849,1529,2820,0
175,97,1800,2849,116,1176,0
175,98,1800,2849,692,2813,0
175,99,1800,2849,231,639,0
175,100,1800,2849,2740,2598,0
175,101,1800,2849,224,2208,0
175,102,1800,2849,1683,724,0
175,103,1800,2849,1276,2330,0
175,104,1800,2849,107,933,0
175,105,1800,2849,1480,2153,0
175,106,1800,2849,891,1933,0
175,107,1800,2849,2849,2170,0
175,108,1800,2849,1226,2205,0
175,109,1800,2849,1117,460,0
175,110,1800,2849,1597,111,0
175,111,1800,2849,2174,2704,0
175,112,1800,2849,811,90,0
175,113,1800,2849,260,692,0
175,114,1800,2849,1967,1969,0
175,115,1800,2849,1133,2946,0
175,116,1800,2849,786,2901,0
175,117,1800,2849,312,1389,0
175,118,1800,2849,2476,340,0
175,119,1800,2849,2362,2436,0
175,120,1800,2849,1679,1396,0
175,121,1800,2849,2646,1977,0
175,122,1800,2849,1769,2613,0
175,123,1800,2849,636,2906,0
175,124,1800,2849,2503,2888,0
175,125,1800,2849,727,2051,0
175,126,1800,2849,339,2092,0
175,127,1800,2849,2559,1995,0
175,128,1800,2849,1491,2896,0
175,129,1800,2849,2256,1576,0
175,130,1800,2849,335,2848,0
175,131,1800,2849,1279,994,0
175,132,1800,2849,191,2042,0
175,133,1800,2849,2815,2594,0
175,134,1800,2849,1341,659,0
175,135,1800,2849,202,1952,0
175,136,1800,2849,2049,235,0
175,137,1800,2849,949,365,0
175,138,1800,2849,442,484,0
175,139,1800,2849,1496,989,0
175,140,1800,2849,1432,2260,0
175,141,1800,2849,378,1386,0
175,142,1800,2849,251,778,0
175,143,1800,2849,483,113,0
175,144,1800,2849,2426,100,0
175,145,1800,2849,2388,1563,0
175,146,1800,2849,2427,2993,0
175,147,1800,2849,1415,940,0
175,148,1800,2849,40,1221,0
175,149,1800,2849,415,137,0
175,150,1800,2849,256,2140,0
175,151,1800,2849,90,1522,0
175,152,1800,2849,1589,989,0
175,153,1800,2849,341,205,0
175,154,1800,2849,883,1339,0
175,155,1800,2849,280,1464,0
175,156,1800,2849,1201,2822,0
175,157,1800,2849,2942,1389,0
175,158,1800,2849,1138,2750,0
175,159,1800,2849,2639,1778,0
175,160,1800,2849,662,429,0
175,161,1800,2849,652,7,0
175,162,1800,2849,2034,2057,0
175,163,1800,2849,2854,2051,0
175,164,1800,2849,1441,1791,0
175,165,1800,2849,2428,256,0
175,166,1800,2849,112,2528,0
175,167,1800,2849,2873,2538,0
175,168,1800,2849,2900,823,0
175,169,1800,2849,263,2591,0
175,170,1800,2849,486,2698,0
175,171,1800,2849,568,150,0
175,172,1800,2849,1194,2604,0
175,173,1800,2849,1563,2193,0
175,174,1800,2849,882,2764,0
175,176,1800,2849,58,2694,0
175,177,1800,2849,2845,282,0
175,178,1800,2849,2776,2400,0
175,179,1800,2849,2493,1574,0
175,180,1800,2849,1075,1910,0
175,181,1800,2849,449,428,0
175,182,1800,2849,2039,1945,0
175,183,1800,2849,2887,271,0
175,184,1800,2849,1400,2901,0
175,185,1800,2849,2908,1118,0
175,186,1800,2849,1650,1604,0
175,187,1800,2849,2331,1718,0
175,188,1800,2849,1439,133,0
175,189,1800,2849,42,79,0
175,190,1800,2849,1558,1707,0
175,191,1800,2849,177,1143,0
175,192,1800,2849,2585,1501,0
175,193,1800,2849,888,374,0
175,194,1800,2849,263,2834,0
175,195,1800,2849,1595,2302,0
176,0,58,2694,434,320,0
176,1,58,2694,571,1612,0
176,2,58,2694,135,2521,0
176,3,58,2694,1047,2342,0
176,4,58,2694,1231,1324,0
176,5,58,2694,675,751,0
176,6,58,2694,1122,987,0
176,7,58,2694,242,2916,0
176,8,58,2694,1743,2319,0
176,9,58,2694,2618,754,0
176,10,58,2694,2910,1478,0
176,11,58,2694,2108,832,0
176,12,58,2694,2,1143,0
176,13,58,2694,1115,2279,0
176,14,58,2694,1977,415,0
176,15,58,2694,2226,1439,0
176,16,58,2694,2325,1601,0
176,17,58,2694,2489,1612,0
176,18,58,2694,488,2077,0
176,19,58,2694,1366,798,0
176,20,58,2694,190,1364,0
176,21,58,2694,2898,1873,0
176,22,58,2694,2802,484,0
176,23,58,2694,1769,1361,0
176,24,58,2694,1719,2907,0
176,25,58,2694,203,816,0
176,26,58,2694,1401,1966,0
176,27,58,2694,565,2022,0
176,28,58,2694,2418,1484,0
176,29,58,2694,2744,2458,0
176,30,58,2694,2840,2909,0
176,31,58,2694,2633,2565,0
176,32,58,2694,2705,1885,0
176,33,58,2694,2153,2262,0
176,34,58,2694,387,708,0
176,35,58,2694,2510,1697,0
176,36,58,2694,648,2898,0
176,37,58,2694,652,1817,0
176,38,58,2694,1578,698,0
176,39,58,2694,2296,2101,0
176,40,58,2694,1931,2689,0
176,41,58,2694,526,1595,0
176,42,58,2694,2293,1825,0
176,43,58,2694,533,1404,0
176,44,58,2694,2655,608,0
176,45,58,2694,1891,927,0
176,46,58,2694,362,551,0
176,47,58,2694,517,432,0
176,48,58,2694,554,2611,0
176,49,58,2694,2495,1015,0
176,50,58,2694,582,952,0
176,51,58,2694,2325,1655,0
176,52,58,2694,627,564,0
176,53,58,2694,118,1718,0
176,54,58,2694,1703,700,0
176,55,58,2694,1698,1595,0
176,56,58,2694,2867,2916,0
176,57,58,2694,2436,1514,0
176,58,58,2694,2012,2768,0
176,59,58,2694,2307,1019,0
176,60,58,2694,59,2441,0
176,61,58,2694,1399,1108,0
176,62,58,2694,2643,1912,0
176,63,58,2694,2219,2119,0
176,64,58,2694,2401,2202,0
176,65,58,2694,387,1838,0
176,66,58,2694,1601,1532,0
176,67,58,2694,2837,72,0
176,68,58,2694,1391,2951,0
176,69,58,2694,595,1317,0
176,70,58,2694,2920,540,0
176,71,58,2694,2816,2465,0
176,72,58,2694,2231,1907,0
176,73,58,2694,1470,2429,0
176,74,58,2694,2847,1382,0
176,75,58,2694,1398,2370,0
176,76,58,2694,1762,2756,0
176,77,58,2694,95,1819,0
176,78,58,2694,2814,2784,0
176,79,58,2694,2728,847,0
176,80,58,2694,1380,2542,0
176,81,58,2694,1722,2778,0
176,82,58,2694,2181,2634,0
176,83,58,2694,2405,2720,0
176,84,58,2694,2862,2797,0
176,85,58,2694,598,2000,0
176,86,58,2694,2675,1916,0
176,87,58,2694,2094,513,0
176,88,58,2694,89,2129,0
176,89,58,2694,1347,973,0
176,90,58,2694,1412,647,0
176,91,58,2694,2716,1699,0
176,92,58,2694,2679,301,0
176,93,58,2694,2086,1982,0
176,94,58,2694,750,2399,0
176,95,58,2694,503,2249,0
176,96,58,2694,1529,2820,0
176,97,58,2694,116,1176,0
176,98,58,2694,692,2813,0
176,99,58,2694,231,639,0
176,100,58,2694,2740,2598,0
176,101,58,2694,224,2208,0
176,102,58,2694,1683,724,0
176,103,58,2694,1276,2330,0
176,104,58,2694,107,933,0
176,105,58,2694,1480,2153,0
176,106,58,2694,891,1933,0
176,107,58,2694,2849,2170,0
176,108,58,2694,1226,2205,0
176,109,58,2694,1117,460,0
176,110,58,2694,1597,111,0
176,111,58,2694,2174,2704,0
176,112,58,2694,811,90,0
176,113,58,2694,260,692,0
176,114,58,2694,1967,1969,0
176,115,58,2694,1133,2946,0
176,116,58,2694,786,2901,0
176,117,58,2694,312,1389,0
176,118,58,2694,2476,340,0
176,119,58,2694,2362,2436,0
176,120,58,2694,1679,1396,0
176,121,58,2694,2646,1977,0
176,122,58,2694,1769,2613,0
176,123,58,2694,636,2906,0
176,124,58,2694,2503,2888,0
176,125,58,2694,727,2051,0
176,126,58,2694,339,2092,0
176,127,58,2694,2559,1995,0
176,128,58,2694,1491,2896,0
176,129,58,2694,2256,1576,0
176,130,58,2694,335,2848,0
176,131,58,2694,1279,994,0
176,132,58,2694,191,2042,0
176,133,58,2694,2815,2594,0
176,134,58,2694,1341,659,0
176,135,58,2694,202,1952,0
176,136,58,2694,2049,235,0
176,137,58,2694,949,365,0
176,138,58,2694,442,484,0
176,139,58,2694,1496,989,0
176,140,58,2694,1432,2260,0
176,141,58,2694,378,1386,0
176,142,58,2694,251,778,0
176,143,58,2694,483,113,0
176,144,58,2694,2426,100,0
176,145,58,2694,2388,1563,0
176,146,58,2694,2427,2993,0
176,147,58,2694,1415,940,0
176,148,58,2694,40,1221,0
176,149,58,2694,415,137,0
176,150,58,2694,256,2140,0
176,151,58,2694,90,1522,0
176,152,58,2694,1589,989,0
176,153,58,2694,341,205,0
176,154,58,2694,883,1339,0
176,155,58,2694,280,1464,0
176,156,58,2694,1201,2822,0
176,157,58,2694,2942,1389,0
176,158,58,2694,1138,2750,0
176,159,58,2694,2639,1778,0
176,160,58,2694,662,429,0
176,161,58,2694,652,7,0
176,162,58,2694,2034,2057,0
176,163,58,2694,2854,2051,0
176,164,58,2694,1441,1791,0
176,165,58,2694,2428,256,0
176,166,58,2694,112,2528,0
176,167,58,2694,2873,2538,0
176,168,58,2694,2900,823,0
176,169,58,2694,263,2591,1
176,170,58,2694,486,2698,0
176,171,58,2694,568,150,0
176,172,58,2694,1194,2604,0
176,173,58,2694,1563,2193,0
176,174,58,2694,882,2764,0
176,175,58,2694,1800,2849,0
176,177,58,2694,2845,282,0
176,178,58,2694,2776,2400,0
176,179,58,2694,2493,1574,0
176,180,58,2694,1075,1910,0
176,181,58,2694,449,428,0
176,182,58,2694,2039,1945,0
176,183,58,2694,2887,271,0
176,184,58,2694,1400,2901,0
176,185,58,2694,2908,1118,0
176,186,58,2694,1650,1604,0
176,187,58,2694,2331,1718,0
176,188,58,2694,1439,133,0
176,189,58,2694,42,79,0
176,190,58,2694,1558,1707,0
176,191,58,2694,177,1143,0
176,192,58,2694,2585,1501,0
176,193,58,2694,888,374,0
176,194,58,2694,263,2834,0
176,195,58,2694,1595,2302,0
177,0,2845,282,434,320,0
177,1,2845,282,571,1612,0
177,2,2845,282,135,2521,0
177,3,2845,282,1047,2342,0
177,4,2845,282,1231,1324,0
177,5,2845,282,675,751,0
177,6,2845,282,1122,987,0
177,7,2845,282,242,2916,0
177,8,2845,282,1743,2319,0
177,9,2845,282,2618,754,0
177,10,2845,282,2910,1478,0
177,11,2845,282,2108,832,0
177,12,2845,282,2,1143,0
177,13,2845,282,1115,2279,0
177,14,2845,282,1977,415,0
177,15,2845,282,2226,1439,0
177,16,2845,282,2325,1601,0
177,17,2845,282,2489,1612,0
177,18,2845,282,488,2077,0
177,19,2845,282,1366,798,0
177,20,2845,282,190,1364,0
177,21,2845,282,2898,1873,0
177,22,2845,282,2802,484,0
177,23,2845,282,1769,1361,0
177,24,2845,282,1719,2907,0
177,25,2845,282,203,816,0
177,26,2845,282,1401,1966,0
177,27,2845,282,565,2022,0
177,28,2845,282,2418,1484,0
177,29,2845,282,2744,2458,0
177,30,2845,282,2840,2909,0
177,31,2845,282,2633,2565,0
177,32,2845,282,2705,1885,0
177,33,2845,282,2153,2262,0
177,34,2845,282,387,708,0
177,35,2845,282,2510,1697,0
177,36,2845,282,648,2898,0
177,37,2845,282,652,1817,0
177,38,2845,282,1578,698,0
177,39,2845,282,2296,2101,0
177,40,2845,282,1931,2689,0
177,41,2845,282,526,1595,0
177,42,2845,282,2293,1825,0
177,43,2845,282,533,1404,0
177,44,2845,282,2655,608,0
177,45,2845,282,1891,927,0
177,46,2845,282,362,551,0
177,47,2845,282,517,432,0
177,48,2845,282,554,2611,0
177,49,2845,282,2495,1015,0
177,50,2845,282,582,952,0
177,51,2845,282,2325,1655,0
177,52,2845,282,627,564,0
177,53,2845,282,118,1718,0
177,54,2845,282,1703,700,0
177,55,2845,282,1698,1595,0
177,56,2845,282,2867,2916,0
177,57,2845,282,2436,1514,0
177,58,2845,282,2012,2768,0
177,59,2845,282,2307,1019,0
177,60,2845,282,59,2441,0
177,61,2845,282,1399,1108,0
177,62,2845,282,2643,1912,0
177,63,2845,282,2219,2119,0
177,64,2845,282,2401,2202,0
177,65,2845,282,387,1838,0
177,66,2845,282,1601,1532,0
177,67,2845,282,2837,72,0
177,68,2845,282,1391,2951,0
177,69,2845,282,595,1317,0
177,70,2845,282,2920,540,0
177,71,2845,282,2816,2465,0
177,72,2845,282,2231,1907,0
177,73,2845,282,1470,2429,0
177,74,2845,282,2847,1382,0
177,75,2845,282,1398,2370,0
177,76,2845,282,1762,2756,0
177,77,2845,282,95,1819,0
177,78,2845,282,2814,2784,0
177,79,2845,282,2728,847,0
177,80,2845,282,1380,2542,0
177,81,2845,282,1722,2778,0
177,82,2845,282,2181,2634,0
177,83,2845,282,2405,2720,0
177,84,2845,282,2862,2797,0
177,85,2845,282,598,2000,0
177,86,2845,282,2675,1916,0
177,87,2845,282,2094,513,0
177,88,2845,282,89,2129,0
177,89,2845,282,1347,973,0
177,90,2845,282,1412,647,0
177,91,2845,282,2716,1699,0
177,92,2845,282,2679,301,1
177,93,2845,282,2086,1982,0
177,94,2845,282,750,2399,0
177,95,2845,282,503,2249,0
177,96,2845,282,1529,2820,0
177,97,2845,282,116,1176,0
177,98,2845,282,692,2813,0
177,99,2845,282,231,639,0
177,100,2845,282,2740,2598,0
177,101,2845,282,224,2208,0
177,102,2845,282,1683,724,0
177,103,2845,282,1276,2330,0
177,104,2845,282,107,933,0
177,105,2845,282,1480,2153,0
177,106,2845,282,891,1933,0
177,107,2845,282,2849,2170,0
177,108,2845,282,1226,2205,0
177,109,2845,282,1117,460,0
177,110,2845,282,1597,111,0
177,111,2845,282,2174,2704,0
177,112,2845,282,811,90,0
177,113,2845,282,260,692,0
177,114,2845,282,1967,1969,0
177,115,2845,282,1133,2946,0
177,116,2845,282,786,2901,0
177,117,2845,282,312,1389,0
177,118,2845,282,2476,340,0
177,119,2845,282,2362,2436,0
177,120,2845,282,1679,1396,0
177,121,2845,282,2646,1977,0
177,122,2845,282,1769,2613,0
177,123,2845,282,636,2906,0
177,124,2845,282,2503,2888,0
177,125,2845,282,727,2051,0
177,126,2845,282,339,2092,0
177,127,2845,282,2559,1995,0
177,128,2845,282,1491,2896,0
177,129,2845,282,2256,1576,0
177,130,2845,282,335,2848,0
177,131,2845,282,1279,994,0
177,132,2845,282,191,2042,0
177,133,2845,282,2815,2594,0
177,134,2845,282,1341,659,0
177,135,2845,282,202,1952,0
177,136,2845,282,2049,235,0
177,137,2845,282,949,365,0
177,138,2845,282,442,484,0
177,139,2845,282,1496,989,0
177,140,2845,282,1432,2260,0
177,141,2845,282,378,1386,0
177,142,2845,282,251,778,0
177,143,2845,282,483,113,0
177,144,2845,282,2426,100,0
177,145,2845,282,2388,1563,0
177,146,2845,282,2427,2993,0
177,147,2845,282,1415,940,0
177,148,2845,282,40,1221,0
177,149,2845,282,415,137,0
177,150,2845,282,256,2140,0
177,151,2845,282,90,1522,0
177,152,2845,282,1589,989,0
177,153,2845,282,341,205,0
177,154,2845,282,883,1339,0
177,155,2845,282,280,1464,0
177,156,2845,282,1201,2822,0
177,157,2845,282,2942,1389,0
177,158,2845,282,1138,2750,0
177,159,2845,282,2639,1778,0
177,160,2845,282,662,429,0
177,161,2845,282,652,7,0
177,162,2845,282,2034,2057,0
177,163,2845,282,2854,2051,0
177,164,2845,282,1441,1791,0
177,165,2845,282,2428,256,0
177,166,2845,282,112,2528,0
177,167,2845,282,2873,2538,0
177,168,2845,282,2900,823,0
177,169,2845,282,263,2591,0
177,170,2845,282,486,2698,0
177,171,2845,282,568,150,0
177,172,2845,282,1194,2604,0
177,173,2845,282,1563,2193,0
177,174,2845,282,882,2764,0
177,175,2845,282,1800,2849,0
177,176,2845,282,58,2694,0
177,178,2845,282,2776,2400,0
177,179,2845,282,2493,1574,0
177,180,2845,282,1075,1910,0
177,181,2845,282,449,428,0
177,182,2845,282,2039,1945,0
177,183,2845,282,2887,271,0
177,184,2845,282,1400,2901,0
177,185,2845,282,2908,1118,0
177,186,2845,282,1650,1604,0
177,187,2845,282,2331,1718,0
177,188,2845,282,1439,133,0
177,189,2845,282,42,79,0
177,190,2845,282,1558,1707,0
177,191,2845,282,177,1143,0
177,192,2845,282,2585,1501,0
177,193,2845,282,888,374,0
177,194,2845,282,263,2834,0
177,195,2845,282,1595,2302,0
178,0,2776,2400,434,320,0
178,1,2776,2400,571,1612,0
178,2,2776,2400,135,2521,0
178,3,2776,2400,1047,2342,0
178,4,2776,2400,1231,1324,0
178,5,2776,2400,675,751,0
178,6,2776,2400,1122,987,0
178,7,2776,2400,242,2916,0
178,8,2776,2400,1743,2319,0
178,9,2776,2400,2618,754,0
178,10,2776,2400,2910,1478,0
178,11,2776,2400,2108,832,0
178,12,2776,2400,2,1143,0
178,13,2776,2400,1115,2279,0
178,14,2776,2400,1977,415,0
178,15,2776,2400,2226,1439,0
178,16,2776,2400,2325,1601,0
178,17,2776,2400,2489,1612,0
178,18,2776,2400,488,2077,0
178,19,2776,2400,1366,798,0
178,20,2776,2400,190,1364,0
178,21,2776,2400,2898,1873,0
178,22,2776,2400,2802,484,0
178,23,2776,2400,1769,1361,0
178,24,2776,2400,1719,2907,0
178,25,2776,2400,203,816,0
178,26,2776,2400,1401,1966,0
178,27,2776,2400,565,2022,0
178,28,2776,2400,2418,1484,0
178,29,2776,2400,2744,2458,1
178,30,2776,2400,2840,2909,0
178,31,2776,2400,2633,2565,0
178,32,2776,2400,2705,1885,0
178,33,2776,2400,2153,2262,0
178,34,2776,2400,387,708,0
178,35,2776,2400,2510,1697,0
178,36,2776,2400,648,2898,0
178,37,2776,2400,652,1817,0
178,38,2776,2400,1578,698,0
178,39,2776,2400,2296,2101,0
178,40,2776,2400,1931,2689,0
178,41,2776,2400,526,1595,0
178,42,2776,2400,2293,1825,0
178,43,2776,2400,533,1404,0
178,44,2776,2400,2655,608,0
178,45,2776,2400,1891,927,0
178,46,2776,2400,362,551,0
178,47,2776,2400,517,432,0
178,48,2776,2400,554,2611,0
178,49,2776,2400,2495,1015,0
178,50,2776,2400,582,952,0
178,51,2776,2400,2325,1655,0
178,52,2776,2400,627,564,0
178,53,2776,2400,118,1718,0
178,54,2776,2400,1703,700,0
178,55,2776,2400,1698,1595,0
178,56,2776,2400,2867,2916,0
178,57,2776,2400,2436,1514,0
178,58,2776,2400,2012,2768,0
178,59,2776,2400,2307,1019,0
178,60,2776,2400,59,2441,0
178,61,2776,2400,1399,1108,0
178,62,2776,2400,2643,1912,0
178,63,2776,2400,2219,2119,0
178,64,2776,2400,2401,2202,0
178,65,2776,2400,387,1838,0
178,66,2776,2400,1601,1532,0
178,67,2776,2400,2837,72,0
178,68,2776,2400,1391,2951,0
178,69,2776,2400,595,1317,0
178,70,2776,2400,2920,540,0
178,71,2776,2400,2816,2465,0
178,72,2776,2400,2231,1907,0
178,73,2776,2400,1470,2429,0
178,74,2776,2400,2847,1382,0
178,75,2776,2400,1398,2370,0
178,76,2776,2400,1762,2756,0
178,77,2776,2400,95,1819,0
178,78,2776,2400,2814,2784,0
178,79,2776,2400,2728,847,0
178,80,2776,2400,1380,2542,0
178,81,2776,2400,1722,2778,0
178,82,2776,2400,2181,2634,0
178,83,2776,2400,2405,2720,0
178,84,2776,2400,2862,2797,0
178,85,2776,2400,598,2000,0
178,86,2776,2400,2675,1916,0
178,87,2776,2400,2094,513,0
178,88,2776,2400,89,2129,0
178,89,2776,2400,1347,973,0
178,90,2776,2400,1412,647,0
178,91,2776,2400,2716,1699,0
178,92,2776,2400,2679,301,0
178,93,2776,2400,2086,1982,0
178,94,2776,2400,750,2399,0
178,95,2776,2400,503,2249,0
178,96,2776,2400,1529,2820,0
178,97,2776,2400,116,1176,0
178,98,2776,2400,692,2813,0
178,99,2776,2400,231,639,0
178,100,2776,2400,2740,2598,0
178,101,2776,2400,224,2208,0
178,102,2776,2400,1683,724,0
178,103,2776,2400,1276,2330,0
178,104,2776,2400,107,933,0
178,105,2776,2400,1480,2153,0
178,106,2776,2400,891,1933,0
178,107,2776,2400,2849,2170,0
178,108,2776,2400,1226,2205,0
178,109,2776,2400,1117,460,0
178,110,2776,2400,1597,111,0
178,111,2776,2400,2174,2704,0
178,112,2776,2400,811,90,0
178,113,2776,2400,260,692,0
178,114,2776,2400,1967,1969,0
178,115,2776,2400,1133,2946,0
178,116,2776,2400,786,2901,0
178,117,2776,2400,312,1389,0
178,118,2776,2400,2476,340,0
178,119,2776,2400,2362,2436,0
178,120,2776,2400,1679,1396,0
178,121,2776,2400,2646,1977,0
178,122,2776,2400,1769,2613,0
178,123,2776,2400,636,2906,0
178,124,2776,2400,2503,2888,0
178,125,2776,2400,727,2051,0
178,126,2776,2400,339,2092,0
178,127,2776,2400,2559,1995,0
178,128,2776,2400,1491,2896,0
178,129,2776,2400,2256,1576,0
178,130,2776,2400,335,2848,0
178,131,2776,2400,1279,994,0
178,132,2776,2400,191,2042,0
178,133,2776,2400,2815,2594,0
178,134,2776,2400,1341,659,0
178,135,2776,2400,202,1952,0
178,136,2776,2400,2049,235,0
178,137,2776,2400,949,365,0
178,138,2776,2400,442,484,0
178,139,2776,2400,1496,989,0
178,140,2776,2400,1432,2260,0
178,141,2776,2400,378,1386,0
178,142,2776,2400,251,778,0
178,143,2776,2400,483,113,0
178,144,2776,2400,2426,100,0
178,145,2776,2400,2388,1563,0
178,146,2776,2400,2427,2993,0
178,147,2776,2400,1415,940,0
178,148,2776,2400,40,1221,0
178,149,2776,2400,415,137,0
178,150,2776,2400,256,2140,0
178,151,2776,2400,90,1522,0
178,152,2776,2400,1589,989,0
178,153,2776,2400,341,205,0
178,154,2776,2400,883,1339,0
178,155,2776,2400,280,1464,0
178,156,2776,2400,1201,2822,0
178,157,2776,2400,2942,1389,0
178,158,2776,2400,1138,2750,0
178,159,2776,2400,2639,1778,0
178,160,2776,2400,662,429,0
178,161,2776,2400,652,7,0
178,162,2776,2400,2034,2057,0
178,163,2776,2400,2854,2051,0
178,164,2776,2400,1441,1791,0
178,165,2776,2400,2428,256,0
178,166,2776,2400,112,2528,0
178,167,2776,2400,2873,2538,0
178,168,2776,2400,2900,823,0
178,169,2776,2400,263,2591,0
178,170,2776,2400,486,2698,0
178,171,2776,2400,568,150,0
178,172,2776,2400,1194,2604,0
178,173,2776,2400,1563,2193,0
178,174,2776,2400,882,2764,0
178,175,2776,2400,1800,2849,0
178,176,2776,2400,58,2694,0
178,177,2776,2400,2845,282,0
178,179,2776,2400,2493,1574,0
178,180,2776,2400,1075,1910,0
178,181,2776,2400,449,428,0
178,182,2776,2400,2039,1945,0
178,183,2776,2400,2887,271,0
178,184,2776,2400,1400,2901,0
178,185,2776,2400,2908,1118,0
178,186,2776,2400,1650,1604,0
178,187,2776,2400,2331,1718,0
178,188,2776,2400,1439,133,0
178,189,2776,2400,42,79,0
178,190,2776,2400,1558,1707,0
178,191,2776,2400,177,1143,0
178,192,2776,2400,2585,1501,0
178,193,2776,2400,888,374,0
178,194,2776,2400,263,2834,0
178,195,2776,2400,1595,2302,0
179,0,2493,1574,434,320,0
179,1,2493,1574,571,1612,0
179,2,2493,1574,135,2521,0
179,3,2493,1574,1047,2342,0
179,4,2493,1574,1231,1324,0
179,5,2493,1574,675,751,0
179,6,2493,1574,1122,987,0
179,7,2493,1574,242,2916,0
179,8,2493,1574,1743,2319,0
179,9,2493,1574,2618,754,0
179,10,2493,1574,2910,1478,0
179,11,2493,1574,2108,832,0
179,12,2493,1574,2,1143,0
179,13,2493,1574,1115,2279,0
179,14,2493,1574,1977,415,0
179,15,2493,1574,2226,1439,0
179,16,2493,1574,2325,1601,0
179,17,2493,1574,2489,1612,0
179,18,2493,1574,488,2077,0
179,19,2493,1574,1366,798,0
179,20,2493,1574,190,1364,0
179,21,2493,1574,2898,1873,0
179,22,2493,1574,2802,484,0
179,23,2493,1574,1769,1361,0
179,24,2493,1574,1719,2907,0
179,25,2493,1574,203,816,0
179,26,2493,1574,1401,1966,0
179,27,2493,1574,565,2022,0
179,28,2493,1574,2418,1484,0
179,29,2493,1574,2744,2458,0
179,30,2493,1574,2840,2909,0
179,31,2493,1574,2633,2565,0
179,32,2493,1574,2705,1885,0
179,33,2493,1574,2153,2262,0
179,34,2493,1574,387,708,0
179,35,2493,1574,2510,1697,0
179,36,2493,1574,648,2898,0
179,37,2493,1574,652,1817,0
179,38,2493,1574,1578,698,0
179,39,2493,1574,2296,2101,0
179,40,2493,1574,1931,2689,0
179,41,2493,1574,526,1595,0
179,42,2493,1574,2293,1825,0
179,43,2493,1574,533,1404,0
179,44,2493,1574,2655,608,0
179,45,2493,1574,1891,927,0
179,46,2493,1574,362,551,0
179,47,2493,1574,517,432,0
179,48,2493,1574,554,2611,0
179,49,2493,1574,2495,1015,0
179,50,2493,1574,582,952,0
179,51,2493,1574,2325,1655,0
179,52,2493,1574,627,564,0
179,53,2493,1574,118,1718,0
179,54,2493,1574,1703,700,0
179,55,2493,1574,1698,1595,0
179,56,2493,1574,2867,2916,0
179,57,2493,1574,2436,1514,0
179,58,2493,1574,2012,2768,0
179,59,2493,1574,2307,1019,0
179,60,2493,1574,59,2441,0
179,61,2493,1574,1399,1108,0
179,62,2493,1574,2643,1912,0
179,63,2493,1574,2219,2119,0
179,64,2493,1574,2401,2202,0
179,65,2493,1574,387,1838,0
179,66,2493,1574,1601,1532,0
179,67,2493,1574,2837,72,0
179,68,2493,1574,1391,2951,0
179,69,2493,1574,595,1317,0
179,70,2493,1574,2920,540,0
179,71,2493,1574,2816,2465,0
179,72,2493,1574,2231,1907,0
179,73,2493,1574,1470,2429,0
179,74,2493,1574,2847,1382,0
179,75,2493,1574,1398,2370,0
179,76,2493,1574,1762,2756,0
179,77,2493,1574,95,1819,0
179,78,2493,1574,2814,2784,0
179,79,2493,1574,2728,847,0
179,80,2493,1574,1380,2542,0
179,81,2493,1574,1722,2778,0
179,82,2493,1574,2181,2634,0
179,83,2493,1574,2405,2720,0
179,84,2493,1574,2862,2797,0
179,85,2493,1574,598,2000,0
179,86,2493,1574,2675,1916,0
179,87,2493,1574,2094,513,0
179,88,2493,1574,89,2129,0
179,89,2493,1574,1347,973,0
179,90,2493,1574,1412,647,0
179,91,2493,1574,2716,1699,0
179,92,2493,1574,2679,301,0
179,93,2493,1574,2086,1982,0
179,94,2493,1574,750,2399,0
179,95,2493,1574,503,2249,0
179,96,2493,1574,1529,2820,0
179,97,2493,1574,116,1176,0
179,98,2493,1574,692,2813,0
179,99,2493,1574,231,639,0
179,100,2493,1574,2740,2598,0
179,101,2493,1574,224,2208,0
179,102,2493,1574,1683,724,0
179,103,2493,1574,1276,2330,0
179,104,2493,1574,107,933,0
179,105,2493,1574,1480,2153,0
179,106,2493,1574,891,1933,0
179,107,2493,1574,2849,2170,0
179,108,2493,1574,1226,2205,0
179,109,2493,1574,1117,460,0
179,110,2493,1574,1597,111,0
179,111,2493,1574,2174,2704,0
179,112,2493,1574,811,90,0
179,113,2493,1574,260,692,0
179,114,2493,1574,1967,1969,0
179,115,2493,1574,1133,2946,0
179,116,2493,1574,786,2901,0
179,117,2493,1574,312,1389,0
179,118,2493,1574,2476,340,0
179,119,2493,1574,2362,2436,0
179,120,2493,1574,1679,1396,0
179,121,2493,1574,2646,1977,0
179,122,2493,1574,1769,2613,0
179,123,2493,1574,636,2906,0
179,124,2493,1574,2503,2888,0
179,125,2493,1574,727,2051,0
179,126,2493,1574,339,2092,0
179,127,2493,1574,2559,1995,0
179,128,2493,1574,1491,2896,0
179,129,2493,1574,2256,1576,0
179,130,2493,1574,335,2848,0
179,131,2493,1574,1279,994,0
179,132,2493,1574,191,2042,0
179,133,2493,1574,2815,2594,0
179,134,2493,1574,1341,659,0
179,135,2493,1574,202,1952,0
179,136,2493,1574,2049,235,0
179,137,2493,1574,949,365,0
179,138,2493,1574,442,484,0
179,139,2493,1574,1496,989,0
179,140,2493,1574,1432,2260,0
179,141,2493,1574,378,1386,0
179,142,2493,1574,251,778,0
179,143,2493,1574,483,113,0
179,144,2493,1574,2426,100,0
179,145,2493,1574,2388,1563,0
179,146,2493,1574,2427,2993,0
179,147,2493,1574,1415,940,0
179,148,2493,1574,40,1221,0
179,149,2493,1574,415,137,0
179,150,2493,1574,256,2140,0
179,151,2493,1574,90,1522,0
179,152,2493,1574,1589,989,0
179,153,2493,1574,341,205,0
179,154,2493,1574,883,1339,0
179,155,2493,1574,280,1464,0
179,156,2493,1574,1201,2822,0
179,157,2493,1574,2942,1389,0
179,158,2493,1574,1138,2750,0
179,159,2493,1574,2639,1778,0
179,160,2493,1574,662,429,0
179,161,2493,1574,652,7,0
179,162,2493,1574,2034,2057,0
179,163,2493,1574,2854,2051,0
179,164,2493,1574,1441,1791,0
179,165,2493,1574,2428,256,0
179,166,2493,1574,112,2528,0
179,167,2493,1574,2873,2538,0
179,168,2493,1574,2900,823,0
179,169,2493,1574,263,2591,0
179,170,2493,1574,486,2698,0
179,171,2493,1574,568,150,0
179,172,2493,1574,1194,2604,0
179,173,2493,1574,1563,2193,0
179,174,2493,1574,882,2764,0
179,175,2493,1574,1800,2849,0
179,176,2493,1574,58,2694,0
179,177,2493,1574,2845,282,0
179,178,2493,1574,2776,2400,0
179,180,2493,1574,1075,1910,0
179,181,2493,1574,449,428,0
179,182,2493,1574,2039,1945,0
179,183,2493,1574,2887,271,0
179,184,2493,1574,1400,2901,0
179,185,2493,1574,2908,1118,0
179,186,2493,1574,1650,1604,0
179,187,2493,1574,2331,1718,0
179,188,2493,1574,1439,133,0
179,189,2493,1574,42,79,0
179,190,2493,1574,1558,1707,0
179,191,2493,1574,177,1143,0
179,192,2493,1574,2585,1501,1
179,193,2493,1574,888,374,0
179,194,2493,1574,263,2834,0
179,195,2493,1574,1595,2302,0
180,0,1075,1910,434,320,0
180,1,1075,1910,571,1612,0
180,2,1075,1910,135,2521,0
180,3,1075,1910,1047,2342,0
180,4,1075,1910,1231,1324,0
180,5,1075,1910,675,751,0
180,6,1075,1910,1122,987,0
180,7,1075,1910,242,2916,0
180,8,1075,1910,1743,2319,0
180,9,1075,1910,2618,754,0
180,10,1075,1910,2910,1478,0
180,11,1075,1910,2108,832,0
180,12,1075,1910,2,1143,0
180,13,1075,1910,1115,2279,0
180,14,1075,1910,1977,415,0
180,15,1075,1910,2226,1439,0
180,16,1075,1910,2325,1601,0
180,17,1075,1910,2489,1612,0
180,18,1075,1910,488,2077,0
180,19,1075,1910,1366,798,0
180,20,1075,1910,190,1364,0
180,21,1075,1910,2898,1873,0
180,22,1075,1910,2802,484,0
180,23,1075,1910,1769,1361,0
180,24,1075,1910,1719,2907,0
180,25,1075,1910,203,816,0
180,26,1075,1910,1401,1966,1
180,27,1075,1910,565,2022,0
180,28,1075,1910,2418,1484,0
180,29,1075,1910,2744,2458,0
180,30,1075,1910,2840,2909,0
180,31,1075,1910,2633,2565,0
180,32,1075,1910,2705,1885,0
180,33,1075,1910,2153,2262,0
180,34,1075,1910,387,708,0
180,35,1075,1910,2510,1697,0
180,36,1075,1910,648,2898,0
180,37,1075,1910,652,1817,0
180,38,1075,1910,1578,698,0
180,39,1075,1910,2296,2101,0
180,40,1075,1910,1931,2689,0
180,41,1075,1910,526,1595,0
180,42,1075,1910,2293,1825,0
180,43,1075,1910,533,1404,0
180,44,1075,1910,2655,608,0
180,45,1075,1910,1891,927,0
180,46,1075,1910,362,551,0
180,47,1075,1910,517,432,0
180,48,1075,1910,554,2611,0
180,49,1075,1910,2495,1015,0
180,50,1075,1910,582,952,0
180,51,1075,1910,2325,1655,0
180,52,1075,1910,627,564,0
180,53,1075,1910,118,1718,0
180,54,1075,1910,1703,700,0
180,55,1075,1910,1698,1595,0
180,56,1075,1910,2867,2916,0
180,57,1075,1910,2436,1514,0
180,58,1075,1910,2012,2768,0
180,59,1075,1910,2307,1019,0
180,60,1075,1910,59,2441,0
180,61,1075,1910,1399,1108,0
180,62,1075,1910,2643,1912,0
180,63,1075,1910,2219,2119,0
180,64,1075,1910,2401,2202,0
180,65,1075,1910,387,1838,0
180,66,1075,1910,1601,1532,0
180,67,1075,1910,2837,72,0
180,68,1075,1910,1391,2951,0
180,69,1075,1910,595,1317,0
180,70,1075,1910,2920,540,0
180,71,1075,1910,2816,2465,0
180,72,1075,1910,2231,1907,0
180,73,1075,1910,1470,2429,0
180,74,1075,1910,2847,1382,0
180,75,1075,1910,1398,2370,0
180,76,1075,1910,1762,2756,0
180,77,1075,1910,95,1819,0
180,78,1075,1910,2814,2784,0
180,79,1075,1910,2728,847,0
180,80,1075,1910,1380,2542,0
180,81,1075,1910,1722,2778,0
180,82,1075,1910,2181,2634,0
180,83,1075,1910,2405,2720,0
180,84,1075,1910,2862,2797,0
180,85,1075,1910,598,2000,0
180,86,1075,1910,2675,1916,0
180,87,1075,1910,2094,513,0
180,88,1075,1910,89,2129,0
180,89,1075,1910,1347,973,0
180,90,1075,1910,1412,647,0
180,91,1075,1910,2716,1699,0
180,92,1075,1910,2679,301,0
180,93,1075,1910,2086,1982,0
180,94,1075,1910,750,2399,0
180,95,1075,1910,503,2249,0
180,96,1075,1910,1529,2820,0
180,97,1075,1910,116,1176,0
180,98,1075,1910,692,2813,0
180,99,1075,1910,231,639,0
180,100,1075,1910,2740,2598,0
180,101,1075,1910,224,2208,0
180,102,1075,1910,1683,724,0
180,103,1075,1910,1276,2330,0
180,104,1075,1910,107,933,0
180,105,1075,1910,1480,2153,0
180,106,1075,1910,891,1933,0
180,107,1075,1910,2849,2170,0
180,108,1075,1910,1226,2205,0
180,109,1075,1910,1117,460,0
180,110,1075,1910,1597,111,0
180,111,1075,1910,2174,2704,0
180,112,1075,1910,811,90,0
180,113,1075,1910,260,692,0
180,114,1075,1910,1967,1969,0
180,115,1075,1910,1133,2946,0
180,116,1075,1910,786,2901,0
180,117,1075,1910,312,1389,0
180,118,1075,1910,2476,340,0
180,119,1075,1910,2362,2436,0
180,120,1075,1910,1679,1396,0
180,121,1075,1910,2646,1977,0
180,122,1075,1910,1769,2613,0
180,123,1075,1910,636,2906,0
180,124,1075,1910,2503,2888,0
180,125,1075,1910,727,2051,0
180,126,1075,1910,339,2092,0
180,127,1075,1910,2559,1995,0
180,128,1075,1910,1491,2896,0
180,129,1075,1910,2256,1576,0
180,130,1075,1910,335,2848,0
180,131,1075,1910,1279,994,0
180,132,1075,1910,191,2042,0
180,133,1075,1910,2815,2594,0
180,134,1075,1910,1341,659,0
180,135,1075,1910,202,1952,0
180,136,1075,1910,2049,235,0
180,137,1075,1910,949,365,0
180,138,1075,1910,442,484,0
180,139,1075,1910,1496,989,0
180,140,1075,1910,1432,2260,0
180,141,1075,1910,378,1386,0
180,142,1075,1910,251,778,0
180,143,1075,1910,483,113,0
180,144,1075,1910,2426,100,0
180,145,1075,1910,2388,1563,0
180,146,1075,1910,2427,2993,0
180,147,1075,1910,1415,940,0
180,148,1075,1910,40,1221,0
180,149,1075,1910,415,137,0
180,150,1075,1910,256,2140,0
180,151,1075,1910,90,1522,0
180,152,1075,1910,1589,989,0
180,153,1075,1910,341,205,0
180,154,1075,1910,883,1339,0
180,155,1075,1910,280,1464,0
180,156,1075,1910,1201,2822,0
180,157,1075,1910,2942,1389,0
180,158,1075,1910,1138,2750,0
180,159,1075,1910,2639,1778,0
180,160,1075,1910,662,429,0
180,161,1075,1910,652,7,0
180,162,1075,1910,2034,2057,0
180,163,1075,1910,2854,2051,0
180,164,1075,1910,1441,1791,0
180,165,1075,1910,2428,256,0
180,166,1075,1910,112,2528,0
180,167,1075,1910,2873,2538,0
180,168,1075,1910,2900,823,0
180,169,1075,1910,263,2591,0
180,170,1075,1910,486,2698,0
180,171,1075,1910,568,150,0
180,172,1075,1910,1194,2604,0
180,173,1075,1910,1563,2193,0
180,174,1075,1910,882,2764,0
180,175,1075,1910,1800,2849,0
180,176,1075,1910,58,2694,0
180,177,1075,1910,2845,282,0
180,178,1075,1910,2776,2400,0
180,179,1075,1910,2493,1574,0
180,181,1075,1910,449,428,0
180,182,1075,1910,2039,1945,0
180,183,1075,1910,2887,271,0
180,184,1075,1910,1400,2901,0
180,185,1075,1910,2908,1118,0
180,186,1075,1910,1650,1604,0
180,187,1075,1910,2331,1718,0
180,188,1075,1910,1439,133,0
180,189,1075,1910,42,79,0
180,190,1075,1910,1558,1707,0
180,191,1075,1910,177,1143,0
180,192,1075,1910,2585,1501,0
180,193,1075,1910,888,374,0
180,194,1075,1910,263,2834,0
180,195,1075,1910,1595,2302,0
181,0,449,428,434,320,0
181,1,449,428,571,1612,0
181,2,449,428,135,2521,0
181,3,449,428,1047,2342,0
181,4,449,428,1231,1324,0
181,5,449,428,675,751,0
181,6,449,428,1122,987,0
181,7,449,428,242,2916,0
181,8,449,428,1743,2319,0
181,9,449,428,2618,754,0
181,10,449,428,2910,1478,0
181,11,449,428,2108,832,0
181,12,449,428,2,1143,0
181,13,449,428,1115,2279,0
181,14,449,428,1977,415,0
181,15,449,428,2226,1439,0
181,16,449,428,2325,1601,0
181,17,449,428,2489,1612,0
181,18,449,428,488,2077,0
181,19,449,428,1366,798,0
181,20,449,428,190,1364,0
181,21,449,428,2898,1873,0
181,22,449,428,2802,484,0
181,23,449,428,1769,1361,0
181,24,449,428,1719,2907,0
181,25,449,428,203,816,0
181,26,449,428,1401,1966,0
181,27,449,428,565,2022,0
181,28,449,428,2418,1484,0
181,29,449,428,2744,2458,0
181,30,449,428,2840,2909,0
181,31,449,428,2633,2565,0
181,32,449,428,2705,1885,0
181,33,449,428,2153,2262,0
181,34,449,428,387,708,0
181,35,449,428,2510,1697,0
181,36,449,428,648,2898,0
181,37,449,428,652,1817,0
181,38,449,428,1578,698,0
181,39,449,428,2296,2101,0
181,40,449,428,1931,2689,0
181,41,449,428,526,1595,0
181,42,449,428,2293,1825,0
181,43,449,428,533,1404,0
181,44,449,428,2655,608,0
181,45,449,428,1891,927,0
181,46,449,428,362,551,0
181,47,449,428,517,432,0
181,48,449,428,554,2611,0
181,49,449,428,2495,1015,0
181,50,449,428,582,952,0
181,51,449,428,2325,1655,0
181,52,449,428,627,564,0
181,53,449,428,118,1718,0
181,54,449,428,1703,700,0
181,55,449,428,1698,1595,0
181,56,449,428,2867,2916,0
181,57,449,428,2436,1514,0
181,58,449,428,2012,2768,0
181,59,449,428,2307,1019,0
181,60,449,428,59,2441,0
181,61,449,428,1399,1108,0
181,62,449,428,2643,1912,0
181,63,449,428,2219,2119,0
181,64,449,428,2401,2202,0
181,65,449,428,387,1838,0
181,66,449,428,1601,1532,0
181,67,449,428,2837,72,0
181,68,449,428,1391,2951,0
181,69,449,428,595,1317,0
181,70,449,428,2920,540,0
181,71,449,428,2816,2465,0
181,72,449,428,2231,1907,0
181,73,449,428,1470,2429,0
181,74,449,428,2847,1382,0
181,75,449,428,1398,2370,0
181,76,449,428,1762,2756,0
181,77,449,428,95,1819,0
181,78,449,428,2814,2784,0
181,79,449,428,2728,847,0
181,80,449,428,1380,2542,0
181,81,449,428,1722,2778,0
181,82,449,428,2181,2634,0
181,83,449,428,2405,2720,0
181,84,449,428,2862,2797,0
181,85,449,428,598,2000,0
181,86,449,428,2675,1916,0
181,87,449,428,2094,513,0
181,88,449,428,89,2129,0
181,89,449,428,1347,973,0
181,90,449,428,1412,647,0
181,91,449,428,2716,1699,0
181,92,449,428,2679,301,0
181,93,449,428,2086,1982,0
181,94,449,428,750,2399,0
181,95,449,428,503,2249,0
181,96,449,428,1529,2820,0
181,97,449,428,116,1176,0
181,98,449,428,692,2813,0
181,99,449,428,231,639,0
181,100,449,428,2740,2598,0
181,101,449,428,224,2208,0
181,102,449,428,1683,724,0
181,103,449,428,1276,2330,0
181,104,449,428,107,933,0
181,105,449,428,1480,2153,0
181,106,449,428,891,1933,0
181,107,449,428,2849,2170,0
181,108,449,428,1226,2205,0
181,109,449,428,1117,460,0
181,110,449,428,1597,111,0
181,111,449,428,2174,2704,0
181,112,449,428,811,90,0
181,113,449,428,260,692,0
181,114,449,428,1967,1969,0
181,115,449,428,1133,2946,0
181,116,449,428,786,2901,0
181,117,449,428,312,1389,0
181,118,449,428,2476,340,0
181,119,449,428,2362,2436,0
181,120,449,428,1679,1396,0
181,121,449,428,2646,1977,0
181,122,449,428,1769,2613,0
181,123,449,428,636,2906,0
181,124,449,428,2503,2888,0
181,125,449,428,727,2051,0
181,126,449,428,339,2092,0
181,127,449,428,2559,1995,0
181,128,449,428,1491,2896,0
181,129,449,428,2256,1576,0
181,130,449,428,335,2848,0
181,131,449,428,1279,994,0
181,132,449,428,191,2042,0
181,133,449,428,2815,2594,0
181,134,449,428,1341,659,0
181,135,449,428,202,1952,0
181,136,449,428,2049,235,0
181,137,449,428,949,365,0
181,138,449,428,442,484,0
181,139,449,428,1496,989,0
181,140,449,428,1432,2260,0
181,141,449,428,378,1386,0
181,142,449,428,251,778,0
181,143,449,428,483,113,0
181,144,449,428,2426,100,0
181,145,449,428,2388,1563,0
181,146,449,428,2427,2993,0
181,147,449,428,1415,940,0
181,148,449,428,40,1221,0
181,149,449,428,415,137,0
181,150,449,428,256,2140,0
181,151,449,428,90,1522,0
181,152,449,428,1589,989,0
181,153,449,428,341,205,0
181,154,449,428,883,1339,0
181,155,449,428,280,1464,0
181,156,449,428,1201,2822,0
181,157,449,428,2942,1389,0
181,158,449,428,1138,2750,0
181,159,449,428,2639,1778,0
181,160,449,428,662,429,0
181,161,449,428,652,7,0
181,162,449,428,2034,2057,0
181,163,449,428,2854,2051,0
181,164,449,428,1441,1791,0
181,165,449,428,2428,256,0
181,166,449,428,112,2528,0
181,167,449,428,2873,2538,0
181,168,449,428,2900,823,0
181,169,449,428,263,2591,0
181,170,449,428,486,2698,0
181,171,449,428,568,150,0
181,172,449,428,1194,2604,0
181,173,449,428,1563,2193,0
181,174,449,428,882,2764,0
181,175,449,428,1800,2849,0
181,176,449,428,58,2694,0
181,177,449,428,2845,282,0
181,178,449,428,2776,2400,0
181,179,449,428,2493,1574,0
181,180,449,428,1075,1910,0
181,182,449,428,2039,1945,0
181,183,449,428,2887,271,0
181,184,449,428,1400,2901,0
181,185,449,428,2908,1118,0
181,186,449,428,1650,1604,0
181,187,449,428,2331,1718,0
181,188,449,428,1439,133,0
181,189,449,428,42,79,0
181,190,449,428,1558,1707,0
181,191,449,428,177,1143,0
181,192,449,428,2585,1501,0
181,193,449,428,888,374,0
181,194,449,428,263,2834,0
181,195,449,428,1595,2302,0
182,0,2039,1945,434,320,0
182,1,2039,1945,571,1612,0
182,2,2039,1945,135,2521,0
182,3,2039,1945,1047,2342,0
182,4,2039,1945,1231,1324,0
182,5,2039,1945,675,751,0
182,6,2039,1945,1122,987,0
182,7,2039,1945,242,2916,0
182,8,2039,1945,1743,2319,0
182,9,2039,1945,2618,754,0
182,10,2039,1945,2910,1478,0
182,11,2039,1945,2108,832,0
182,12,2039,1945,2,1143,0
182,13,2039,1945,1115,2279,0
182,14,2039,1945,1977,415,0
182,15,2039,1945,2226,1439,0
182,16,2039,1945,2325,1601,0
182,17,2039,1945,2489,1612,0
182,18,2039,1945,488,2077,0
182,19,2039,1945,1366,798,0
182,20,2039,1945,190,1364,0
182,21,2039,1945,2898,1873,0
182,22,2039,1945,2802,484,0
182,23,2039,1945,1769,1361,0
182,24,2039,1945,1719,2907,0
182,25,2039,1945,203,816,0
182,26,2039,1945,1401,1966,0
182,27,2039,1945,565,2022,0
182,28,2039,1945,2418,1484,0
182,29,2039,1945,2744,2458,0
182,30,2039,1945,2840,2909,0
182,31,2039,1945,2633,2565,0
182,32,2039,1945,2705,1885,0
182,33,2039,1945,2153,2262,0
182,34,2039,1945,387,708,0
182,35,2039,1945,2510,1697,0
182,36,2039,1945,648,2898,0
182,37,2039,1945,652,1817,0
182,38,2039,1945,1578,698,0
182,39,2039,1945,2296,2101,0
182,40,2039,1945,1931,2689,0
182,41,2039,1945,526,1595,0
182,42,2039,1945,2293,1825,0
182,43,2039,1945,533,1404,0
182,44,2039,1945,2655,608,0
182,45,2039,1945,1891,927,0
182,46,2039,1945,362,551,0
182,47,2039,1945,517,432,0
182,48,2039,1945,554,2611,0
182,49,2039,1945,2495,1015,0
182,50,2039,1945,582,952,0
182,51,2039,1945,2325,1655,0
182,52,2039,1945,627,564,0
182,53,2039,1945,118,1718,0
182,54,2039,1945,1703,700,0
182,55,2039,1945,1698,1595,0
182,56,2039,1945,2867,2916,0
182,57,2039,1945,2436,1514,0
182,58,2039,1945,2012,2768,0
182,59,2039,1945,2307,1019,0
182,60,2039,1945,59,2441,0
182,61,2039,1945,1399,1108,0
182,62,2039,1945,2643,1912,0
182,63,2039,1945,2219,2119,0
182,64,2039,1945,2401,2202,0
182,65,2039,1945,387,1838,0
182,66,2039,1945,1601,1532,0
182,67,2039,1945,2837,72,0
182,68,2039,1945,1391,2951,0
182,69,2039,1945,595,1317,0
182,70,2039,1945,2920,540,0
182,71,2039,1945,2816,2465,0
182,72,2039,1945,2231,1907,0
182,73,2039,1945,1470,2429,0
182,74,2039,1945,2847,1382,0
182,75,2039,1945,1398,2370,0
182,76,2039,1945,1762,2756,0
182,77,2039,1945,95,1819,0
182,78,2039,1945,2814,2784,0
182,79,2039,1945,2728,847,0
182,80,2039,1945,1380,2542,0
182,81,2039,1945,1722,2778,0
182,82,2039,1945,2181,2634,0
182,83,2039,1945,2405,2720,0
182,84,2039,1945,2862,2797,0
182,85,2039,1945,598,2000,0
182,86,2039,1945,2675,1916,0
182,87,2039,1945,2094,513,0
182,88,2039,1945,89,2129,0
182,89,2039,1945,1347,973,0
182,90,2039,1945,1412,647,0
182,91,2039,1945,2716,1699,0
182,92,2039,1945,2679,301,0
182,93,2039,1945,2086,1982,0
182,94,2039,1945,750,2399,0
182,95,2039,1945,503,2249,0
182,96,2039,1945,1529,2820,0
182,97,2039,1945,116,1176,0
182,98,2039,1945,692,2813,0
182,99,2039,1945,231,639,0
182,100,2039,1945,2740,2598,0
182,101,2039,1945,224,2208,0
182,102,2039,1945,1683,724,0
182,103,2039,1945,1276,2330,0
182,104,2039,1945,107,933,0
182,105,2039,1945,1480,2153,0
182,106,2039,1945,891,1933,0
182,107,2039,1945,2849,2170,0
182,108,2039,1945,1226,2205,0
182,109,2039,1945,1117,460,0
182,110,2039,1945,1597,111,0
182,111,2039,1945,2174,2704,0
182,112,2039,1945,811,90,0
182,113,2039,1945,260,692,0
182,114,2039,1945,1967,1969,1
182,115,2039,1945,1133,2946,0
182,116,2039,1945,786,2901,0
182,117,2039,1945,312,1389,0
182,118,2039,1945,2476,340,0
182,119,2039,1945,2362,2436,0
182,120,2039,1945,1679,1396,0
182,121,2039,1945,2646,1977,0
182,122,2039,1945,1769,2613,0
182,123,2039,1945,636,2906,0
182,124,2039,1945,2503,2888,0
182,125,2039,1945,727,2051,0
182,126,2039,1945,339,2092,0
182,127,2039,1945,2559,1995,0
182,128,2039,1945,1491,2896,0
182,129,2039,1945,2256,1576,0
182,130,2039,1945,335,2848,0
182,131,2039,1945,1279,994,0
182,132,2039,1945,191,2042,0
182,133,2039,1945,2815,2594,0
182,134,2039,1945,1341,659,0
182,135,2039,1945,202,1952,0
182,136,2039,1945,2049,235,0
182,137,2039,1945,949,365,0
182,138,2039,1945,442,484,0
182,139,2039,1945,1496,989,0
182,140,2039,1945,1432,2260,0
182,141,2039,1945,378,1386,0
182,142,2039,1945,251,778,0
182,143,2039,1945,483,113,0
182,144,2039,1945,2426,100,0
182,145,2039,1945,2388,1563,0
182,146,2039,1945,2427,2993,0
182,147,2039,1945,1415,940,0
182,148,2039,1945,40,1221,0
182,149,2039,1945,415,137,0
182,150,2039,1945,256,2140,0
182,151,2039,1945,90,1522,0
182,152,2039,1945,1589,989,0
182,153,2039,1945,341,205,0
182,154,2039,1945,883,1339,0
182,155,2039,1945,280,1464,0
182,156,2039,1945,1201,2822,0
182,157,2039,1945,2942,1389,0
182,158,2039,1945,1138,2750,0
182,159,2039,1945,2639,1778,0
182,160,2039,1945,662,429,0
182,161,2039,1945,652,7,0
182,162,2039,1945,2034,2057,0
182,163,2039,1945,2854,2051,0
182,164,2039,1945,1441,1791,0
182,165,2039,1945,2428,256,0
182,166,2039,1945,112,2528,0
182,167,2039,1945,2873,2538,0
182,168,2039,1945,2900,823,0
182,169,2039,1945,263,2591,0
182,170,2039,1945,486,2698,0
182,171,2039,1945,568,150,0
182,172,2039,1945,1194,2604,0
182,173,2039,1945,1563,2193,0
182,174,2039,1945,882,2764,0
182,175,2039,1945,1800,2849,0
182,176,2039,1945,58,2694,0
182,177,2039,1945,2845,282,0
182,178,2039,1945,2776,2400,0
182,179,2039,1945,2493,1574,0
182,180,2039,1945,1075,1910,0
182,181,2039,1945,449,428,0
182,183,2039,1945,2887,271,0
182,184,2039,1945,1400,2901,0
182,185,2039,1945,2908,1118,0
182,186,2039,1945,1650,1604,0
182,187,2039,1945,2331,1718,0
182,188,2039,1945,1439,133,0
182,189,2039,1945,42,79,0
182,190,2039,1945,1558,1707,0
182,191,2039,1945,177,1143,0
182,192,2039,1945,2585,1501,0
182,193,2039,1945,888,374,0
182,194,2039,1945,263,2834,0
182,195,2039,1945,1595,2302,0
183,0,2887,271,434,320,0
183,1,2887,271,571,1612,0
183,2,2887,271,135,2521,0
183,3,2887,271,1047,2342,0
183,4,2887,271,1231,1324,0
183,5,2887,271,675,751,0
183,6,2887,271,1122,987,0
183,7,2887,271,242,2916,0
183,8,2887,271,1743,2319,0
183,9,2887,271,2618,754,0
183,10,2887,271,2910,1478,0
183,11,2887,271,2108,832,0
183,12,2887,271,2,1143,0
183,13,2887,271,1115,2279,0
183,14,2887,271,1977,415,0
183,15,2887,271,2226,1439,0
183,16,2887,271,2325,1601,0
183,17,2887,271,2489,1612,0
183,18,2887,271,488,2077,0
183,19,2887,271,1366,798,0
183,20,2887,271,190,1364,0
183,21,2887,271,2898,1873,0
183,22,2887,271,2802,484,0
183,23,2887,271,1769,1361,0
183,24,2887,271,1719,2907,0
183,25,2887,271,203,816,0
183,26,2887,271,1401,1966,0
183,27,2887,271,565,2022,0
183,28,2887,271,2418,1484,0
183,29,2887,271,2744,2458,0
183,30,2887,271,2840,2909,0
183,31,2887,271,2633,2565,0
183,32,2887,271,2705,1885,0
183,33,2887,271,2153,2262,0
183,34,2887,271,387,708,0
183,35,2887,271,2510,1697,0
183,36,2887,271,648,2898,0
183,37,2887,271,652,1817,0
183,38,2887,271,1578,698,0
183,39,2887,271,2296,2101,0
183,40,2887,271,1931,2689,0
183,41,2887,271,526,1595,0
183,42,2887,271,2293,1825,0
183,43,2887,271,533,1404,0
183,44,2887,271,2655,608,0
183,45,2887,271,1891,927,0
183,46,2887,271,362,551,0
183,47,2887,271,517,432,0
183,48,2887,271,554,2611,0
183,49,2887,271,2495,1015,0
183,50,2887,271,582,952,0
183,51,2887,271,2325,1655,0
183,52,2887,271,627,564,0
183,53,2887,271,118,1718,0
183,54,2887,271,1703,700,0
183,55,2887,271,1698,1595,0
183,56,2887,271,2867,2916,0
183,57,2887,271,2436,1514,0
183,58,2887,271,2012,2768,0
183,59,2887,271,2307,1019,0
183,60,2887,271,59,2441,0
183,61,2887,271,1399,1108,0
183,62,2887,271,2643,1912,0
183,63,2887,271,2219,2119,0
183,64,2887,271,2401,2202,0
183,65,2887,271,387,1838,0
183,66,2887,271,1601,1532,0
183,67,2887,271,2837,72,0
183,68,2887,271,1391,2951,0
183,69,2887,271,595,1317,0
183,70,2887,271,2920,540,0
183,71,2887,271,2816,2465,0
183,72,2887,271,2231,1907,0
183,73,2887,271,1470,2429,0
183,74,2887,271,2847,1382,0
183,75,2887,271,1398,2370,0
183,76,2887,271,1762,2756,0
183,77,2887,271,95,1819,0
183,78,2887,271,2814,2784,0
183,79,2887,271,2728,847,0
183,80,2887,271,1380,2542,0
183,81,2887,271,1722,2778,0
183,82,2887,271,2181,2634,0
183,83,2887,271,2405,2720,0
183,84,2887,271,2862,2797,0
183,85,2887,271,598,2000,0
183,86,2887,271,2675,1916,0
183,87,2887,271,2094,513,0
183,88,2887,271,89,2129,0
183,89,2887,271,1347,973,0
183,90,2887,271,1412,647,0
183,91,2887,271,2716,1699,0
183,92,2887,271,2679,301,0
183,93,2887,271,2086,1982,0
183,94,2887,271,750,2399,0
183,95,2887,271,503,2249,0
183,96,2887,271,1529,2820,0
183,97,2887,271,116,1176,0
183,98,2887,271,692,2813,0
183,99,2887,271,231,639,0
183,100,2887,271,2740,2598,0
183,101,2887,271,224,2208,0
183,102,2887,271,1683,724,0
183,103,2887,271,1276,2330,0
183,104,2887,271,107,933,0
183,105,2887,271,1480,2153,0
183,106,2887,271,891,1933,0
183,107,2887,271,2849,2170,0
183,108,2887,271,1226,2205,0
183,109,2887,271,1117,460,0
183,110,2887,271,1597,111,0
183,111,2887,271,2174,2704,0
183,112,2887,271,811,90,0
183,113,2887,271,260,692,0
183,114,2887,271,1967,1969,0
183,115,2887,271,1133,2946,0
183,116,2887,271,786,2901,0
183,117,2887,271,312,1389,0
183,118,2887,271,2476,340,0
183,119,2887,271,2362,2436,0
183,120,2887,271,1679,1396,0
183,121,2887,271,2646,1977,0
183,122,2887,271,1769,2613,0
183,123,2887,271,636,2906,0
183,124,2887,271,2503,2888,0
183,125,2887,271,727,2051,0
183,126,2887,271,339,2092,0
183,127,2887,271,2559,1995,0
183,128,2887,271,1491,2896,0
183,129,2887,271,2256,1576,0
183,130,2887,271,335,2848,0
183,131,2887,271,1279,994,0
183,132,2887,271,191,2042,0
183,133,2887,271,2815,2594,0
183,134,2887,271,1341,659,0
183,135,2887,271,202,1952,0
183,136,2887,271,2049,235,0
183,137,2887,271,949,365,0
183,138,2887,271,442,484,0
183,139,2887,271,1496,989,0
183,140,2887,271,1432,2260,0
183,141,2887,271,378,1386,0
183,142,2887,271,251,778,0
183,143,2887,271,483,113,0
183,144,2887,271,2426,100,0
183,145,2887,271,2388,1563,0
183,146,2887,271,2427,2993,0
183,147,2887,271,1415,940,0
183,148,2887,271,40,1221,0
183,149,2887,271,415,137,0
183,150,2887,271,256,2140,0
183,151,2887,271,90,1522,0
183,152,2887,271,1589,989,0
183,153,2887,271,341,205,0
183,154,2887,271,883,1339,0
183,155,2887,271,280,1464,0
183,156,2887,271,1201,2822,0
183,157,2887,271,2942,1389,0
183,158,2887,271,1138,2750,0
183,159,2887,271,2639,1778,0
183,160,2887,271,662,429,0
183,161,2887,271,652,7,0
183,162,2887,271,2034,2057,0
183,163,2887,271,2854,2051,0
183,164,2887,271,1441,1791,0
183,165,2887,271,2428,256,0
183,166,2887,271,112,2528,0
183,167,2887,271,2873,2538,0
183,168,2887,271,2900,823,0
183,169,2887,271,263,2591,0
183,170,2887,271,486,2698,0
183,171,2887,271,568,150,0
183,172,2887,271,1194,2604,0
183,173,2887,271,1563,2193,0
183,174,2887,271,882,2764,0
183,175,2887,271,1800,2849,0
183,176,2887,271,58,2694,0
183,177,2887,271,2845,282,1
183,178,2887,271,2776,2400,0
183,179,2887,271,2493,1574,0
183,180,2887,271,1075,1910,0
183,181,2887,271,449,428,0
183,182,2887,271,2039,1945,0
183,184,2887,271,1400,2901,0
183,185,2887,271,2908,1118,0
183,186,2887,271,1650,1604,0
183,187,2887,271,2331,1718,0
183,188,2887,271,1439,133,0
183,189,2887,271,42,79,0
183,190,2887,271,1558,1707,0
183,191,2887,271,177,1143,0
183,192,2887,271,2585,1501,0
183,193,2887,271,888,374,0
183,194,2887,271,263,2834,0
183,195,2887,271,1595,2302,0
184,0,1400,2901,434,320,0
184,1,1400,2901,571,1612,0
184,2,1400,2901,135,2521,0
184,3,1400,2901,1047,2342,0
184,4,1400,2901,1231,1324,0
184,5,1400,2901,675,751,0
184,6,1400,2901,1122,987,0
184,7,1400,2901,242,2916,0
184,8,1400,2901,1743,2319,0
184,9,1400,2901,2618,754,0
184,10,1400,2901,2910,1478,0
184,11,1400,2901,2108,832,0
184,12,1400,2901,2,1143,0
184,13,1400,2901,1115,2279,0
184,14,1400,2901,1977,415,0
184,15,1400,2901,2226,1439,0
184,16,1400,2901,2325,1601,0
184,17,1400,2901,2489,1612,0
184,18,1400,2901,488,2077,0
184,19,1400,2901,1366,798,0
184,20,1400,2901,190,1364,0
184,21,1400,2901,2898,1873,0
184,22,1400,2901,2802,484,0
184,23,1400,2901,1769,1361,0
184,24,1400,2901,1719,2907,0
184,25,1400,2901,203,816,0
184,26,1400,2901,1401,1966,0
184,27,1400,2901,565,2022,0
184,28,1400,2901,2418,1484,0
184,29,1400,2901,2744,2458,0
184,30,1400,2901,2840,2909,0
184,31,1400,2901,2633,2565,0
184,32,1400,2901,2705,1885,0
184,33,1400,2901,2153,2262,0
184,34,1400,2901,387,708,0
184,35,1400,2901,2510,1697,0
184,36,1400,2901,648,2898,0
184,37,1400,2901,652,1817,0
184,38,1400,2901,1578,698,0
184,39,1400,2901,2296,2101,0
184,40,1400,2901,1931,2689,0
184,41,1400,2901,526,1595,0
184,42,1400,2901,2293,1825,0
184,43,1400,2901,533,1404,0
184,44,1400,2901,2655,608,0
184,45,1400,2901,1891,927,0
184,46,1400,2901,362,551,0
184,47,1400,2901,517,432,0
184,48,1400,2901,554,2611,0
184,49,1400,2901,2495,1015,0
184,50,1400,2901,582,952,0
184,51,1400,2901,2325,1655,0
184,52,1400,2901,627,564,0
184,53,1400,2901,118,1718,0
184,54,1400,2901,1703,700,0
184,55,1400,2901,1698,1595,0
184,56,1400,2901,2867,2916,0
184,57,1400,2901,2436,1514,0
184,58,1400,2901,2012,2768,0
184,59,1400,2901,2307,1019,0
184,60,1400,2901,59,2441,0
184,61,1400,2901,1399,1108,0
184,62,1400,2901,2643,1912,0
184,63,1400,2901,2219,2119,0
184,64,1400,2901,2401,2202,0
184,65,1400,2901,387,1838,0
184,66,1400,2901,1601,1532,0
184,67,1400,2901,2837,72,0
184,68,1400,2901,1391,2951,1
184,69,1400,2901,595,1317,0
184,70,1400,2901,2920,540,0
184,71,1400,2901,2816,2465,0
184,72,1400,2901,2231,1907,0
184,73,1400,2901,1470,2429,0
184,74,1400,2901,2847,1382,0
184,75,1400,2901,1398,2370,0
184,76,1400,2901,1762,2756,0
184,77,1400,2901,95,1819,0
184,78,1400,2901,2814,2784,0
184,79,1400,2901,2728,847,0
184,80,1400,2901,1380,2542,0
184,81,1400,2901,1722,2778,0
184,82,1400,2901,2181,2634,0
184,83,1400,2901,2405,2720,0
184,84,1400,2901,2862,2797,0
184,85,1400,2901,598,2000,0
184,86,1400,2901,2675,1916,0
184,87,1400,2901,2094,513,0
184,88,1400,2901,89,2129,0
184,89,1400,2901,1347,973,0
184,90,1400,2901,1412,647,0
184,91,1400,2901,2716,1699,0
184,92,1400,2901,2679,301,0
184,93,1400,2901,2086,1982,0
184,94,1400,2901,750,2399,0
184,95,1400,2901,503,2249,0
184,96,1400,2901,1529,2820,0
184,97,1400,2901,116,1176,0
184,98,1400,2901,692,2813,0
184,99,1400,2901,231,639,0
184,100,1400,2901,2740,2598,0
184,101,1400,2901,224,2208,0
184,102,1400,2901,1683,724,0
184,103,1400,2901,1276,2330,0
184,104,1400,2901,107,933,0
184,105,1400,2901,1480,2153,0
184,106,1400,2901,891,1933,0
184,107,1400,2901,2849,2170,0
184,108,1400,2901,1226,2205,0
184,109,1400,2901,1117,460,0
184,110,1400,2901,1597,111,0
184,111,1400,2901,2174,2704,0
184,112,1400,2901,811,90,0
184,113,1400,2901,260,692,0
184,114,1400,2901,1967,1969,0
184,115,1400,2901,1133,2946,0
184,116,1400,2901,786,2901,0
184,117,1400,2901,312,1389,0
184,118,1400,2901,2476,340,0
184,119,1400,2901,2362,2436,0
184,120,1400,2901,1679,1396,0
184,121,1400,2901,2646,1977,0
184,122,1400,2901,1769,2613,0
184,123,1400,2901,636,2906,0
184,124,1400,2901,2503,2888,0
184,125,1400,2901,727,2051,0
184,126,1400,2901,339,2092,0
184,127,1400,2901,2559,1995,0
184,128,1400,2901,1491,2896,0
184,129,1400,2901,2256,1576,0
184,130,1400,2901,335,2848,0
184,131,1400,2901,1279,994,0
184,132,1400,2901,191,2042,0
184,133,1400,2901,2815,2594,0
184,134,1400,2901,1341,659,0
184,135,1400,2901,202,1952,0
184,136,1400,2901,2049,235,0
184,137,1400,2901,949,365,0
184,138,1400,2901,442,484,0
184,139,1400,2901,1496,989,0
184,140,1400,2901,1432,2260,0
184,141,1400,2901,378,1386,0
184,142,1400,2901,251,778,0
184,143,1400,2901,483,113,0
184,144,1400,2901,2426,100,0
184,145,1400,2901,2388,1563,0
184,146,1400,2901,2427,2993,0
184,147,1400,2901,1415,940,0
184,148,1400,2901,40,1221,0
184,149,1400,2901,415,137,0
184,150,1400,2901,256,2140,0
184,151,1400,2901,90,1522,0
184,152,1400,2901,1589,989,0
184,153,1400,2901,341,205,0
184,154,1400,2901,883,1339,0
184,155,1400,2901,280,1464,0
184,156,1400,2901,1201,2822,0
184,157,1400,2901,2942,1389,0
184,158,1400,2901,1138,2750,0
184,159,1400,2901,2639,1778,0
184,160,1400,2901,662,429,0
184,161,1400,2901,652,7,0
184,162,1400,2901,2034,2057,0
184,163,1400,2901,2854,2051,0
184,164,1400,2901,1441,1791,0
184,165,1400,2901,2428,256,0
184,166,1400,2901,112,2528,0
184,167,1400,2901,2873,2538,0
184,168,1400,2901,2900,823,0
184,169,1400,2901,263,2591,0
184,170,1400,2901,486,2698,0
184,171,1400,2901,568,150,0
184,172,1400,2901,1194,2604,0
184,173,1400,2901,1563,2193,0
184,174,1400,2901,882,2764,0
184,175,1400,2901,1800,2849,0
184,176,1400,2901,58,2694,0
184,177,1400,2901,2845,282,0
184,178,1400,2901,2776,2400,0
184,179,1400,2901,2493,1574,0
184,180,1400,2901,1075,1910,0
184,181,1400,2901,449,428,0
184,182,1400,2901,2039,1945,0
184,183,1400,2901,2887,271,0
184,185,1400,2901,2908,1118,0
184,186,1400,2901,1650,1604,0
184,187,1400,2901,2331,1718,0
184,188,1400,2901,1439,133,0
184,189,1400,2901,42,79,0
184,190,1400,2901,1558,1707,0
184,191,1400,2901,177,1143,0
184,192,1400,2901,2585,1501,0
184,193,1400,2901,888,374,0
184,194,1400,2901,263,2834,0
184,195,1400,2901,1595,2302,0
185,0,2908,1118,434,320,0
185,1,2908,1118,571,1612,0
185,2,2908,1118,135,2521,0
185,3,2908,1118,1047,2342,0
185,4,2908,1118,1231,1324,0
185,5,2908,1118,675,751,0
185,6,2908,1118,1122,987,0
185,7,2908,1118,242,2916,0
185,8,2908,1118,1743,2319,0
185,9,2908,1118,2618,754,0
185,10,2908,1118,2910,1478,0
185,11,2908,1118,2108,832,0
185,12,2908,1118,2,1143,0
185,13,2908,1118,1115,2279,0
185,14,2908,1118,1977,415,0
185,15,2908,1118,2226,1439,0
185,16,2908,1118,2325,1601,0
185,17,2908,1118,2489,1612,0
185,18,2908,1118,488,2077,0
185,19,2908,1118,1366,798,0
185,20,2908,1118,190,1364,0
185,21,2908,1118,2898,1873,0
185,22,2908,1118,2802,484,0
185,23,2908,1118,1769,1361,0
185,24,2908,1118,1719,2907,0
185,25,2908,1118,203,816,0
185,26,2908,1118,1401,1966,0
185,27,2908,1118,565,2022,0
185,28,2908,1118,2418,1484,0
185,29,2908,1118,2744,2458,0
185,30,2908,1118,2840,2909,0
185,31,2908,1118,2633,2565,0
185,32,2908,1118,2705,1885,0
185,33,2908,1118,2153,2262,0
185,34,2908,1118,387,708,0
185,35,2908,1118,2510,1697,0
185,36,2908,1118,648,2898,0
185,37,2908,1118,652,1817,0
185,38,2908,1118,1578,698,0
185,39,2908,1118,2296,2101,0
185,40,2908,1118,1931,2689,0
185,41,2908,1118,526,1595,0
185,42,2908,1118,2293,1825,0
185,43,2908,1118,533,1404,0
185,44,2908,1118,2655,608,0
185,45,2908,1118,1891,927,0
185,46,2908,1118,362,551,0
185,47,2908,1118,517,432,0
185,48,2908,1118,554,2611,0
185,49,2908,1118,2495,1015,0
185,50,2908,1118,582,952,0
185,51,2908,1118,2325,1655,0
185,52,2908,1118,627,564,0
185,53,2908,1118,118,1718,0
185,54,2908,1118,1703,700,0
185,55,2908,1118,1698,1595,0
185,56,2908,1118,2867,2916,0
185,57,2908,1118,2436,1514,0
185,58,2908,1118,2012,2768,0
185,59,2908,1118,2307,1019,0
185,60,2908,1118,59,2441,0
185,61,2908,1118,1399,1108,0
185,62,2908,1118,2643,1912,0
185,63,2908,1118,2219,2119,0
185,64,2908,1118,2401,2202,0
185,65,2908,1118,387,1838,0
185,66,2908,1118,1601,1532,0
185,67,2908,1118,2837,72,0
185,68,2908,1118,1391,2951,0
185,69,2908,1118,595,1317,0
185,70,2908,1118,2920,540,0
185,71,2908,1118,2816,2465,0
185,72,2908,1118,2231,1907,0
185,73,2908,1118,1470,2429,0
185,74,2908,1118,2847,1382,1
185,75,2908,1118,1398,2370,0
185,76,2908,1118,1762,2756,0
185,77,2908,1118,95,1819,0
185,78,2908,1118,2814,2784,0
185,79,2908,1118,2728,847,0
185,80,2908,1118,1380,2542,0
185,81,2908,1118,1722,2778,0
185,82,2908,1118,2181,2634,0
185,83,2908,1118,2405,2720,0
185,84,2908,1118,2862,2797,0
185,85,2908,1118,598,2000,0
185,86,2908,1118,2675,1916,0
185,87,2908,1118,2094,513,0
185,88,2908,1118,89,2129,0
185,89,2908,1118,1347,973,0
185,90,2908,1118,1412,647,0
185,91,2908,1118,2716,1699,0
185,92,2908,1118,2679,301,0
185,93,2908,1118,2086,1982,0
185,94,2908,1118,750,2399,0
185,95,2908,1118,503,2249,0
185,96,2908,1118,1529,2820,0
185,97,2908,1118,116,1176,0
185,98,2908,1118,692,2813,0
185,99,2908,1118,231,639,0
185,100,2908,1118,2740,2598,0
185,101,2908,1118,224,2208,0
185,102,2908,1118,1683,724,0
185,103,2908,1118,1276,2330,0
185,104,2908,1118,107,933,0
185,105,2908,1118,1480,2153,0
185,106,2908,1118,891,1933,0
185,107,2908,1118,2849,2170,0
185,108,2908,1118,1226,2205,0
185,109,2908,1118,1117,460,0
185,110,2908,1118,1597,111,0
185,111,2908,1118,2174,2704,0
185,112,2908,1118,811,90,0
185,113,2908,1118,260,692,0
185,114,2908,1118,1967,1969,0
185,115,2908,1118,1133,2946,0
185,116,2908,1118,786,2901,0
185,117,2908,1118,312,1389,0
185,118,2908,1118,2476,340,0
185,119,2908,1118,2362,2436,0
185,120,2908,1118,1679,1396,0
185,121,2908,1118,2646,1977,0
185,122,2908,1118,1769,2613,0
185,123,2908,1118,636,2906,0
185,124,2908,1118,2503,2888,0
185,125,2908,1118,727,2051,0
185,126,2908,1118,339,2092,0
185,127,2908,1118,2559,1995,0
185,128,2908,1118,1491,2896,0
185,129,2908,1118,2256,1576,0
185,130,2908,1118,335,2848,0
185,131,2908,1118,1279,994,0
185,132,2908,1118,191,2042,0
185,133,2908,1118,2815,2594,0
185,134,2908,1118,1341,659,0
185,135,2908,1118,202,1952,0
185,136,2908,1118,2049,235,0
185,137,2908,1118,949,365,0
185,138,2908,1118,442,484,0
185,139,2908,1118,1496,989,0
185,140,2908,1118,1432,2260,0
185,141,2908,1118,378,1386,0
185,142,2908,1118,251,778,0
185,143,2908,1118,483,113,0
185,144,2908,1118,2426,100,0
185,145,2908,1118,2388,1563,0
185,146,2908,1118,2427,2993,0
185,147,2908,1118,1415,940,0
185,148,2908,1118,40,1221,0
185,149,2908,1118,415,137,0
185,150,2908,1118,256,2140,0
185,151,2908,1118,90,1522,0
185,152,2908,1118,1589,989,0
185,153,2908,1118,341,205,0
185,154,2908,1118,883,1339,0
185,155,2908,1118,280,1464,0
185,156,2908,1118,1201,2822,0
185,157,2908,1118,2942,1389,0
185,158,2908,1118,1138,2750,0
185,159,2908,1118,2639,1778,0
185,160,2908,1118,662,429,0
185,161,2908,1118,652,7,0
185,162,2908,1118,2034,2057,0
185,163,2908,1118,2854,2051,0
185,164,2908,1118,1441,1791,0
185,165,2908,1118,2428,256,0
185,166,2908,1118,112,2528,0
185,167,2908,1118,2873,2538,0
185,168,2908,1118,2900,823,0
185,169,2908,1118,263,2591,0
185,170,2908,1118,486,2698,0
185,171,2908,1118,568,150,0
185,172,2908,1118,1194,2604,0
185,173,2908,1118,1563,2193,0
185,174,2908,1118,882,2764,0
185,175,2908,1118,1800,2849,0
185,176,2908,1118,58,2694,0
185,177,2908,1118,2845,282,0
185,178,2908,1118,2776,2400,0
185,179,2908,1118,2493,1574,0
185,180,2908,1118,1075,1910,0
185,181,2908,1118,449,428,0
185,182,2908,1118,2039,1945,0
185,183,2908,1118,2887,271,0
185,184,2908,1118,1400,2901,0
185,186,2908,1118,1650,1604,0
185,187,2908,1118,2331,1718,0
185,188,2908,1118,1439,133,0
185,189,2908,1118,42,79,0
185,190,2908,1118,1558,1707,0
185,191,2908,1118,177,1143,0
185,192,2908,1118,2585,1501,0
185,193,2908,1118,888,374,0
185,194,2908,1118,263,2834,0
185,195,2908,1118,1595,2302,0
186,0,1650,1604,434,320,0
186,1,1650,1604,571,1612,0
186,2,1650,1604,135,2521,0
186,3,1650,1604,1047,2342,0
186,4,1650,1604,1231,1324,0
186,5,1650,1604,675,751,0
186,6,1650,1604,1122,987,0
186,7,1650,1604,242,2916,0
186,8,1650,1604,1743,2319,0
186,9,1650,1604,2618,754,0
186,10,1650,1604,2910,1478,0
186,11,1650,1604,2108,832,0
186,12,1650,1604,2,1143,0
186,13,1650,1604,1115,2279,0
186,14,1650,1604,1977,415,0
186,15,1650,1604,2226,1439,0
186,16,1650,1604,2325,1601,0
186,17,1650,1604,2489,1612,0
186,18,1650,1604,488,2077,0
186,19,1650,1604,1366,798,0
186,20,1650,1604,190,1364,0
186,21,1650,1604,2898,1873,0
186,22,1650,1604,2802,484,0
186,23,1650,1604,1769,1361,0
186,24,1650,1604,1719,2907,0
186,25,1650,1604,203,816,0
186,26,1650,1604,1401,1966,0
186,27,1650,1604,565,2022,0
186,28,1650,1604,2418,1484,0
186,29,1650,1604,2744,2458,0
186,30,1650,1604,2840,2909,0
186,31,1650,1604,2633,2565,0
186,32,1650,1604,2705,1885,0
186,33,1650,1604,2153,2262,0
186,34,1650,1604,387,708,0
186,35,1650,1604,2510,1697,0
186,36,1650,1604,648,2898,0
186,37,1650,1604,652,1817,0
186,38,1650,1604,1578,698,0
186,39,1650,1604,2296,2101,0
186,40,1650,1604,1931,2689,0
186,41,1650,1604,526,1595,0
186,42,1650,1604,2293,1825,0
186,43,1650,1604,533,1404,0
186,44,1650,1604,2655,608,0
186,45,1650,1604,1891,927,0
186,46,1650,1604,362,551,0
186,47,1650,1604,517,432,0
186,48,1650,1604,554,2611,0
186,49,1650,1604,2495,1015,0
186,50,1650,1604,582,952,0
186,51,1650,1604,2325,1655,0
186,52,1650,1604,627,564,0
186,53,1650,1604,118,1718,0
186,54,1650,1604,1703,700,0
186,55,1650,1604,1698,1595,1
186,56,1650,1604,2867,2916,0
186,57,1650,1604,2436,1514,0
186,58,1650,1604,2012,2768,0
186,59,1650,1604,2307,1019,0
186,60,1650,1604,59,2441,0
186,61,1650,1604,1399,1108,0
186,62,1650,1604,2643,1912,0
186,63,1650,1604,2219,2119,0
186,64,1650,1604,2401,2202,0
186,65,1650,1604,387,1838,0
186,66,1650,1604,1601,1532,0
186,67,1650,1604,2837,72,0
186,68,1650,1604,1391,2951,0
186,69,1650,1604,595,1317,0
186,70,1650,1604,2920,540,0
186,71,1650,1604,2816,2465,0
186,72,1650,1604,2231,1907,0
186,73,1650,1604,1470,2429,0
186,74,1650,1604,2847,1382,0
186,75,1650,1604,1398,2370,0
186,76,1650,1604,1762,2756,0
186,77,1650,1604,95,1819,0
186,78,1650,1604,2814,2784,0
186,79,1650,1604,2728,847,0
186,80,1650,1604,1380,2542,0
186,81,1650,1604,1722,2778,0
186,82,1650,1604,2181,2634,0
186,83,1650,1604,2405,2720,0
186,84,1650,1604,2862,2797,0
186,85,1650,1604,598,2000,0
186,86,1650,1604,2675,1916,0
186,87,1650,1604,2094,513,0
186,88,1650,1604,89,2129,0
186,89,1650,1604,1347,973,0
186,90,1650,1604,1412,647,0
186,91,1650,1604,2716,1699,0
186,92,1650,1604,2679,301,0
186,93,1650,1604,2086,1982,0
186,94,1650,1604,750,2399,0
186,95,1650,1604,503,2249,0
186,96,1650,1604,1529,2820,0
186,97,1650,1604,116,1176,0
186,98,1650,1604,692,2813,0
186,99,1650,1604,231,639,0
186,100,1650,1604,2740,2598,0
186,101,1650,1604,224,2208,0
186,102,1650,1604,1683,724,0
186,103,1650,1604,1276,2330,0
186,104,1650,1604,107,933,0
186,105,1650,1604,1480,2153,0
186,106,1650,1604,891,1933,0
186,107,1650,1604,2849,2170,0
186,108,1650,1604,1226,2205,0
186,109,1650,1604,1117,460,0
186,110,1650,1604,1597,111,0
186,111,1650,1604,2174,2704,0
186,112,1650,1604,811,90,0
186,113,1650,1604,260,692,0
186,114,1650,1604,1967,1969,0
186,115,1650,1604,1133,2946,0
186,116,1650,1604,786,2901,0
186,117,1650,1604,312,1389,0
186,118,1650,1604,2476,340,0
186,119,1650,1604,2362,2436,0
186,120,1650,1604,1679,1396,0
186,121,1650,1604,2646,1977,0
186,122,1650,1604,1769,2613,0
186,123,1650,1604,636,2906,0
186,124,1650,1604,2503,2888,0
186,125,1650,1604,727,2051,0
186,126,1650,1604,339,2092,0
186,127,1650,1604,2559,1995,0
186,128,1650,1604,1491,2896,0
186,129,1650,1604,2256,1576,0
186,130,1650,1604,335,2848,0
186,131,1650,1604,1279,994,0
186,132,1650,1604,191,2042,0
186,133,1650,1604,2815,2594,0
186,134,1650,1604,1341,659,0
186,135,1650,1604,202,1952,0
186,136,1650,1604,2049,235,0
186,137,1650,1604,949,365,0
186,138,1650,1604,442,484,0
186,139,1650,1604,1496,989,0
186,140,1650,1604,1432,2260,0
186,141,1650,1604,378,1386,0
186,142,1650,1604,251,778,0
186,143,1650,1604,483,113,0
186,144,1650,1604,2426,100,0
186,145,1650,1604,2388,1563,0
186,146,1650,1604,2427,2993,0
186,147,1650,1604,1415,940,0
186,148,1650,1604,40,1221,0
186,149,1650,1604,415,137,0
186,150,1650,1604,256,2140,0
186,151,1650,1604,90,1522,0
186,152,1650,1604,1589,989,0
186,153,1650,1604,341,205,0
186,154,1650,1604,883,1339,0
186,155,1650,1604,280,1464,0
186,156,1650,1604,1201,2822,0
186,157,1650,1604,2942,1389,0
186,158,1650,1604,1138,2750,0
186,159,1650,1604,2639,1778,0
186,160,1650,1604,662,429,0
186,161,1650,1604,652,7,0
186,162,1650,1604,2034,2057,0
186,163,1650,1604,2854,2051,0
186,164,1650,1604,1441,1791,0
186,165,1650,1604,2428,256,0
186,166,1650,1604,112,2528,0
186,167,1650,1604,2873,2538,0
186,168,1650,1604,2900,823,0
186,169,1650,1604,263,2591,0
186,170,1650,1604,486,2698,0
186,171,1650,1604,568,150,0
186,172,1650,1604,1194,2604,0
186,173,1650,1604,1563,2193,0
186,174,1650,1604,882,2764,0
186,175,1650,1604,1800,2849,0
186,176,1650,1604,58,2694,0
186,177,1650,1604,2845,282,0
186,178,1650,1604,2776,2400,0
186,179,1650,1604,2493,1574,0
186,180,1650,1604,1075,1910,0
186,181,1650,1604,449,428,0
186,182,1650,1604,2039,1945,0
186,183,1650,1604,2887,271,0
186,184,1650,1604,1400,2901,0
186,185,1650,1604,2908,1118,0
186,187,1650,1604,2331,1718,0
186,188,1650,1604,1439,133,0
186,189,1650,1604,42,79,0
186,190,1650,1604,1558,1707,0
186,191,1650,1604,177,1143,0
186,192,1650,1604,2585,1501,0
186,193,1650,1604,888,374,0
186,194,1650,1604,263,2834,0
186,195,1650,1604,1595,2302,0
187,0,2331,1718,434,320,0
187,1,2331,1718,571,1612,0
187,2,2331,1718,135,2521,0
187,3,2331,1718,1047,2342,0
187,4,2331,1718,1231,1324,0
187,5,2331,1718,675,751,0
187,6,2331,1718,1122,987,0
187,7,2331,1718,242,2916,0
187,8,2331,1718,1743,2319,0
187,9,2331,1718,2618,754,0
187,10,2331,1718,2910,1478,0
187,11,2331,1718,2108,832,0
187,12,2331,1718,2,1143,0
187,13,2331,1718,1115,2279,0
187,14,2331,1718,1977,415,0
187,15,2331,1718,2226,1439,0
187,16,2331,1718,2325,1601,0
187,17,2331,1718,2489,1612,0
187,18,2331,1718,488,2077,0
187,19,2331,1718,1366,798,0
187,20,2331,1718,190,1364,0
187,21,2331,1718,2898,1873,0
187,22,2331,1718,2802,484,0
187,23,2331,1718,1769,1361,0
187,24,2331,1718,1719,2907,0
187,25,2331,1718,203,816,0
187,26,2331,1718,1401,1966,0
187,27,2331,1718,565,2022,0
187,28,2331,1718,2418,1484,0
187,29,2331,1718,2744,2458,0
187,30,2331,1718,2840,2909,0
187,31,2331,1718,2633,2565,0
187,32,2331,1718,2705,1885,0
187,33,2331,1718,2153,2262,0
187,34,2331,1718,387,708,0
187,35,2331,1718,2510,1697,0
187,36,2331,1718,648,2898,0
187,37,2331,1718,652,1817,0
187,38,2331,1718,1578,698,0
187,39,2331,1718,2296,2101,0
187,40,2331,1718,1931,2689,0
187,41,2331,1718,526,1595,0
187,42,2331,1718,2293,1825,1
187,43,2331,1718,533,1404,0
187,44,2331,1718,2655,608,0
187,45,2331,1718,1891,927,0
187,46,2331,1718,362,551,0
187,47,2331,1718,517,432,0
187,48,2331,1718,554,2611,0
187,49,2331,1718,2495,1015,0
187,50,2331,1718,582,952,0
187,51,2331,1718,2325,1655,0
187,52,2331,1718,627,564,0
187,53,2331,1718,118,1718,0
187,54,2331,1718,1703,700,0
187,55,2331,1718,1698,1595,0
187,56,2331,1718,2867,2916,0
187,57,2331,1718,2436,1514,0
187,58,2331,1718,2012,2768,0
187,59,2331,1718,2307,1019,0
187,60,2331,1718,59,2441,0
187,61,2331,1718,1399,1108,0
187,62,2331,1718,2643,1912,0
187,63,2331,1718,2219,2119,0
187,64,2331,1718,2401,2202,0
187,65,2331,1718,387,1838,0
187,66,2331,1718,1601,1532,0
187,67,2331,1718,2837,72,0
187,68,2331,1718,1391,2951,0
187,69,2331,1718,595,1317,0
187,70,2331,1718,2920,540,0
187,71,2331,1718,2816,2465,0
187,72,2331,1718,2231,1907,0
187,73,2331,1718,1470,2429,0
187,74,2331,1718,2847,1382,0
187,75,2331,1718,1398,2370,0
187,76,2331,1718,1762,2756,0
187,77,2331,1718,95,1819,0
187,78,2331,1718,2814,2784,0
187,79,2331,1718,2728,847,0
187,80,2331,1718,1380,2542,0
187,81,2331,1718,1722,2778,0
187,82,2331,1718,2181,2634,0
187,83,2331,1718,2405,2720,0
187,84,2331,1718,2862,2797,0
187,85,2331,1718,598,2000,0
187,86,2331,1718,2675,1916,0
187,87,2331,1718,2094,513,0
187,88,2331,1718,89,2129,0
187,89,2331,1718,1347,973,0
187,90,2331,1718,1412,647,0
187,91,2331,1718,2716,1699,0
187,92,2331,1718,2679,301,0
187,93,2331,1718,2086,1982,0
187,94,2331,1718,750,2399,0
187,95,2331,1718,503,2249,0
187,96,2331,1718,1529,2820,0
187,97,2331,1718,116,1176,0
187,98,2331,1718,692,2813,0
187,99,2331,1718,231,639,0
187,100,2331,1718,2740,2598,0
187,101,2331,1718,224,2208,0
187,102,2331,1718,1683,724,0
187,103,2331,1718,1276,2330,0
187,104,2331,1718,107,933,0
187,105,2331,1718,1480,2153,0
187,106,2331,1718,891,1933,0
187,107,2331,1718,2849,2170,0
187,108,2331,1718,1226,2205,0
187,109,2331,1718,1117,460,0
187,110,2331,1718,1597,111,0
187,111,2331,1718,2174,2704,0
187,112,2331,1718,811,90,0
187,113,2331,1718,260,692,0
187,114,2331,1718,1967,1969,0
187,115,2331,1718,1133,2946,0
187,116,2331,1718,786,2901,0
187,117,2331,1718,312,1389,0
187,118,2331,1718,2476,340,0
187,119,2331,1718,2362,2436,0
187,120,2331,1718,1679,1396,0
187,121,2331,1718,2646,1977,0
187,122,2331,1718,1769,2613,0
187,123,2331,1718,636,2906,0
187,124,2331,1718,2503,2888,0
187,125,2331,1718,727,2051,0
187,126,2331,1718,339,2092,0
187,127,2331,1718,2559,1995,0
187,128,2331,1718,1491,2896,0
187,129,2331,1718,2256,1576,0
187,130,2331,1718,335,2848,0
187,131,2331,1718,1279,994,0
187,132,2331,1718,191,2042,0
187,133,2331,1718,2815,2594,0
187,134,2331,1718,1341,659,0
187,135,2331,1718,202,1952,0
187,136,2331,1718,2049,235,0
187,137,2331,1718,949,365,0
187,138,2331,1718,442,484,0
187,139,2331,1718,1496,989,0
187,140,2331,1718,1432,2260,0
187,141,2331,1718,378,1386,0
187,142,2331,1718,251,778,0
187,143,2331,1718,483,113,0
187,144,2331,1718,2426,100,0
187,145,2331,1718,2388,1563,0
187,146,2331,1718,2427,2993,0
187,147,2331,1718,1415,940,0
187,148,2331,1718,40,1221,0
187,149,2331,1718,415,137,0
187,150,2331,1718,256,2140,0
187,151,2331,1718,90,1522,0
187,152,2331,1718,1589,989,0
187,153,2331,1718,341,205,0
187,154,2331,1718,883,1339,0
187,155,2331,1718,280,1464,0
187,156,2331,1718,1201,2822,0
187,157,2331,1718,2942,1389,0
187,158,2331,1718,1138,2750,0
187,159,2331,1718,2639,1778,0
187,160,2331,1718,662,429,0
187,161,2331,1718,652,7,0
187,162,2331,1718,2034,2057,0
187,163,2331,1718,2854,2051,0
187,164,2331,1718,1441,1791,0
187,165,2331,1718,2428,256,0
187,166,2331,1718,112,2528,0
187,167,2331,1718,2873,2538,0
187,168,2331,1718,2900,823,0
187,169,2331,1718,263,2591,0
187,170,2331,1718,486,2698,0
187,171,2331,1718,568,150,0
187,172,2331,1718,1194,2604,0
187,173,2331,1718,1563,2193,0
187,174,2331,1718,882,2764,0
187,175,2331,1718,1800,2849,0
187,176,2331,1718,58,2694,0
187,177,2331,1718,2845,282,0
187,178,2331,1718,2776,2400,0
187,179,2331,1718,2493,1574,0
187,180,2331,1718,1075,1910,0
187,181,2331,1718,449,428,0
187,182,2331,1718,2039,1945,0
187,183,2331,1718,2887,271,0
187,184,2331,1718,1400,2901,0
187,185,2331,1718,2908,1118,0
187,186,2331,1718,1650,1604,0
187,188,2331,1718,1439,133,0
187,189,2331,1718,42,79,0
187,190,2331,1718,1558,1707,0
187,191,2331,1718,177,1143,0
187,192,2331,1718,2585,1501,0
187,193,2331,1718,888,374,0
187,194,2331,1718,263,2834,0
187,195,2331,1718,1595,2302,0
188,0,1439,133,434,320,0
188,1,1439,133,571,1612,0
188,2,1439,133,135,2521,0
188,3,1439,133,1047,2342,0
188,4,1439,133,1231,1324,0
188,5,1439,133,675,751,0
188,6,1439,133,1122,987,0
188,7,1439,133,242,2916,0
188,8,1439,133,1743,2319,0
188,9,1439,133,2618,754,0
188,10,1439,133,2910,1478,0
188,11,1439,133,2108,832,0
188,12,1439,133,2,1143,0
188,13,1439,133,1115,2279,0
188,14,1439,133,1977,415,0
188,15,1439,133,2226,1439,0
188,16,1439,133,2325,1601,0
188,17,1439,133,2489,1612,0
188,18,1439,133,488,2077,0
188,19,1439,133,1366,798,0
188,20,1439,133,190,1364,0
188,21,1439,133,2898,1873,0
188,22,1439,133,2802,484,0
188,23,1439,133,1769,1361,0
188,24,1439,133,1719,2907,0
188,25,1439,133,203,816,0
188,26,1439,133,1401,1966,0
188,27,1439,133,565,2022,0
188,28,1439,133,2418,1484,0
188,29,1439,133,2744,2458,0
188,30,1439,133,2840,2909,0
188,31,1439,133,2633,2565,0
188,32,1439,133,2705,1885,0
188,33,1439,133,2153,2262,0
188,34,1439,133,387,708,0
188,35,1439,133,2510,1697,0
188,36,1439,133,648,2898,0
188,37,1439,133,652,1817,0
188,38,1439,133,1578,698,0
188,39,1439,133,2296,2101,0
188,40,1439,133,1931,2689,0
188,41,1439,133,526,1595,0
188,42,1439,133,2293,1825,0
188,43,1439,133,533,1404,0
188,44,1439,133,2655,608,0
188,45,1439,133,1891,927,0
188,46,1439,133,362,551,0
188,47,1439,133,517,432,0
188,48,1439,133,554,2611,0
188,49,1439,133,2495,1015,0
188,50,1439,133,582,952,0
188,51,1439,133,2325,1655,0
188,52,1439,133,627,564,0
188,53,1439,133,118,1718,0
188,54,1439,133,1703,700,0
188,55,1439,133,1698,1595,0
188,56,1439,133,2867,2916,0
188,57,1439,133,2436,1514,0
188,58,1439,133,2012,2768,0
188,59,1439,133,2307,1019,0
188,60,1439,133,59,2441,0
188,61,1439,133,1399,1108,0
188,62,1439,133,2643,1912,0
188,63,1439,133,2219,2119,0
188,64,1439,133,2401,2202,0
188,65,1439,133,387,1838,0
188,66,1439,133,1601,1532,0
188,67,1439,133,2837,72,0
188,68,1439,133,1391,2951,0
188,69,1439,133,595,1317,0
188,70,1439,133,2920,540,0
188,71,1439,133,2816,2465,0
188,72,1439,133,2231,1907,0
188,73,1439,133,1470,2429,0
188,74,1439,133,2847,1382,0
188,75,1439,133,1398,2370,0
188,76,1439,133,1762,2756,0
188,77,1439,133,95,1819,0
188,78,1439,133,2814,2784,0
188,79,1439,133,2728,847,0
188,80,1439,133,1380,2542,0
188,81,1439,133,1722,2778,0
188,82,1439,133,2181,2634,0
188,83,1439,133,2405,2720,0
188,84,1439,133,2862,2797,0
188,85,1439,133,598,2000,0
188,86,1439,133,2675,1916,0
188,87,1439,133,2094,513,0
188,88,1439,133,89,2129,0
188,89,1439,133,1347,973,0
188,90,1439,133,1412,647,0
188,91,1439,133,2716,1699,0
188,92,1439,133,2679,301,0
188,93,1439,133,2086,1982,0
188,94,1439,133,750,2399,0
188,95,1439,133,503,2249,0
188,96,1439,133,1529,2820,0
188,97,1439,133,116,1176,0
188,98,1439,133,692,2813,0
188,99,1439,133,231,639,0
188,100,1439,133,2740,2598,0
188,101,1439,133,224,2208,0
188,102,1439,133,1683,724,0
188,103,1439,133,1276,2330,0
188,104,1439,133,107,933,0
188,105,1439,133,1480,2153,0
188,106,1439,133,891,1933,0
188,107,1439,133,2849,2170,0
188,108,1439,133,1226,2205,0
188,109,1439,133,1117,460,0
188,110,1439,133,1597,111,1
188,111,1439,133,2174,2704,0
188,112,1439,133,811,90,0
188,113,1439,133,260,692,0
188,114,1439,133,1967,1969,0
188,115,1439,133,1133,2946,0
188,116,1439,133,786,2901,0
188,117,1439,133,312,1389,0
188,118,1439,133,2476,340,0
188,119,1439,133,2362,2436,0
188,120,1439,133,1679,1396,0
188,121,1439,133,2646,1977,0
188,122,1439,133,1769,2613,0
188,123,1439,133,636,2906,0
188,124,1439,133,2503,2888,0
188,125,1439,133,727,2051,0
188,126,1439,133,339,2092,0
188,127,1439,133,2559,1995,0
188,128,1439,133,1491,2896,0
188,129,1439,133,2256,1576,0
188,130,1439,133,335,2848,0
188,131,1439,133,1279,994,0
188,132,1439,133,191,2042,0
188,133,1439,133,2815,2594,0
188,134,1439,133,1341,659,0
188,135,1439,133,202,1952,0
188,136,1439,133,2049,235,0
188,137,1439,133,949,365,0
188,138,1439,133,442,484,0
188,139,1439,133,1496,989,0
188,140,1439,133,1432,2260,0
188,141,1439,133,378,1386,0
188,142,1439,133,251,778,0
188,143,1439,133,483,113,0
188,144,1439,133,2426,100,0
188,145,1439,133,2388,1563,0
188,146,1439,133,2427,2993,0
188,147,1439,133,1415,940,0
188,148,1439,133,40,1221,0
188,149,1439,133,415,137,0
188,150,1439,133,256,2140,0
188,151,1439,133,90,1522,0
188,152,1439,133,1589,989,0
188,153,1439,133,341,205,0
188,154,1439,133,883,1339,0
188,155,1439,133,280,1464,0
188,156,1439,133,1201,2822,0
188,157,1439,133,2942,1389,0
188,158,1439,133,1138,2750,0
188,159,1439,133,2639,1778,0
188,160,1439,133,662,429,0
188,161,1439,133,652,7,0
188,162,1439,133,2034,2057,0
188,163,1439,133,2854,2051,0
188,164,1439,133,1441,1791,0
188,165,1439,133,2428,256,0
188,166,1439,133,112,2528,0
188,167,1439,133,2873,2538,0
188,168,1439,133,2900,823,0
188,169,1439,133,263,2591,0
188,170,1439,133,486,2698,0
188,171,1439,133,568,150,0
188,172,1439,133,1194,2604,0
188,173,1439,133,1563,2193,0
188,174,1439,133,882,2764,0
188,175,1439,133,1800,2849,0
188,176,1439,133,58,2694,0
188,177,1439,133,2845,282,0
188,178,1439,133,2776,2400,0
188,179,1439,133,2493,1574,0
188,180,1439,133,1075,1910,0
188,181,1439,133,449,428,0
188,182,1439,133,2039,1945,0
188,183,1439,133,2887,271,0
188,184,1439,133,1400,2901,0
188,185,1439,133,2908,1118,0
188,186,1439,133,1650,1604,0
188,187,1439,133,2331,1718,0
188,189,1439,133,42,79,0
188,190,1439,133,1558,1707,0
188,191,1439,133,177,1143,0
188,192,1439,133,2585,1501,0
188,193,1439,133,888,374,0
188,194,1439,133,263,2834,0
188,195,1439,133,1595,2302,0
189,0,42,79,434,320,0
189,1,42,79,571,1612,0
189,2,42,79,135,2521,0
189,3,42,79,1047,2342,0
189,4,42,79,1231,1324,0
189,5,42,79,675,751,0
189,6,42,79,1122,987,0
189,7,42,79,242,2916,0
189,8,42,79,1743,2319,0
189,9,42,79,2618,754,0
189,10,42,79,2910,1478,0
189,11,42,79,2108,832,0
189,12,42,79,2,1143,0
189,13,42,79,1115,2279,0
189,14,42,79,1977,415,0
189,15,42,79,2226,1439,0
189,16,42,79,2325,1601,0
189,17,42,79,2489,1612,0
189,18,42,79,488,2077,0
189,19,42,79,1366,798,0
189,20,42,79,190,1364,0
189,21,42,79,2898,1873,0
189,22,42,79,2802,484,0
189,23,42,79,1769,1361,0
189,24,42,79,1719,2907,0
189,25,42,79,203,816,0
189,26,42,79,1401,1966,0
189,27,42,79,565,2022,0
189,28,42,79,2418,1484,0
189,29,42,79,2744,2458,0
189,30,42,79,2840,2909,0
189,31,42,79,2633,2565,0
189,32,42,79,2705,1885,0
189,33,42,79,2153,2262,0
189,34,42,79,387,708,0
189,35,42,79,2510,1697,0
189,36,42,79,648,2898,0
189,37,42,79,652,1817,0
189,38,42,79,1578,698,0
189,39,42,79,2296,2101,0
189,40,42,79,1931,2689,0
189,41,42,79,526,1595,0
189,42,42,79,2293,1825,0
189,43,42,79,533,1404,0
189,44,42,79,2655,608,0
189,45,42,79,1891,927,0
189,46,42,79,362,551,0
189,47,42,79,517,432,0
189,48,42,79,554,2611,0
189,49,42,79,2495,1015,0
189,50,42,79,582,952,0
189,51,42,79,2325,1655,0
189,52,42,79,627,564,0
189,53,42,79,118,1718,0
189,54,42,79,1703,700,0
189,55,42,79,1698,1595,0
189,56,42,79,2867,2916,0
189,57,42,79,2436,1514,0
189,58,42,79,2012,2768,0
189,59,42,79,2307,1019,0
189,60,42,79,59,2441,0
189,61,42,79,1399,1108,0
189,62,42,79,2643,1912,0
189,63,42,79,2219,2119,0
189,64,42,79,2401,2202,0
189,65,42,79,387,1838,0
189,66,42,79,1601,1532,0
189,67,42,79,2837,72,0
189,68,42,79,1391,2951,0
189,69,42,79,595,1317,0
189,70,42,79,2920,540,0
189,71,42,79,2816,2465,0
189,72,42,79,2231,1907,0
189,73,42,79,1470,2429,0
189,74,42,79,2847,1382,0
189,75,42,79,1398,2370,0
189,76,42,79,1762,2756,0
189,77,42,79,95,1819,0
189,78,42,79,2814,2784,0
189,79,42,79,2728,847,0
189,80,42,79,1380,2542,0
189,81,42,79,1722,2778,0
189,82,42,79,2181,2634,0
189,83,42,79,2405,2720,0
189,84,42,79,2862,2797,0
189,85,42,79,598,2000,0
189,86,42,79,2675,1916,0
189,87,42,79,2094,513,0
189,88,42,79,89,2129,0
189,89,42,79,1347,973,0
189,90,42,79,1412,647,0
189,91,42,79,2716,1699,0
189,92,42,79,2679,301,0
189,93,42,79,2086,1982,0
189,94,42,79,750,2399,0
189,95,42,79,503,2249,0
189,96,42,79,1529,2820,0
189,97,42,79,116,1176,0
189,98,42,79,692,2813,0
189,99,42,79,231,639,0
189,100,42,79,2740,2598,0
189,101,42,79,224,2208,0
189,102,42,79,1683,724,0
189,103,42,79,1276,2330,0
189,104,42,79,107,933,0
189,105,42,79,1480,2153,0
189,106,42,79,891,1933,0
189,107,42,79,2849,2170,0
189,108,42,79,1226,2205,0
189,109,42,79,1117,460,0
189,110,42,79,1597,111,0
189,111,42,79,2174,2704,0
189,112,42,79,811,90,0
189,113,42,79,260,692,0
189,114,42,79,1967,1969,0
189,115,42,79,1133,2946,0
189,116,42,79,786,2901,0
189,117,42,79,312,1389,0
189,118,42,79,2476,340,0
189,119,42,79,2362,2436,0
189,120,42,79,1679,1396,0
189,121,42,79,2646,1977,0
189,122,42,79,1769,2613,0
189,123,42,79,636,2906,0
189,124,42,79,2503,2888,0
189,125,42,79,727,2051,0
189,126,42,79,339,2092,0
189,127,42,79,2559,1995,0
189,128,42,79,1491,2896,0
189,129,42,79,2256,1576,0
189,130,42,79,335,2848,0
189,131,42,79,1279,994,0
189,132,42,79,191,2042,0
189,133,42,79,2815,2594,0
189,134,42,79,1341,659,0
189,135,42,79,202,1952,0
189,136,42,79,2049,235,0
189,137,42,79,949,365,0
189,138,42,79,442,484,0
189,139,42,79,1496,989,0
189,140,42,79,1432,2260,0
189,141,42,79,378,1386,0
189,142,42,79,251,778,0
189,143,42,79,483,113,0
189,144,42,79,2426,100,0
189,145,42,79,2388,1563,0
189,146,42,79,2427,2993,0
189,147,42,79,1415,940,0
189,148,42,79,40,1221,0
189,149,42,79,415,137,1
189,150,42,79,256,2140,0
189,151,42,79,90,1522,0
189,152,42,79,1589,989,0
189,153,42,79,341,205,0
189,154,42,79,883,1339,0
189,155,42,79,280,1464,0
189,156,42,79,1201,2822,0
189,157,42,79,2942,1389,0
189,158,42,79,1138,2750,0
189,159,42,79,2639,1778,0
189,160,42,79,662,429,0
189,161,42,79,652,7,0
189,162,42,79,2034,2057,0
189,163,42,79,2854,2051,0
189,164,42,79,1441,1791,0
189,165,42,79,2428,256,0
189,166,42,79,112,2528,0
189,167,42,79,2873,2538,0
189,168,42,79,2900,823,0
189,169,42,79,263,2591,0
189,170,42,79,486,2698,0
189,171,42,79,568,150,0
189,172,42,79,1194,2604,0
189,173,42,79,1563,2193,0
189,174,42,79,882,2764,0
189,175,42,79,1800,2849,0
189,176,42,79,58,2694,0
189,177,42,79,2845,282,0
189,178,42,79,2776,2400,0
189,179,42,79,2493,1574,0
189,180,42,79,1075,1910,0
189,181,42,79,449,428,0
189,182,42,79,2039,1945,0
189,183,42,79,2887,271,0
189,184,42,79,1400,2901,0
189,185,42,79,2908,1118,0
189,186,42,79,1650,1604,0
189,187,42,79,2331,1718,0
189,188,42,79,1439,133,0
189,190,42,79,1558,1707,0
189,191,42,79,177,1143,0
189,192,42,79,2585,1501,0
189,193,42,79,888,374,0
189,194,42,79,263,2834,0
189,195,42,79,1595,2302,0
190,0,1558,1707,434,320,0
190,1,1558,1707,571,1612,0
190,2,1558,1707,135,2521,0
190,3,1558,1707,1047,2342,0
190,4,1558,1707,1231,1324,0
190,5,1558,1707,675,751,0
190,6,1558,1707,1122,987,0
190,7,1558,1707,242,2916,0
190,8,1558,1707,1743,2319,0
190,9,1558,1707,2618,754,0
190,10,1558,1707,2910,1478,0
190,11,1558,1707,2108,832,0
190,12,1558,1707,2,1143,0
190,13,1558,1707,1115,2279,0
190,14,1558,1707,1977,415,0
190,15,1558,1707,2226,1439,0
190,16,1558,1707,2325,1601,0
190,17,1558,1707,2489,1612,0
190,18,1558,1707,488,2077,0
190,19,1558,1707,1366,798,0
190,20,1558,1707,190,1364,0
190,21,1558,1707,2898,1873,0
190,22,1558,1707,2802,484,0
190,23,1558,1707,1769,1361,0
190,24,1558,1707,1719,2907,0
190,25,1558,1707,203,816,0
190,26,1558,1707,1401,1966,0
190,27,1558,1707,565,2022,0
190,28,1558,1707,2418,1484,0
190,29,1558,1707,2744,2458,0
190,30,1558,1707,2840,2909,0
190,31,1558,1707,2633,2565,0
190,32,1558,1707,2705,1885,0
190,33,1558,1707,2153,2262,0
190,34,1558,1707,387,708,0
190,35,1558,1707,2510,1697,0
190,36,1558,1707,648,2898,0
190,37,1558,1707,652,1817,0
190,38,1558,1707,1578,698,0
190,39,1558,1707,2296,2101,0
190,40,1558,1707,1931,2689,0
190,41,1558,1707,526,1595,0
190,42,1558,1707,2293,1825,0
190,43,1558,1707,533,1404,0
190,44,1558,1707,2655,608,0
190,45,1558,1707,1891,927,0
190,46,1558,1707,362,551,0
190,47,1558,1707,517,432,0
190,48,1558,1707,554,2611,0
190,49,1558,1707,2495,1015,0
190,50,1558,1707,582,952,0
190,51,1558,1707,2325,1655,0
190,52,1558,1707,627,564,0
190,53,1558,1707,118,1718,0
190,54,1558,1707,1703,700,0
190,55,1558,1707,1698,1595,0
190,56,1558,1707,2867,2916,0
190,57,1558,1707,2436,1514,0
190,58,1558,1707,2012,2768,0
190,59,1558,1707,2307,1019,0
190,60,1558,1707,59,2441,0
190,61,1558,1707,1399,1108,0
190,62,1558,1707,2643,1912,0
190,63,1558,1707,2219,2119,0
190,64,1558,1707,2401,2202,0
190,65,1558,1707,387,1838,0
190,66,1558,1707,1601,1532,0
190,67,1558,1707,2837,72,0
190,68,1558,1707,1391,2951,0
190,69,1558,1707,595,1317,0
190,70,1558,1707,2920,540,0
190,71,1558,1707,2816,2465,0
190,72,1558,1707,2231,1907,0
190,73,1558,1707,1470,2429,0
190,74,1558,1707,2847,1382,0
190,75,1558,1707,1398,2370,0
190,76,1558,1707,1762,2756,0
190,77,1558,1707,95,1819,0
190,78,1558,1707,2814,2784,0
190,79,1558,1707,2728,847,0
190,80,1558,1707,1380,2542,0
190,81,1558,1707,1722,2778,0
190,82,1558,1707,2181,2634,0
190,83,1558,1707,2405,2720,0
190,84,1558,1707,2862,2797,0
190,85,1558,1707,598,2000,0
190,86,1558,1707,2675,1916,0
190,87,1558,1707,2094,513,0
190,88,1558,1707,89,2129,0
190,89,1558,1707,1347,973,0
190,90,1558,1707,1412,647,0
190,91,1558,1707,2716,1699,0
190,92,1558,1707,2679,301,0
190,93,1558,1707,2086,1982,0
190,94,1558,1707,750,2399,0
190,95,1558,1707,503,2249,0
190,96,1558,1707,1529,2820,0
190,97,1558,1707,116,1176,0
190,98,1558,1707,692,2813,0
190,99,1558,1707,231,639,0
190,100,1558,1707,2740,2598,0
190,101,1558,1707,224,2208,0
190,102,1558,1707,1683,724,0
190,103,1558,1707,1276,2330,0
190,104,1558,1707,107,933,0
190,105,1558,1707,1480,2153,0
190,106,1558,1707,891,1933,0
190,107,1558,1707,2849,2170,0
190,108,1558,1707,1226,2205,0
190,109,1558,1707,1117,460,0
190,110,1558,1707,1597,111,0
190,111,1558,1707,2174,2704,0
190,112,1558,1707,811,90,0
190,113,1558,1707,260,692,0
190,114,1558,1707,1967,1969,0
190,115,1558,1707,1133,2946,0
190,116,1558,1707,786,2901,0
190,117,1558,1707,312,1389,0
190,118,1558,1707,2476,340,0
190,119,1558,1707,2362,2436,0
190,120,1558,1707,1679,1396,0
190,121,1558,1707,2646,1977,0
190,122,1558,1707,1769,2613,0
190,123,1558,1707,636,2906,0
190,124,1558,1707,2503,2888,0
190,125,1558,1707,727,2051,0
190,126,1558,1707,339,2092,0
190,127,1558,1707,2559,1995,0
190,128,1558,1707,1491,2896,0
190,129,1558,1707,2256,1576,0
190,130,1558,1707,335,2848,0
190,131,1558,1707,1279,994,0
190,132,1558,1707,191,2042,0
190,133,1558,1707,2815,2594,0
190,134,1558,1707,1341,659,0
190,135,1558,1707,202,1952,0
190,136,1558,1707,2049,235,0
190,137,1558,1707,949,365,0
190,138,1558,1707,442,484,0
190,139,1558,1707,1496,989,0
190,140,1558,1707,1432,2260,0
190,141,1558,1707,378,1386,0
190,142,1558,1707,251,778,0
190,143,1558,1707,483,113,0
190,144,1558,1707,2426,100,0
190,145,1558,1707,2388,1563,0
190,146,1558,1707,2427,2993,0
190,147,1558,1707,1415,940,0
190,148,1558,1707,40,1221,0
190,149,1558,1707,415,137,0
190,150,1558,1707,256,2140,0
190,151,1558,1707,90,1522,0
190,152,1558,1707,1589,989,0
190,153,1558,1707,341,205,0
190,154,1558,1707,883,1339,0
190,155,1558,1707,280,1464,0
190,156,1558,1707,1201,2822,0
190,157,1558,1707,2942,1389,0
190,158,1558,1707,1138,2750,0
190,159,1558,1707,2639,1778,0
190,160,1558,1707,662,429,0
190,161,1558,1707,652,7,0
190,162,1558,1707,2034,2057,0
190,163,1558,1707,2854,2051,0
190,164,1558,1707,1441,1791,0
190,165,1558,1707,2428,256,0
190,166,1558,1707,112,2528,0
190,167,1558,1707,2873,2538,0
190,168,1558,1707,2900,823,0
190,169,1558,1707,263,2591,0
190,170,1558,1707,486,2698,0
190,171,1558,1707,568,150,0
190,172,1558,1707,1194,2604,0
190,173,1558,1707,1563,2193,0
190,174,1558,1707,882,2764,0
190,175,1558,1707,1800,2849,0
190,176,1558,1707,58,2694,0
190,177,1558,1707,2845,282,0
190,178,1558,1707,2776,2400,0
190,179,1558,1707,2493,1574,0
190,180,1558,1707,1075,1910,0
190,181,1558,1707,449,428,0
190,182,1558,1707,2039,1945,0
190,183,1558,1707,2887,271,0
190,184,1558,1707,1400,2901,0
190,185,1558,1707,2908,1118,0
190,186,1558,1707,1650,1604,1
190,187,1558,1707,2331,1718,0
190,188,1558,1707,1439,133,0
190,189,1558,1707,42,79,0
190,191,1558,1707,177,1143,0
190,192,1558,1707,2585,1501,0
190,193,1558,1707,888,374,0
190,194,1558,1707,263,2834,0
190,195,1558,1707,1595,2302,0
191,0,177,1143,434,320,0
191,1,177,1143,571,1612,0
191,2,177,1143,135,2521,0
191,3,177,1143,1047,2342,0
191,4,177,1143,1231,1324,0
191,5,177,1143,675,751,0
191,6,177,1143,1122,987,0
191,7,177,1143,242,2916,0
191,8,177,1143,1743,2319,0
191,9,177,1143,2618,754,0
191,10,177,1143,2910,1478,0
191,11,177,1143,2108,832,0
191,12,177,1143,2,1143,0
191,13,177,1143,1115,2279,0
191,14,177,1143,1977,415,0
191,15,177,1143,2226,1439,0
191,16,177,1143,2325,1601,0
191,17,177,1143,2489,1612,0
191,18,177,1143,488,2077,0
191,19,177,1143,1366,798,0
191,20,177,1143,190,1364,0
191,21,177,1143,2898,1873,0
191,22,177,1143,2802,484,0
191,23,177,1143,1769,1361,0
191,24,177,1143,1719,2907,0
191,25,177,1143,203,816,0
191,26,177,1143,1401,1966,0
191,27,177,1143,565,2022,0
191,28,177,1143,2418,1484,0
191,29,177,1143,2744,2458,0
191,30,177,1143,2840,2909,0
191,31,177,1143,2633,2565,0
191,32,177,1143,2705,1885,0
191,33,177,1143,2153,2262,0
191,34,177,1143,387,708,0
191,35,177,1143,2510,1697,0
191,36,177,1143,648,2898,0
191,37,177,1143,652,1817,0
191,38,177,1143,1578,698,0
191,39,177,1143,2296,2101,0
191,40,177,1143,1931,2689,0
191,41,177,1143,526,1595,0
191,42,177,1143,2293,1825,0
191,43,177,1143,533,1404,0
191,44,177,1143,2655,608,0
191,45,177,1143,1891,927,0
191,46,177,1143,362,551,0
191,47,177,1143,517,432,0
191,48,177,1143,554,2611,0
191,49,177,1143,2495,1015,0
191,50,177,1143,582,952,0
191,51,177,1143,2325,1655,0
191,52,177,1143,627,564,0
191,53,177,1143,118,1718,0
191,54,177,1143,1703,700,0
191,55,177,1143,1698,1595,0
191,56,177,1143,2867,2916,0
191,57,177,1143,2436,1514,0
191,58,177,1143,2012,2768,0
191,59,177,1143,2307,1019,0
191,60,177,1143,59,2441,0
191,61,177,1143,1399,1108,0
191,62,177,1143,2643,1912,0
191,63,177,1143,2219,2119,0
191,64,177,1143,2401,2202,0
191,65,177,1143,387,1838,0
191,66,177,1143,1601,1532,0
191,67,177,1143,2837,72,0
191,68,177,1143,1391,2951,0
191,69,177,1143,595,1317,0
191,70,177,1143,2920,540,0
191,71,177,1143,2816,2465,0
191,72,177,1143,2231,1907,0
191,73,177,1143,1470,2429,0
191,74,177,1143,2847,1382,0
191,75,177,1143,1398,2370,0
191,76,177,1143,1762,2756,0
191,77,177,1143,95,1819,0
191,78,177,1143,2814,2784,0
191,79,177,1143,2728,847,0
191,80,177,1143,1380,2542,0
191,81,177,1143,1722,2778,0
191,82,177,1143,2181,2634,0
191,83,177,1143,2405,2720,0
191,84,177,1143,2862,2797,0
191,85,177,1143,598,2000,0
191,86,177,1143,2675,1916,0
191,87,177,1143,2094,513,0
191,88,177,1143,89,2129,0
191,89,177,1143,1347,973,0
191,90,177,1143,1412,647,0
191,91,177,1143,2716,1699,0
191,92,177,1143,2679,301,0
191,93,177,1143,2086,1982,0
191,94,177,1143,750,2399,0
191,95,177,1143,503,2249,0
191,96,177,1143,1529,2820,0
191,97,177,1143,116,1176,1
191,98,177,1143,692,2813,0
191,99,177,1143,231,639,0
191,100,177,1143,2740,2598,0
191,101,177,1143,224,2208,0
191,102,177,1143,1683,724,0
191,103,177,1143,1276,2330,0
191,104,177,1143,107,933,0
191,105,177,1143,1480,2153,0
191,106,177,1143,891,1933,0
191,107,177,1143,2849,2170,0
191,108,177,1143,1226,2205,0
191,109,177,1143,1117,460,0
191,110,177,1143,1597,111,0
191,111,177,1143,2174,2704,0
191,112,177,1143,811,90,0
191,113,177,1143,260,692,0
191,114,177,1143,1967,1969,0
191,115,177,1143,1133,2946,0
191,116,177,1143,786,2901,0
191,117,177,1143,312,1389,0
191,118,177,1143,2476,340,0
191,119,177,1143,2362,2436,0
191,120,177,1143,1679,1396,0
191,121,177,1143,2646,1977,0
191,122,177,1143,1769,2613,0
191,123,177,1143,636,2906,0
191,124,177,1143,2503,2888,0
191,125,177,1143,727,2051,0
191,126,177,1143,339,2092,0
191,127,177,1143,2559,1995,0
191,128,177,1143,1491,2896,0
191,129,177,1143,2256,1576,0
191,130,177,1143,335,2848,0
191,131,177,1143,1279,994,0
191,132,177,1143,191,2042,0
191,133,177,1143,2815,2594,0
191,134,177,1143,1341,659,0
191,135,177,1143,202,1952,0
191,136,177,1143,2049,235,0
191,137,177,1143,949,365,0
191,138,177,1143,442,484,0
191,139,177,1143,1496,989,0
191,140,177,1143,1432,2260,0
191,141,177,1143,378,1386,0
191,142,177,1143,251,778,0
191,143,177,1143,483,113,0
191,144,177,1143,2426,100,0
191,145,177,1143,2388,1563,0
191,146,177,1143,2427,2993,0
191,147,177,1143,1415,940,0
191,148,177,1143,40,1221,0
191,149,177,1143,415,137,0
191,150,177,1143,256,2140,0
191,151,177,1143,90,1522,0
191,152,177,1143,1589,989,0
191,153,177,1143,341,205,0
191,154,177,1143,883,1339,0
191,155,177,1143,280,1464,0
191,156,177,1143,1201,2822,0
191,157,177,1143,2942,1389,0
191,158,177,1143,1138,2750,0
191,159,177,1143,2639,1778,0
191,160,177,1143,662,429,0
191,161,177,1143,652,7,0
191,162,177,1143,2034,2057,0
191,163,177,1143,2854,2051,0
191,164,177,1143,1441,1791,0
191,165,177,1143,2428,256,0
191,166,177,1143,112,2528,0
191,167,177,1143,2873,2538,0
191,168,177,1143,2900,823,0
191,169,177,1143,263,2591,0
191,170,177,1143,486,2698,0
191,171,177,1143,568,150,0
191,172,177,1143,1194,2604,0
191,173,177,1143,1563,2193,0
191,174,177,1143,882,2764,0
191,175,177,1143,1800,2849,0
191,176,177,1143,58,2694,0
191,177,177,1143,2845,282,0
191,178,177,1143,2776,2400,0
191,179,177,1143,2493,1574,0
191,180,177,1143,1075,1910,0
191,181,177,1143,449,428,0
191,182,177,1143,2039,1945,0
191,183,177,1143,2887,271,0
191,184,177,1143,1400,2901,0
191,185,177,1143,2908,1118,0
191,186,177,1143,1650,1604,0
191,187,177,1143,2331,1718,0
191,188,177,1143,1439,133,0
191,189,177,1143,42,79,0
191,190,177,1143,1558,1707,0
191,192,177,1143,2585,1501,0
191,193,177,1143,888,374,0
191,194,177,1143,263,2834,0
191,195,177,1143,1595,2302,0
192,0,2585,1501,434,320,0
192,1,2585,1501,571,1612,0
192,2,2585,1501,135,2521,0
192,3,2585,1501,1047,2342,0
192,4,2585,1501,1231,1324,0
192,5,2585,1501,675,751,0
192,6,2585,1501,1122,987,0
192,7,2585,1501,242,2916,0
192,8,2585,1501,1743,2319,0
192,9,2585,1501,2618,754,0
192,10,2585,1501,2910,1478,0
192,11,2585,1501,2108,832,0
192,12,2585,1501,2,1143,0
192,13,2585,1501,1115,2279,0
192,14,2585,1501,1977,415,0
192,15,2585,1501,2226,1439,0
192,16,2585,1501,2325,1601,0
192,17,2585,1501,2489,1612,0
192,18,2585,1501,488,2077,0
192,19,2585,1501,1366,798,0
192,20,2585,1501,190,1364,0
192,21,2585,1501,2898,1873,0
192,22,2585,1501,2802,484,0
192,23,2585,1501,1769,1361,0
192,24,2585,1501,1719,2907,0
192,25,2585,1501,203,816,0
192,26,2585,1501,1401,1966,0
192,27,2585,1501,565,2022,0
192,28,2585,1501,2418,1484,0
192,29,2585,1501,2744,2458,0
192,30,2585,1501,2840,2909,0
192,31,2585,1501,2633,2565,0
192,32,2585,1501,2705,1885,0
192,33,2585,1501,2153,2262,0
192,34,2585,1501,387,708,0
192,35,2585,1501,2510,1697,0
192,36,2585,1501,648,2898,0
192,37,2585,1501,652,1817,0
192,38,2585,1501,1578,698,0
192,39,2585,1501,2296,2101,0
192,40,2585,1501,1931,2689,0
192,41,2585,1501,526,1595,0
192,42,2585,1501,2293,1825,0
192,43,2585,1501,533,1404,0
192,44,2585,1501,2655,608,0
192,45,2585,1501,1891,927,0
192,46,2585,1501,362,551,0
192,47,2585,1501,517,432,0
192,48,2585,1501,554,2611,0
192,49,2585,1501,2495,1015,0
192,50,2585,1501,582,952,0
192,51,2585,1501,2325,1655,0
192,52,2585,1501,627,564,0
192,53,2585,1501,118,1718,0
192,54,2585,1501,1703,700,0
192,55,2585,1501,1698,1595,0
192,56,2585,1501,2867,2916,0
192,57,2585,1501,2436,1514,1
192,58,2585,1501,2012,2768,0
192,59,2585,1501,2307,1019,0
192,60,2585,1501,59,2441,0
192,61,2585,1501,1399,1108,0
192,62,2585,1501,2643,1912,0
192,63,2585,1501,2219,2119,0
192,64,2585,1501,2401,2202,0
192,65,2585,1501,387,1838,0
192,66,2585,1501,1601,1532,0
192,67,2585,1501,2837,72,0
192,68,2585,1501,1391,2951,0
192,69,2585,1501,595,1317,0
192,70,2585,1501,2920,540,0
192,71,2585,1501,2816,2465,0
192,72,2585,1501,2231,1907,0
192,73,2585,1501,1470,2429,0
192,74,2585,1501,2847,1382,0
192,75,2585,1501,1398,2370,0
192,76,2585,1501,1762,2756,0
192,77,2585,1501,95,1819,0
192,78,2585,1501,2814,2784,0
192,79,2585,1501,2728,847,0
192,80,2585,1501,1380,2542,0
192,81,2585,1501,1722,2778,0
192,82,2585,1501,2181,2634,0
192,83,2585,1501,2405,2720,0
192,84,2585,1501,2862,2797,0
192,85,2585,1501,598,2000,0
192,86,2585,1501,2675,1916,0
192,87,2585,1501,2094,513,0
192,88,2585,1501,89,2129,0
192,89,2585,1501,1347,973,0
192,90,2585,1501,1412,647,0
192,91,2585,1501,2716,1699,0
192,92,2585,1501,2679,301,0
192,93,2585,1501,2086,1982,0
192,94,2585,1501,750,2399,0
192,95,2585,1501,503,2249,0
192,96,2585,1501,1529,2820,0
192,97,2585,1501,116,1176,0
192,98,2585,1501,692,2813,0
192,99,2585,1501,231,639,0
192,100,2585,1501,2740,2598,0
192,101,2585,1501,224,2208,0
192,102,2585,1501,1683,724,0
192,103,2585,1501,1276,2330,0
192,104,2585,1501,107,933,0
192,105,2585,1501,1480,2153,0
192,106,2585,1501,891,1933,0
192,107,2585,1501,2849,2170,0
192,108,2585,1501,1226,2205,0
192,109,2585,1501,1117,460,0
192,110,2585,1501,1597,111,0
192,111,2585,1501,2174,2704,0
192,112,2585,1501,811,90,0
192,113,2585,1501,260,692,0
192,114,2585,1501,1967,1969,0
192,115,2585,1501,1133,2946,0
192,116,2585,1501,786,2901,0
192,117,2585,1501,312,1389,0
192,118,2585,1501,2476,340,0
192,119,2585,1501,2362,2436,0
192,120,2585,1501,1679,1396,0
192,121,2585,1501,2646,1977,0
192,122,2585,1501,1769,2613,0
192,123,2585,1501,636,2906,0
192,124,2585,1501,2503,2888,0
192,125,2585,1501,727,2051,0
192,126,2585,1501,339,2092,0
192,127,2585,1501,2559,1995,0
192,128,2585,1501,1491,2896,0
192,129,2585,1501,2256,1576,0
192,130,2585,1501,335,2848,0
192,131,2585,1501,1279,994,0
192,132,2585,1501,191,2042,0
192,133,2585,1501,2815,2594,0
192,134,2585,1501,1341,659,0
192,135,2585,1501,202,1952,0
192,136,2585,1501,2049,235,0
192,137,2585,1501,949,365,0
192,138,2585,1501,442,484,0
192,139,2585,1501,1496,989,0
192,140,2585,1501,1432,2260,0
192,141,2585,1501,378,1386,0
192,142,2585,1501,251,778,0
192,143,2585,1501,483,113,0
192,144,2585,1501,2426,100,0
192,145,2585,1501,2388,1563,0
192,146,2585,1501,2427,2993,0
192,147,2585,1501,1415,940,0
192,148,2585,1501,40,1221,0
192,149,2585,1501,415,137,0
192,150,2585,1501,256,2140,0
192,151,2585,1501,90,1522,0
192,152,2585,1501,1589,989,0
192,153,2585,1501,341,205,0
192,154,2585,1501,883,1339,0
192,155,2585,1501,280,1464,0
192,156,2585,1501,1201,2822,0
192,157,2585,1501,2942,1389,0
192,158,2585,1501,1138,2750,0
192,159,2585,1501,2639,1778,0
192,160,2585,1501,662,429,0
192,161,2585,1501,652,7,0
192,162,2585,1501,2034,2057,0
192,163,2585,1501,2854,2051,0
192,164,2585,1501,1441,1791,0
192,165,2585,1501,2428,256,0
192,166,2585,1501,112,2528,0
192,167,2585,1501,2873,2538,0
192,168,2585,1501,2900,823,0
192,169,2585,1501,263,2591,0
192,170,2585,1501,486,2698,0
192,171,2585,1501,568,150,0
192,172,2585,1501,1194,2604,0
192,173,2585,1501,1563,2193,0
192,174,2585,1501,882,2764,0
192,175,2585,1501,1800,2849,0
192,176,2585,1501,58,2694,0
192,177,2585,1501,2845,282,0
192,178,2585,1501,2776,2400,0
192,179,2585,1501,2493,1574,0
192,180,2585,1501,1075,1910,0
192,181,2585,1501,449,428,0
192,182,2585,1501,2039,1945,0
192,183,2585,1501,2887,271,0
192,184,2585,1501,1400,2901,0
192,185,2585,1501,2908,1118,0
192,186,2585,1501,1650,1604,0
192,187,2585,1501,2331,1718,0
192,188,2585,1501,1439,133,0
192,189,2585,1501,42,79,0
192,190,2585,1501,1558,1707,0
192,191,2585,1501,177,1143,0
192,193,2585,1501,888,374,0
192,194,2585,1501,263,2834,0
192,195,2585,1501,1595,2302,0
193,0,888,374,434,320,0
193,1,888,374,571,1612,0
193,2,888,374,135,2521,0
193,3,888,374,1047,2342,0
193,4,888,374,1231,1324,0
193,5,888,374,675,751,0
193,6,888,374,1122,987,0
193,7,888,374,242,2916,0
193,8,888,374,1743,2319,0
193,9,888,374,2618,754,0
193,10,888,374,2910,1478,0
193,11,888,374,2108,832,0
193,12,888,374,2,1143,0
193,13,888,374,1115,2279,0
193,14,888,374,1977,415,0
193,15,888,374,2226,1439,0
193,16,888,374,2325,1601,0
193,17,888,374,2489,1612,0
193,18,888,374,488,2077,0
193,19,888,374,1366,798,0
193,20,888,374,190,1364,0
193,21,888,374,2898,1873,0
193,22,888,374,2802,484,0
193,23,888,374,1769,1361,0
193,24,888,374,1719,2907,0
193,25,888,374,203,816,0
193,26,888,374,1401,1966,0
193,27,888,374,565,2022,0
193,28,888,374,2418,1484,0
193,29,888,374,2744,2458,0
193,30,888,374,2840,2909,0
193,31,888,374,2633,2565,0
193,32,888,374,2705,1885,0
193,33,888,374,2153,2262,0
193,34,888,374,387,708,0
193,35,888,374,2510,1697,0
193,36,888,374,648,2898,0
193,37,888,374,652,1817,0
193,38,888,374,1578,698,0
193,39,888,374,2296,2101,0
193,40,888,374,1931,2689,0
193,41,888,374,526,1595,0
193,42,888,374,2293,1825,0
193,43,888,374,533,1404,0
193,44,888,374,2655,608,0
193,45,888,374,1891,927,0
193,46,888,374,362,551,0
193,47,888,374,517,432,0
193,48,888,374,554,2611,0
193,49,888,374,2495,1015,0
193,50,888,374,582,952,0
193,51,888,374,2325,1655,0
193,52,888,374,627,564,0
193,53,888,374,118,1718,0
193,54,888,374,1703,700,0
193,55,888,374,1698,1595,0
193,56,888,374,2867,2916,0
193,57,888,374,2436,1514,0
193,58,888,374,2012,2768,0
193,59,888,374,2307,1019,0
193,60,888,374,59,2441,0
193,61,888,374,1399,1108,0
193,62,888,374,2643,1912,0
193,63,888,374,2219,2119,0
193,64,888,374,2401,2202,0
193,65,888,374,387,1838,0
193,66,888,374,1601,1532,0
193,67,888,374,2837,72,0
193,68,888,374,1391,2951,0
193,69,888,374,595,1317,0
193,70,888,374,2920,540,0
193,71,888,374,2816,2465,0
193,72,888,374,2231,1907,0
193,73,888,374,1470,2429,0
193,74,888,374,2847,1382,0
193,75,888,374,1398,2370,0
193,76,888,374,1762,2756,0
193,77,888,374,95,1819,0
193,78,888,374,2814,2784,0
193,79,888,374,2728,847,0
193,80,888,374,1380,2542,0
193,81,888,374,1722,2778,0
193,82,888,374,2181,2634,0
193,83,888,374,2405,2720,0
193,84,888,374,2862,2797,0
193,85,888,374,598,2000,0
193,86,888,374,2675,1916,0
193,87,888,374,2094,513,0
193,88,888,374,89,2129,0
193,89,888,374,1347,973,0
193,90,888,374,1412,647,0
193,91,888,374,2716,1699,0
193,92,888,374,2679,301,0
193,93,888,374,2086,1982,0
193,94,888,374,750,2399,0
193,95,888,374,503,2249,0
193,96,888,374,1529,2820,0
193,97,888,374,116,1176,0
193,98,888,374,692,2813,0
193,99,888,374,231,639,0
193,100,888,374,2740,2598,0
193,101,888,374,224,2208,0
193,102,888,374,1683,724,0
193,103,888,374,1276,2330,0
193,104,888,374,107,933,0
193,105,888,374,1480,2153,0
193,106,888,374,891,1933,0
193,107,888,374,2849,2170,0
193,108,888,374,1226,2205,0
193,109,888,374,1117,460,0
193,110,888,374,1597,111,0
193,111,888,374,2174,2704,0
193,112,888,374,811,90,0
193,113,888,374,260,692,0
193,114,888,374,1967,1969,0
193,115,888,374,1133,2946,0
193,116,888,374,786,2901,0
193,117,888,374,312,1389,0
193,118,888,374,2476,340,0
193,119,888,374,2362,2436,0
193,120,888,374,1679,1396,0
193,121,888,374,2646,1977,0
193,122,888,374,1769,2613,0
193,123,888,374,636,2906,0
193,124,888,374,2503,2888,0
193,125,888,374,727,2051,0
193,126,888,374,339,2092,0
193,127,888,374,2559,1995,0
193,128,888,374,1491,2896,0
193,129,888,374,2256,1576,0
193,130,888,374,335,2848,0
193,131,888,374,1279,994,0
193,132,888,374,191,2042,0
193,133,888,374,2815,2594,0
193,134,888,374,1341,659,0
193,135,888,374,202,1952,0
193,136,888,374,2049,235,0
193,137,888,374,949,365,1
193,138,888,374,442,484,0
193,139,888,374,1496,989,0
193,140,888,374,1432,2260,0
193,141,888,374,378,1386,0
193,142,888,374,251,778,0
193,143,888,374,483,113,0
193,144,888,374,2426,100,0
193,145,888,374,2388,1563,0
193,146,888,374,2427,2993,0
193,147,888,374,1415,940,0
193,148,888,374,40,1221,0
193,149,888,374,415,137,0
193,150,888,374,256,2140,0
193,151,888,374,90,1522,0
193,152,888,374,1589,989,0
193,153,888,374,341,205,0
193,154,888,374,883,1339,0
193,155,888,374,280,1464,0
193,156,888,374,1201,2822,0
193,157,888,374,2942,1389,0
193,158,888,374,1138,2750,0
193,159,888,374,2639,1778,0
193,160,888,374,662,429,0
193,161,888,374,652,7,0
193,162,888,374,2034,2057,0
193,163,888,374,2854,2051,0
193,164,888,374,1441,1791,0
193,165,888,374,2428,256,0
193,166,888,374,112,2528,0
193,167,888,374,2873,2538,0
193,168,888,374,2900,823,0
193,169,888,374,263,2591,0
193,170,888,374,486,2698,0
193,171,888,374,568,150,0
193,172,888,374,1194,2604,0
193,173,888,374,1563,2193,0
193,174,888,374,882,2764,0
193,175,888,374,1800,2849,0
193,176,888,374,58,2694,0
193,177,888,374,2845,282,0
193,178,888,374,2776,2400,0
193,179,888,374,2493,1574,0
193,180,888,374,1075,1910,0
193,181,888,374,449,428,0
193,182,888,374,2039,1945,0
193,183,888,374,2887,271,0
193,184,888,374,1400,2901,0
193,185,888,374,2908,1118,0
193,186,888,374,1650,1604,0
193,187,888,374,2331,1718,0
193,188,888,374,1439,133,0
193,189,888,374,42,79,0
193,190,888,374,1558,1707,0
193,191,888,374,177,1143,0
193,192,888,374,2585,1501,0
193,194,888,374,263,2834,0
193,195,888,374,1595,2302,0
194,0,263,2834,434,320,0
194,1,263,2834,571,1612,0
194,2,263,2834,135,2521,0
194,3,263,2834,1047,2342,0
194,4,263,2834,1231,1324,0
194,5,263,2834,675,751,0
194,6,263,2834,1122,987,0
194,7,263,2834,242,2916,1
194,8,263,2834,1743,2319,0
194,9,263,2834,2618,754,0
194,10,263,2834,2910,1478,0
194,11,263,2834,2108,832,0
194,12,263,2834,2,1143,0
194,13,263,2834,1115,2279,0
194,14,263,2834,1977,415,0
194,15,263,2834,2226,1439,0
194,16,263,2834,2325,1601,0
194,17,263,2834,2489,1612,0
194,18,263,2834,488,2077,0
194,19,263,2834,1366,798,0
194,20,263,2834,190,1364,0
194,21,263,2834,2898,1873,0
194,22,263,2834,2802,484,0
194,23,263,2834,1769,1361,0
194,24,263,2834,1719,2907,0
194,25,263,2834,203,816,0
194,26,263,2834,1401,1966,0
194,27,263,2834,565,2022,0
194,28,263,2834,2418,1484,0
194,29,263,2834,2744,2458,0
194,30,263,2834,2840,2909,0
194,31,263,2834,2633,2565,0
194,32,263,2834,2705,1885,0
194,33,263,2834,2153,2262,0
194,34,263,2834,387,708,0
194,35,263,2834,2510,1697,0
194,36,263,2834,648,2898,0
194,37,263,2834,652,1817,0
194,38,263,2834,1578,698,0
194,39,263,2834,2296,2101,0
194,40,263,2834,1931,2689,0
194,41,263,2834,526,1595,0
194,42,263,2834,2293,1825,0
194,43,263,2834,533,1404,0
194,44,263,2834,2655,608,0
194,45,263,2834,1891,927,0
194,46,263,2834,362,551,0
194,47,263,2834,517,432,0
194,48,263,2834,554,2611,0
194,49,263,2834,2495,1015,0
194,50,263,2834,582,952,0
194,51,263,2834,2325,1655,0
194,52,263,2834,627,564,0
194,53,263,2834,118,1718,0
194,54,263,2834,1703,700,0
194,55,263,2834,1698,1595,0
194,56,263,2834,2867,2916,0
194,57,263,2834,2436,1514,0
194,58,263,2834,2012,2768,0
194,59,263,2834,2307,1019,0
194,60,263,2834,59,2441,0
194,61,263,2834,1399,1108,0
194,62,263,2834,2643,1912,0
194,63,263,2834,2219,2119,0
194,64,263,2834,2401,2202,0
194,65,263,2834,387,1838,0
194,66,263,2834,1601,1532,0
194,67,263,2834,2837,72,0
194,68,263,2834,1391,2951,0
194,69,263,2834,595,1317,0
194,70,263,2834,2920,540,0
194,71,263,2834,2816,2465,0
194,72,263,2834,2231,1907,0
194,73,263,2834,1470,2429,0
194,74,263,2834,2847,1382,0
194,75,263,2834,1398,2370,0
194,76,263,2834,1762,2756,0
194,77,263,2834,95,1819,0
194,78,263,2834,2814,2784,0
194,79,263,2834,2728,847,0
194,80,263,2834,1380,2542,0
194,81,263,2834,1722,2778,0
194,82,263,2834,2181,2634,0
194,83,263,2834,2405,2720,0
194,84,263,2834,2862,2797,0
194,85,263,2834,598,2000,0
194,86,263,2834,2675,1916,0
194,87,263,2834,2094,513,0
194,88,263,2834,89,2129,0
194,89,263,2834,1347,973,0
194,90,263,2834,1412,647,0
194,91,263,2834,2716,1699,0
194,92,263,2834,2679,301,0
194,93,263,2834,2086,1982,0
194,94,263,2834,750,2399,0
194,95,263,2834,503,2249,0
194,96,263,2834,1529,2820,0
194,97,263,2834,116,1176,0
194,98,263,2834,692,2813,0
194,99,263,2834,231,639,0
194,100,263,2834,2740,2598,0
194,101,263,2834,224,2208,0
194,102,263,2834,1683,724,0
194,103,263,2834,1276,2330,0
194,104,263,2834,107,933,0
194,105,263,2834,1480,2153,0
194,106,263,2834,891,1933,0
194,107,263,2834,2849,2170,0
194,108,263,2834,1226,2205,0
194,109,263,2834,1117,460,0
194,110,263,2834,1597,111,0
194,111,263,2834,2174,2704,0
194,112,263,2834,811,90,0
194,113,263,2834,260,692,0
194,114,263,2834,1967,1969,0
194,115,263,2834,1133,2946,0
194,116,263,2834,786,2901,0
194,117,263,2834,312,1389,0
194,118,263,2834,2476,340,0
194,119,263,2834,2362,2436,0
194,120,263,2834,1679,1396,0
194,121,263,2834,2646,1977,0
194,122,263,2834,1769,2613,0
194,123,263,2834,636,2906,0
194,124,263,2834,2503,2888,0
194,125,263,2834,727,2051,0
194,126,263,2834,339,2092,0
194,127,263,2834,2559,1995,0
194,128,263,2834,1491,2896,0
194,129,263,2834,2256,1576,0
194,130,263,2834,335,2848,0
194,131,263,2834,1279,994,0
194,132,263,2834,191,2042,0
194,133,263,2834,2815,2594,0
194,134,263,2834,1341,659,0
194,135,263,2834,202,1952,0
194,136,263,2834,2049,235,0
194,137,263,2834,949,365,0
194,138,263,2834,442,484,0
194,139,263,2834,1496,989,0
194,140,263,2834,1432,2260,0
194,141,263,2834,378,1386,0
194,142,263,2834,251,778,0
194,143,263,2834,483,113,0
194,144,263,2834,2426,100,0
194,145,263,2834,2388,1563,0
194,146,263,2834,2427,2993,0
194,147,263,2834,1415,940,0
194,148,263,2834,40,1221,0
194,149,263,2834,415,137,0
194,150,263,2834,256,2140,0
194,151,263,2834,90,1522,0
194,152,263,2834,1589,989,0
194,153,263,2834,341,205,0
194,154,263,2834,883,1339,0
194,155,263,2834,280,1464,0
194,156,263,2834,1201,2822,0
194,157,263,2834,2942,1389,0
194,158,263,2834,1138,2750,0
194,159,263,2834,2639,1778,0
194,160,263,2834,662,429,0
194,161,263,2834,652,7,0
194,162,263,2834,2034,2057,0
194,163,263,2834,2854,2051,0
194,164,263,2834,1441,1791,0
194,165,263,2834,2428,256,0
194,166,263,2834,112,2528,0
194,167,263,2834,2873,2538,0
194,168,263,2834,2900,823,0
194,169,263,2834,263,2591,0
194,170,263,2834,486,2698,0
194,171,263,2834,568,150,0
194,172,263,2834,1194,2604,0
194,173,263,2834,1563,2193,0
194,174,263,2834,882,2764,0
194,175,263,2834,1800,2849,0
194,176,263,2834,58,2694,0
194,177,263,2834,2845,282,0
194,178,263,2834,2776,2400,0
194,179,263,2834,2493,1574,0
194,180,263,2834,1075,1910,0
194,181,263,2834,449,428,0
194,182,263,2834,2039,1945,0
194,183,263,2834,2887,271,0
194,184,263,2834,1400,2901,0
194,185,263,2834,2908,1118,0
194,186,263,2834,1650,1604,0
194,187,263,2834,2331,1718,0
194,188,263,2834,1439,133,0
194,189,263,2834,42,79,0
194,190,263,2834,1558,1707,0
194,191,263,2834,177,1143,0
194,192,263,2834,2585,1501,0
194,193,263,2834,888,374,0
194,195,263,2834,1595,2302,0
195,0,1595,2302,434,320,0
195,1,1595,2302,571,1612,0
195,2,1595,2302,135,2521,0
195,3,1595,2302,1047,2342,0
195,4,1595,2302,1231,1324,0
195,5,1595,2302,675,751,0
195,6,1595,2302,1122,987,0
195,7,1595,2302,242,2916,0
195,8,1595,2302,1743,2319,1
195,9,1595,2302,2618,754,0
195,10,1595,2302,2910,1478,0
195,11,1595,2302,2108,832,0
195,12,1595,2302,2,1143,0
195,13,1595,2302,1115,2279,0
195,14,1595,2302,1977,415,0
195,15,1595,2302,2226,1439,0
195,16,1595,2302,2325,1601,0
195,17,1595,2302,2489,1612,0
195,18,1595,2302,488,2077,0
195,19,1595,2302,1366,798,0
195,20,1595,2302,190,1364,0
195,21,1595,2302,2898,1873,0
195,22,1595,2302,2802,484,0
195,23,1595,2302,1769,1361,0
195,24,1595,2302,1719,2907,0
195,25,1595,2302,203,816,0
195,26,1595,2302,1401,1966,0
195,27,1595,2302,565,2022,0
195,28,1595,2302,2418,1484,0
195,29,1595,2302,2744,2458,0
195,30,1595,2302,2840,2909,0
195,31,1595,2302,2633,2565,0
195,32,1595,2302,2705,1885,0
195,33,1595,2302,2153,2262,0
195,34,1595,2302,387,708,0
195,35,1595,2302,2510,1697,0
195,36,1595,2302,648,2898,0
195,37,1595,2302,652,1817,0
195,38,1595,2302,1578,698,0
195,39,1595,2302,2296,2101,0
195,40,1595,2302,1931,2689,0
195,41,1595,2302,526,1595,0
195,42,1595,2302,2293,1825,0
195,43,1595,2302,533,1404,0
195,44,1595,2302,2655,608,0
195,45,1595,2302,1891,927,0
195,46,1595,2302,362,551,0
195,47,1595,2302,517,432,0
195,48,1595,2302,554,2611,0
195,49,1595,2302,2495,1015,0
195,50,1595,2302,582,952,0
195,51,1595,2302,2325,1655,0
195,52,1595,2302,627,564,0
195,53,1595,2302,118,1718,0
195,54,1595,2302,1703,700,0
195,55,1595,2302,1698,1595,0
195,56,1595,2302,2867,2916,0
195,57,1595,2302,2436,1514,0
195,58,1595,2302,2012,2768,0
195,59,1595,2302,2307,1019,0
195,60,1595,2302,59,2441,0
195,61,1595,2302,1399,1108,0
195,62,1595,2302,2643,1912,0
195,63,1595,2302,2219,2119,0
195,64,1595,2302,2401,2202,0
195,65,1595,2302,387,1838,0
195,66,1595,2302,1601,1532,0
195,67,1595,2302,2837,72,0
195,68,1595,2302,1391,2951,0
195,69,1595,2302,595,1317,0
195,70,1595,2302,2920,540,0
195,71,1595,2302,2816,2465,0
195,72,1595,2302,2231,1907,0
195,73,1595,2302,1470,2429,0
195,74,1595,2302,2847,1382,0
195,75,1595,2302,1398,2370,0
195,76,1595,2302,1762,2756,0
195,77,1595,2302,95,1819,0
195,78,1595,2302,2814,2784,0
195,79,1595,2302,2728,847,0
195,80,1595,2302,1380,2542,0
195,81,1595,2302,1722,2778,0
195,82,1595,2302,2181,2634,0
195,83,1595,2302,2405,2720,0
195,84,1595,2302,2862,2797,0
195,85,1595,2302,598,2000,0
195,86,1595,2302,2675,1916,0
195,87,1595,2302,2094,513,0
195,88,1595,2302,89,2129,0
195,89,1595,2302,1347,973,0
195,90,1595,2302,1412,647,0
195,91,1595,2302,2716,1699,0
195,92,1595,2302,2679,301,0
195,93,1595,2302,2086,1982,0
195,94,1595,2302,750,2399,0
195,95,1595,2302,503,2249,0
195,96,1595,2302,1529,2820,0
195,97,1595,2302,116,1176,0
195,98,1595,2302,692,2813,0
195,99,1595,2302,231,639,0
195,100,1595,2302,2740,2598,0
195,101,1595,2302,224,2208,0
195,102,1595,2302,1683,724,0
195,103,1595,2302,1276,2330,0
195,104,1595,2302,107,933,0
195,105,1595,2302,1480,2153,0
195,106,1595,2302,891,1933,0
195,107,1595,2302,2849,2170,0
195,108,1595,2302,1226,2205,0
195,109,1595,2302,1117,460,0
195,110,1595,2302,1597,111,0
195,111,1595,2302,2174,2704,0
195,112,1595,2302,811,90,0
195,113,1595,2302,260,692,0
195,114,1595,2302,1967,1969,0
195,115,1595,2302,1133,2946,0
195,116,1595,2302,786,2901,0
195,117,1595,2302,312,1389,0
195,118,1595,2302,2476,340,0
195,119,1595,2302,2362,2436,0
195,120,1595,2302,1679,1396,0
195,121,1595,2302,2646,1977,0
195,122,1595,2302,1769,2613,0
195,123,1595,2302,636,2906,0
195,124,1595,2302,2503,2888,0
195,125,1595,2302,727,2051,0
195,126,1595,2302,339,2092,0
195,127,1595,2302,2559,1995,0
195,128,1595,2302,1491,2896,0
195,129,1595,2302,2256,1576,0
195,130,1595,2302,335,2848,0
195,131,1595,2302,1279,994,0
195,132,1595,2302,191,2042,0
195,133,1595,2302,2815,2594,0
195,134,1595,2302,1341,659,0
195,135,1595,2302,202,1952,0
195,136,1595,2302,2049,235,0
195,137,1595,2302,949,365,0
195,138,1595,2302,442,484,0
195,139,1595,2302,1496,989,0
195,140,1595,2302,1432,2260,0
195,141,1595,2302,378,1386,0
195,142,1595,2302,251,778,0
195,143,1595,2302,483,113,0
195,144,1595,2302,2426,100,0
195,145,1595,2302,2388,1563,0
195,146,1595,2302,2427,2993,0
195,147,1595,2302,1415,940,0
195,148,1595,2302,40,1221,0
195,149,1595,2302,415,137,0
195,150,1595,2302,256,2140,0
195,151,1595,2302,90,1522,0
195,152,1595,2302,1589,989,0
195,153,1595,2302,341,205,0
195,154,1595,2302,883,1339,0
195,155,1595,2302,280,1464,0
195,156,1595,2302,1201,2822,0
195,157,1595,2302,2942,1389,0
195,158,1595,2302,1138,2750,0
195,159,1595,2302,2639,1778,0
195,160,1595,2302,662,429,0
195,161,1595,2302,652,7,0
195,162,1595,2302,2034,2057,0
195,163,1595,2302,2854,2051,0
195,164,1595,2302,1441,1791,0
195,165,1595,2302,2428,256,0
195,166,1595,2302,112,2528,0
195,167,1595,2302,2873,2538,0
195,168,1595,2302,2900,823,0
195,169,1595,2302,263,2591,0
195,170,1595,2302,486,2698,0
195,171,1595,2302,568,150,0
195,172,1595,2302,1194,2604,0
195,173,1595,2302,1563,2193,0
195,174,1595,2302,882,2764,0
195,175,1595,2302,1800,2849,0
195,176,1595,2302,58,2694,0
195,177,1595,2302,2845,282,0
195,178,1595,2302,2776,2400,0
195,179,1595,2302,2493,1574,0
195,180,1595,2302,1075,1910,0
195,181,1595,2302,449,428,0
195,182,1595,2302,2039,1945,0
195,183,1595,2302,2887,271,0
195,184,1595,2302,1400,2901,0
195,185,1595,2302,2908,1118,0
195,186,1595,2302,1650,1604,0
195,187,1595,2302,2331,1718,0
195,188,1595,2302,1439,133,0
195,189,1595,2302,42,79,0
195,190,1595,2302,1558,1707,0
195,191,1595,2302,177,1143,0
195,192,1595,2302,2585,1501,0
195,193,1595,2302,888,374,0
195,194,1595,2302,263,2834,0
